0,1,2,3,4,5,6,7,8,9,10,11,12,13,14,15,16,17,18,19,20,21,22,23,24,25,26,27,28,29,30,31,32,33,34,35,36,37,38,39,40,41,42,43,44,45,46,47,48,49,50,51,52,53,54,55,56,57,58,59,60,61,62,63,64,65,66,67,68,69,70,71,72,73,74,75,76,77,78,79,80,81,82,83,84,85,86,87,88,89,90,91,92,93,94,95,96,97,98,99,100,101,102,103,104,105,106,107,108,109,110,111,112,113,114,115,116,117,118,119,120,121,122,123,124,125,126,127,128,129,130,131,132,133,134,135,136,137,138,139,140,141,142,143,144,145,146,147,148,149,150,151,152,153,154,155,156,157,158,159,160,161,162,163,164,165,166,167,168,169,170,171,172,173,174,175,176,177,178,179,180,181,182,183,184,185,186,187,188,189,190,191,192,193,194,195,196,197,198,199,200,201,202,203,204,205,206,207,208,209,210,211,212,213,214,215,216,217,218,219,220,221,222,223,224,225,226,227,228,229,230,231,232,233,234,235,236,237,238,239,240,241,242,243,244,245,246,247,248,249,250,251,252,253,254,255,256,257,258,259,260,261,262,263,264,265,266,267,268,269,270,271,272,273,274,275,276,277,278,279,280,281,282,283,284,285,286,287,288,289,290,291,292,293,294,295,296,297,298,299,300,301,302,303,304,305,306,307,308,309,310,311,312,313,314,315,316,317,318,319,320,321,322,323,324,325,326,327,328,329,330,331,332,333,334,335,336,337,338,339,340,341,342,343,344,345,346,347,348,349,350,351,352,353,354,355,356,357,358,359,360,361,362,363,364,365,366,367,368,369,370,371,372,373,374,375,376,377,378,379,380,381,382,383,384,385,386,387,388,389,390,391,392,393,394,395,396,397,398,399,400,401,402,403,404,405,406,407,408,409,410,411,412,413,414,415,416,417,418,419,420,421,422,423,424,425,426,427,428,429,430,431,432,433,434,435,436,437,438,439,440,441,442,443,444,445,446,447,448,449,450,451,452,453,454,455,456,457,458,459,460,461,462,463,464,465,466,467,468,469,470,471,472,473,474,475,476,477,478,479,480,481,482,483,484,485,486,487,488,489,490,491,492,493,494,495,496,497,498,499,500,501,502,503,504,505,506,507,508,509,510,511,512,513,514,515,516,517,518,519,520,521,522,523,524,525,526,527,528,529,530,531,532,533,534,535,536,537,538,539,540,541,542,543,544,545,546,547,548,549,550,551,552,553,554,555,556,557,558,559,560,561,562,563,564,565,566,567,568,569,570,571,572,573,574,575,576,577,578,579,580,581,582,583,584,585,586,587,588,589,590,591,592,593,594,595,596,597,598,599,600,601,602,603,604,605,606,607,608,609,610,611,612,613,614,615,616,617,618,619,620,621,622,623,624,625,626,627,628,629,630,631,632,633,634,635,636,637,638,639,640,641,642,643,644,645,646,647,648,649,650,651,652,653,654,655,656,657,658,659,660,661,662,663,664,665,666,667,668,669,670,671,672,673,674,675,676,677,678,679,680,681,682,683,684,685,686,687,688,689,690,691,692,693,694,695,696,697,698,699,700,701,702,703,704,705,706,707,708,709,710,711,712,713,714,715,716,717,718,719,720,721,722,723,724,725,726,727,728,729,730,731,732,733,734,735,736,737,738,739,740,741,742,743,744,745,746,747,748,749,750,751,752,753,754,755,756,757,758,759,760,761,762,763,764,765,766,767,768,769,770,771,772,773,774,775,776,777,778,779,780,781,782,783,784,785,786,787,788,789,790,791,792,793,794,795,796,797,798,799,800,801,802,803,804,805,806,807,808,809,810,811,812,813,814,815,816,817,818,819,820,821,822,823,824,825,826,827,828,829,830,831,832,833,834,835,836,837,838,839,840,841,842,843,844,845,846,847,848,849,850,851,852,853,854,855,856,857,858,859,860,861,862,863,864,865,866,867,868,869,870,871,872,873,874,875,876,877,878,879,880,881,882,883,884,885,886,887,888,889,890,891,892,893,894,895,896,897,898,899,900,901,902,903,904,905,906,907,908,909,910,911,912,913,914,915,916,917,918,919,920,921,922,923,924,925,926,927,928,929,930,931,932,933,934,935,936,937,938,939,940,941,942,943,944,945,946,947,948,949,950,951,952,953,954,955,956,957,958,959,960,961,962,963,964,965,966,967,968,969,970,971,972,973,974,975,976,977,978,979,980,981,982,983,984,985,986,987,988,989,990,991,992,993,994,995,996,997,998,999,1000,1001,1002,1003,1004,1005,1006,1007,1008,1009,1010,1011,1012,1013,1014,1015,1016,1017,1018,1019,1020,1021,1022,1023,1024,1025,1026,1027,1028,1029,1030,1031,1032,1033,1034,1035,1036,1037,1038,1039,1040,1041,1042,1043,1044,1045,1046,1047,1048,1049,1050,1051,1052,1053,1054,1055,1056,1057,1058,1059,1060,1061,1062,1063,1064,1065,1066,1067,1068,1069,1070,1071,1072,1073,1074,1075,1076,1077,1078,1079,1080,1081,1082,1083,1084,1085,1086,1087,1088,1089,1090,1091,1092,1093,1094,1095,1096,1097,1098,1099,1100,1101,1102,1103,1104,1105,1106,1107,1108,1109,1110,1111,1112,1113,1114,1115,1116,1117,1118,1119,1120,1121,1122,1123,1124,1125,1126,1127,1128,1129,1130,1131,1132,1133,1134,1135,1136,1137,1138,1139,1140,1141,1142,1143,1144,1145,1146,1147,1148,1149,1150,1151,1152,1153,1154,1155,1156,1157,1158,1159,1160,1161,1162,1163,1164,1165,1166,1167,1168,1169,1170,1171,1172,1173,1174,1175,1176,1177,1178,1179,1180,1181,1182,1183,1184,1185,1186,1187,1188,1189,1190,1191,1192,1193,1194,1195,1196,1197,1198,1199,1200,1201,1202,1203,1204,1205,1206,1207,1208,1209,1210,1211,1212,1213,1214,1215,1216,1217,1218,1219,1220,1221,1222,1223,1224,1225,1226,1227,1228,1229,1230,1231,1232,1233,1234,1235,1236,1237,1238,1239,1240,1241,1242,1243,1244,1245,1246,1247,1248,1249,1250,1251,1252,1253,1254,1255,1256,1257,1258,1259,1260,1261,1262,1263,1264,1265,1266,1267,1268,1269,1270,1271,1272,1273,1274,1275,1276,1277,1278,1279,1280,1281,1282,1283,1284,1285,1286,1287,1288,1289,1290,1291,1292,1293,1294,1295,1296,1297,1298,1299,1300,1301,1302,1303,1304,1305,1306,1307,1308,1309,1310,1311,1312,1313,1314,1315,1316,1317,1318,1319,1320,1321,1322,1323,1324,1325,1326,1327,1328,1329,1330,1331,1332,1333,1334,1335,1336,1337,1338,1339,1340,1341,1342,1343,1344,1345,1346,1347,1348,1349,1350,1351,1352,1353,1354,1355,1356,1357,1358,1359,1360,1361,1362,1363,1364,1365,1366,1367,1368,1369,1370,1371,1372,1373,1374,1375,1376,1377,1378,1379,1380,1381,1382,1383,1384,1385,1386,1387,1388,1389,1390,1391,1392,1393,1394,1395,1396,1397,1398,1399,1400,1401,1402,1403,1404,1405,1406,1407,1408,1409,1410,1411,1412,1413,1414,1415,1416,1417,1418,1419,1420,1421,1422,1423,1424,1425,1426,1427,1428,1429,1430,1431,1432,1433,1434,1435,1436,1437,1438,1439,1440,1441,1442,1443,1444,1445,1446,1447,1448,1449,1450,1451,1452,1453,1454,1455,1456,1457,1458,1459,1460,1461,1462,1463,1464,1465,1466,1467,1468,1469,1470,1471,1472,1473,1474,1475,1476,1477,1478,1479,1480,1481,1482,1483,1484,1485,1486,1487,1488,1489,1490,1491,1492,1493,1494,1495,1496,1497,1498,1499,1500,1501,1502,1503,1504,1505,1506,1507,1508,1509,1510,1511,1512,1513,1514,1515,1516,1517,1518,1519,1520,1521,1522,1523,1524,1525,1526,1527,1528,1529,1530,1531,1532,1533,1534,1535,1536,1537,1538,1539,1540,1541,1542,1543,1544,1545,1546,1547,1548,1549,1550,1551,1552,1553,1554,1555,1556,1557,1558,1559,1560,1561,1562,1563,1564,1565,1566,1567,1568,1569,1570,1571,1572,1573,1574,1575,1576,1577,1578,1579,1580,1581,1582,1583,1584,1585,1586,1587,1588,1589,1590,1591,1592,1593,1594,1595,1596,1597,1598,1599,1600,1601,1602,1603,1604,1605,1606,1607,1608,1609,1610,1611,1612,1613,1614,1615,1616,1617,1618,1619,1620,1621,1622,1623,1624,1625,1626,1627,1628,1629,1630,1631,1632,1633,1634,1635,1636,1637,1638,1639,1640,1641,1642,1643,1644,1645,1646,1647,1648,1649,1650,1651,1652,1653,1654,1655,1656,1657,1658,1659,1660,1661,1662,1663,1664,1665,1666,1667,1668,1669,1670,1671,1672,1673,1674,1675,1676,1677,1678,1679,1680,1681,1682,1683,1684,1685,1686,1687,1688,1689,1690,1691,1692,1693,1694,1695,1696,1697,1698,1699,1700,1701,1702,1703,1704,1705,1706,1707,1708,1709,1710,1711,1712,1713,1714,1715,1716,1717,1718,1719,1720,1721,1722,1723,1724,1725,1726,1727,1728,1729,1730,1731,1732,1733,1734,1735,1736,1737,1738,1739,1740,1741,1742,1743,1744,1745,1746,1747,1748,1749,1750,1751,1752,1753,1754,1755,1756,1757,1758,1759,1760,1761,1762,1763,1764,1765,1766,1767,1768,1769,1770,1771,1772,1773,1774,1775,1776,1777,1778,1779,1780,1781,1782,1783,1784,1785,1786,1787,1788,1789,1790,1791,1792,1793,1794,1795,1796,1797,1798,1799,1800,1801,1802,1803,1804,1805,1806,1807,1808,1809,1810,1811,1812,1813,1814,1815,1816,1817,1818,1819,1820,1821,1822,1823,1824,1825,1826,1827,1828,1829,1830,1831,1832,1833,1834,1835,1836,1837,1838,1839,1840,1841,1842,1843,1844,1845,1846,1847,1848,1849,1850,1851,1852,1853,1854,1855,1856,1857,1858,1859,1860,1861,1862,1863,1864,1865,1866,1867,1868,1869,1870,1871,1872,1873,1874,1875,1876,1877,1878,1879,1880,1881,1882,1883,1884,1885,1886,1887,1888,1889,1890,1891,1892,1893,1894,1895,1896,1897,1898,1899,1900,1901,1902,1903,1904,1905,1906,1907,1908,1909,1910,1911,1912,1913,1914,1915,1916,1917,1918,1919,1920,1921,1922,1923,1924,1925,1926,1927,1928,1929,1930,1931,1932,1933,1934,1935,1936,1937,1938,1939,1940,1941,1942,1943,1944,1945,1946,1947,1948,1949,1950,1951,1952,1953,1954,1955,1956,1957,1958,1959,1960,1961,1962,1963,1964,1965,1966,1967,1968,1969,1970,1971,1972,1973,1974,1975,1976,1977,1978,1979,1980,1981,1982,1983,1984,1985,1986,1987,1988,1989,1990,1991,1992,1993,1994,1995,1996,1997,1998,1999,2000,2001,2002,2003,2004,2005,2006,2007,2008,2009,2010,2011,2012,2013,2014,2015,2016,2017,2018,2019,2020,2021,2022,2023,2024,2025,2026,2027,2028,2029,2030,2031,2032,2033,2034,2035,2036,2037,2038,2039,2040,2041,2042,2043,2044,2045,2046,2047
0.52170676,0.28509662,0.12610215,0.20222312,0.20459795,0.16347519,0.5090353,1.1681275,0.2731958,0.6975703,1.4011707,0.27627212,0.06847448,0.5812253,0.39727443,0.52653027,0.4360463,0.062349226,0.33668137,0.8163083,1.3618463,0.5139278,0.26001707,0.006597872,0.27273393,0.014675992,0.7227536,0.58312666,0.21564998,0.5987113,0.011594783,0.101670735,0.29408276,0.62951934,0.618492,0.1811414,0.0564287,0.05766666,0.9342294,0.19937521,1.0179887,0.38674653,0.016823526,0.03489255,1.2597399,0.13797754,0.01584069,0.76762426,0.58995557,0.28904584,0.27265435,0.18688092,0.49887127,0.9455937,0.43220535,0.56131065,0.4480449,0.122916855,0.3190412,0.30020627,0.43852973,0.087038994,0.29339325,0.23486564,0.36516315,0.043740146,0.69768906,0.12758234,0.19961953,0.09479685,0.4780872,0.22171561,0.36087286,1.612329,1.0998309,0.15500346,1.1587691,0.36825937,0.23704569,0.21528372,0.36314872,0.082047254,0.24104519,0.15996301,0.333518,0.09907074,0.61245334,0.36772132,0.050709307,0.00322172,1.096715,0.2083084,0.22215256,0.98144776,0.75550723,0.5966061,0.11245439,0.07594848,0.22397384,0.6825968,0.286667,0.1374663,0.29841337,0.4480098,0.45617577,0.32042545,0.13523358,0.11255283,0.12405693,0.14394452,0.25245088,0.03729921,0.016162544,0.120187074,1.0745766,0.3129075,0.1310803,0.2852049,0.284819,0.19613215,0.51637787,0.50863814,0.22621809,0.26205015,0.6527128,0.39681232,0.025479097,0.056541312,0.48094326,0.5501059,0.3630033,0.34659398,0.07395178,0.3279434,0.48530287,0.37120196,0.46361032,1.0928879,0.08436696,0.78044915,1.286329,0.40732485,0.088903986,0.43526852,0.7252164,0.24124636,0.77244014,0.9198307,0.37069497,0.077422395,0.5198648,0.21163386,0.38927054,0.29383,1.0393062,0.24077897,0.6819526,0.24622834,1.13972,0.14972383,0.27440518,0.8608109,0.43564528,0.16291857,0.08177042,0.44908655,0.009750167,0.5399102,0.68633336,0.7053869,0.4766565,0.5604229,0.025476575,0.77101755,0.35281625,0.35210463,0.36159104,0.33841315,0.47830194,0.21903875,0.660082,0.22491533,0.09642847,0.41720754,0.6325949,0.3256311,0.23764862,0.04297823,1.6194155,0.34585375,0.15167156,0.24229854,0.11961917,0.33983853,0.06568502,0.5242165,0.16136813,0.22238183,0.9293872,0.22823593,0.5909725,0.3589602,0.69755137,0.5611255,0.07301489,0.094044805,0.013311645,0.086205214,0.21505435,0.111584604,0.1588426,0.35748613,0.5895934,0.9250632,0.2452289,1.0402567,0.3086731,0.20198388,0.28321326,0.13305388,0.36741704,0.4581926,0.8549957,0.5130167,0.4433206,0.3216929,0.10783148,0.15180165,0.5646198,0.58984137,0.017900156,0.09390822,0.7809932,0.13295408,0.07697766,0.04941351,0.35673422,0.2555117,0.19104798,0.31421492,0.16873413,0.03400465,0.12354546,0.58331996,1.1423059,0.08847691,1.7698562,0.3333979,0.04412257,0.57877815,0.21559471,0.40682745,0.0004190876,0.8983343,0.11131251,0.09337008,0.03896803,0.41402552,0.020128036,0.6321268,0.13347197,0.03230007,0.43502876,0.36641175,0.22773066,0.43838024,0.59706974,0.30401346,1.7162287,0.14095384,0.35237908,1.0807747,0.11579427,0.2991876,0.107860915,0.4900289,0.38077724,0.19440904,0.17320672,0.12882595,0.15878028,0.15697902,0.15278709,0.4308308,1.491903,0.39968467,0.18210228,0.5521946,0.34713566,1.4431831,0.08228462,0.28561723,0.23455024,0.48085007,0.4659355,0.24720535,0.8869786,0.53661335,0.18689716,0.5012712,0.18055509,0.7161405,0.16617605,0.48162013,0.0054337,0.13611044,0.17765702,0.13677403,0.33821064,0.41137427,2.1731672,0.16389902,0.27604908,0.6017721,0.26341268,0.22542526,0.16573906,0.043499105,0.889565,0.096068904,0.25255218,0.0806003,1.2551832,0.33180118,1.0873061,1.3035073,0.062055968,0.58363765,0.5052922,0.675598,0.15464145,0.04314395,0.055846855,0.110152066,1.1555126,0.22608921,0.2495794,0.19699205,0.40331393,0.0608807,0.031103898,0.20136447,0.32228604,0.07367833,0.61702067,0.35135996,0.16937324,0.22852406,0.5978179,0.24186984,0.08673917,0.23318547,0.17082494,0.9183944,0.103434086,0.5327127,0.74443686,0.035392568,0.22180828,0.37635493,0.9793377,0.16426027,0.23613878,0.1618954,0.20920452,0.13756634,0.30260983,1.1865911,0.056380726,0.48808163,0.41946024,0.024329748,0.7751269,0.0917377,0.08748752,0.44207677,0.029196315,0.15422684,0.7996407,0.4031537,0.31348297,0.5705224,0.26751786,0.5614617,0.5610586,0.7489453,0.24425292,0.6941538,0.34690794,0.07423312,0.1821003,0.08093773,0.6053384,0.15465085,0.55470294,0.52173907,0.17308941,0.7964939,0.3529321,1.7913442,0.85922563,0.4848308,0.16613853,0.14046231,0.5006155,0.61897063,0.39527246,0.4772151,0.046168566,0.06569145,0.32301387,0.31288216,1.4904169,0.41789925,0.4683702,0.34648305,0.97197616,0.34302405,2.0545406,0.35012797,0.2414345,0.41794974,0.23114091,0.213918,0.19530676,0.98017657,0.35891572,0.15417212,1.2163985,0.41004464,0.40370846,1.2483337,0.36191785,0.024454363,2.129956,0.062328696,0.91799223,0.1984606,3.0887861,0.14269713,1.8338541,0.30989826,0.8602898,0.48356676,0.40072584,0.06365371,1.1987895,0.28054792,0.08272674,0.3583373,0.45335424,0.47456342,0.39117318,0.15521567,0.45995712,0.40083182,0.6060544,0.24701886,0.11342562,0.066672176,0.19915967,0.5683656,0.977355,0.49569714,1.2174264,0.4239053,0.04760606,1.4818786,0.21826209,0.62326545,0.06456657,0.57186484,0.15738997,0.045827266,0.5830922,3.9673839,1.4746826,0.18472299,0.6325469,0.16081576,0.642947,0.8969252,0.032460935,0.21957536,0.179725,0.21170363,0.20810759,0.029138127,0.6367885,1.572468,0.65578675,0.20558235,0.11578016,0.6101757,0.06779255,0.041090865,0.32870257,0.07754032,0.35002658,1.2762965,0.23769933,0.097917065,0.13150781,0.03515906,0.16435322,0.0,1.108833,0.059511155,0.025522998,1.3266084,0.59630144,0.14986336,0.19977838,0.29469925,0.3597179,0.10190346,0.47163558,0.3553676,0.77345884,0.42190933,0.38081926,0.3193537,0.23620743,0.2367366,0.044079185,0.44645664,0.06688671,0.2979958,0.46905753,0.10106297,0.039542682,0.6781132,0.11170914,1.1879263,0.7036922,2.5756984,1.0362239,0.008449855,0.36658424,0.04425118,0.50840235,0.59931874,0.75380117,0.70435345,1.3136262,0.004369825,0.78676546,0.016145837,0.042334877,0.46666655,0.16848704,0.0122112,0.17399767,0.12253636,0.8446501,0.24795625,1.7257075,0.7241789,0.21639651,2.5915427,0.70458126,0.6847309,0.5944996,1.5891966,0.575087,1.9674356,0.13396382,1.3331556,0.23246127,0.4218116,0.43590862,0.8021941,0.12991802,0.1840435,1.1862597,0.26447695,0.46328843,0.25159964,0.2703991,0.21847212,0.37521684,0.23863393,0.49091947,0.15044162,0.17191672,0.26918024,0.13431376,0.34752354,0.28217462,0.66219306,0.05536059,0.05202531,0.953135,0.18693283,1.2446418,0.46320653,0.51790684,0.54411656,0.45570165,0.068475604,0.093010664,0.13825032,0.38642752,1.9167583,0.28390208,0.14513151,1.5683507,0.07230616,0.44091666,1.1019104,0.20093149,0.58760643,0.18441239,0.07764879,0.2553706,0.9953003,0.97351885,0.3915286,0.58459246,0.7638348,0.49803767,0.19645473,0.4065423,0.67971337,0.064150274,1.3613608,0.17781754,0.17381005,0.087744445,0.379748,0.99198127,0.59750575,0.5172142,0.016852066,0.7700192,0.10025313,0.32954046,1.4720984,0.071266964,0.079771996,0.15737745,0.27876264,1.0725602,0.63018423,0.67786384,0.30558497,0.30348998,0.2864136,0.8076136,0.30992943,0.1868842,0.124840945,0.25385502,0.23977707,0.037427276,0.22639158,0.8993347,0.85636973,0.15625083,0.06399858,0.93274355,0.27061772,0.7812099,0.20969847,0.22679335,0.15576269,0.6073669,0.111316785,1.2359278,0.6014148,0.36051348,0.488993,0.07356093,0.3867441,0.5383104,0.3267317,0.31122243,0.29458752,0.40242633,0.36311013,1.2258692,0.3006803,0.23658954,0.9118094,0.46437365,0.3688395,0.5985937,0.33803892,0.4880684,0.2553299,0.43061915,0.05985952,0.6224663,0.15429352,0.1931532,0.25126427,0.4819765,0.19220228,0.29477137,0.110678405,0.3001155,0.58450794,0.26502728,0.048763726,1.0068569,0.3195487,0.21452177,0.3992435,0.05856439,1.4083927,0.3570342,1.0843456,0.07031493,0.35573888,0.43333218,0.55141175,0.5469043,0.20369574,0.583593,1.1132429,0.65242976,0.6052251,0.16131091,0.23874195,1.6923425,0.20134866,0.7205384,0.032623917,0.33103323,0.046623394,1.6044872,0.5895221,0.20669413,0.98662066,0.28784084,0.39102373,0.59610015,0.15607068,0.0098607745,0.54264945,0.042254515,0.011334713,0.44079444,0.764344,0.42914888,0.08846774,0.50814366,0.58754236,0.24278387,0.8950769,0.11963658,0.2679031,0.51171273,0.545552,0.16114676,1.8391339,0.34801328,0.3341111,0.26916307,0.18389267,0.16726486,1.263104,0.014382599,0.4438265,0.2550822,0.29206604,0.20773959,0.28107682,0.28182536,2.6784797,0.64207184,0.4612412,0.091557555,0.62239206,0.23904045,0.28630447,0.13225392,0.47577003,0.17049848,0.9755447,0.5617089,0.533489,0.99323756,0.24957283,0.5083532,0.36919653,1.284349,0.67267764,0.106496505,1.2530187,0.20301086,0.2987915,0.8968797,0.087545805,0.23765588,0.37056422,1.2183158,0.50699866,0.23524658,0.9655211,0.32178658,0.043536447,0.15983173,0.34527165,0.58287495,0.23762593,0.9802885,0.969961,0.07222378,0.8820668,0.09775433,0.14724433,0.24573779,0.21542433,0.057781797,0.4045338,1.1599188,0.15382625,0.18925644,0.7597704,0.5243419,0.116982475,0.7322924,0.21399637,0.48059338,0.87818074,0.29400563,0.1533618,1.4383938,0.0,1.7145832,0.37480438,0.18072781,0.32559592,0.22164698,0.6525746,1.4910231,1.5011519,0.07448085,1.07922,0.32308,0.8921749,0.014216688,0.0,1.0200682,1.3257034,0.5727788,0.008559693,0.0671425,0.15303695,0.56736207,0.025637817,0.6344423,0.26939863,1.7131082,0.08082448,0.6813218,0.7799752,0.11914252,0.38742536,0.3192928,0.9997258,0.12437237,0.2263456,0.18088947,0.24944125,0.18864627,0.20317474,0.13133997,0.5024975,0.7805935,0.2956292,0.46555287,0.2159908,0.3597511,1.5770087,0.16469556,0.5269528,0.18469366,0.78938687,0.40557426,0.8338432,0.6801638,1.2931266,0.035661932,0.88753223,0.24423133,0.03653654,0.39981672,1.8123214,0.35444346,0.6893351,0.011532375,0.59178317,0.06752586,0.76418877,0.4199009,0.05625332,0.24835332,0.4066074,0.809778,0.38575587,1.0400344,0.25343138,0.12964049,0.3027305,0.26310605,0.12745905,0.17786127,0.42352408,0.32717654,0.57805794,1.6489599,0.10261913,0.47980613,0.06277806,0.32240945,0.3140295,0.36773628,0.071652666,0.51324177,0.14304367,0.32619718,0.22835213,0.38009518,0.34316635,0.2503821,0.16831993,0.29769826,0.2816033,0.33548176,0.53602207,2.6872573,0.31361747,0.23900557,0.6241187,1.0811415,0.12715764,0.44859228,0.29664811,0.124578014,0.248402,0.44091806,0.07491708,0.13119769,0.45320523,0.4024068,0.20131925,0.7754845,0.26226163,0.51265615,0.45715934,0.20535068,0.10661304,0.027546061,0.13589288,0.9710386,0.47722617,0.091668725,0.20975997,0.7899751,0.24612394,0.61417484,0.21531835,0.20466696,0.68807006,1.6300035,0.6516715,0.1924325,0.072240636,0.07990549,0.19161011,0.49097258,0.28081417,0.13131098,0.1279749,0.21207361,0.7088118,0.24500278,2.6628554,0.043937366,0.9441064,1.0444082,1.6814268,0.08455718,0.10048823,0.08273994,0.1724055,0.21931297,0.023364179,0.09160765,0.941337,0.17827855,0.295767,0.16753453,0.23325363,0.39298692,0.09825577,0.17554165,0.94657856,0.49707204,0.53640056,0.3329823,0.9612883,0.1817029,0.43551368,0.8161402,0.40094778,0.13578573,0.5157638,0.013191102,0.04779757,0.29181078,0.41729283,0.20608711,0.20993641,0.021105744,0.6468042,0.008656127,0.21459216,1.1330539,0.33424455,0.26148608,0.3815626,0.3339361,0.29054636,0.1661008,0.06594908,0.7296939,0.5331255,0.091249794,0.18808421,1.0562601,0.16295102,0.20028579,0.43134713,0.20486121,1.9054711,0.70050776,0.10848715,0.16930318,0.24923526,1.025668,0.31041718,1.6437719,1.5959055,0.34165686,0.035891645,0.20344204,0.06655213,0.4819402,0.1364221,0.09995891,0.21093012,1.2822051,0.20418462,0.15947506,0.35973912,0.64011526,0.34963268,0.043166146,0.5557139,0.17542942,0.416124,0.6341238,0.11144982,0.13507561,0.18888277,0.8729831,0.22009715,0.021902341,0.40317452,0.6162008,0.7167019,1.2215644,0.12065475,0.41208103,0.19655803,1.1098517,0.15630162,0.51693857,0.078904375,0.42304158,0.106199756,0.24361329,0.20815676,0.33211926,0.7499941,0.057321988,0.14085828,0.07767696,0.45077917,0.4121952,0.4251153,0.21550983,0.35114843,0.8958412,0.057629876,0.36973315,0.9264807,0.5089141,0.11277202,0.052976232,0.22289038,0.23752736,0.33310556,0.1970109,0.066853605,0.118570566,0.38616884,0.5731691,0.9783909,0.1279285,0.032473866,0.057295457,0.49788338,0.50883543,0.71792567,0.022378847,0.41922796,0.6562376,0.5812845,0.80536157,0.37962654,0.10851021,0.42742234,0.079631865,0.12148404,0.42844617,0.032499656,0.4416144,0.119738504,0.32757282,0.8796469,0.18854997,0.8674738,0.20805067,0.13681751,0.13837895,0.119404405,0.010281565,0.9717207,0.42151493,0.016324494,0.37051636,0.51512295,0.3932759,0.05540539,0.074013665,0.4296403,0.43642733,0.22919568,0.50893825,0.051618252,0.18595706,0.11386396,0.57052046,0.35019258,0.7272774,0.34837312,0.236522,0.3841847,0.45918897,0.609926,0.96219945,0.44798142,0.44264904,0.25040242,0.6739545,0.11206715,0.23394424,0.26090237,0.6654458,0.7725777,0.1686983,0.31345227,0.014378487,0.4192292,0.45264822,0.3135309,0.19684269,0.3437665,0.123389795,0.19231397,0.50067985,0.4962607,0.031470552,0.020536087,0.042758666,0.255359,0.2487965,0.47114217,0.82264626,1.2857939,0.16226676,0.16698226,0.20889872,0.296732,0.008282563,0.55946803,0.32732993,0.4638399,0.46490604,0.29132658,0.24067637,0.2768191,0.9213675,0.21403733,0.3980183,0.21075742,0.24241668,0.07061568,0.7578927,0.69257563,0.10997285,0.7215491,0.24890016,0.08524485,0.33517396,0.10545187,0.4350353,0.21732263,0.47558045,0.3638952,0.06776818,0.020837244,0.05393752,0.061939344,0.37581632,1.357672,0.32843518,0.118734844,0.18177938,0.18404312,0.029654063,0.5007984,1.2528642,0.6946051,0.15830058,0.09800357,0.47623444,0.12202417,0.1952056,0.5039234,0.2512002,0.46515173,0.49953777,0.18034682,0.11452244,0.22310635,0.6446764,0.31386572,0.5033655,0.81686574,0.16766837,0.11281705,0.38241857,0.085147396,0.9249519,0.1670139,0.35740864,0.66396165,0.59739166,0.022938048,0.27246225,0.44959444,0.04606439,0.2422086,0.31698927,0.30599302,0.5737087,0.31510815,0.0802895,0.57518697,0.96843815,0.24737269,0.08257498,0.07610559,0.303645,0.29627874,0.043152522,0.26804894,1.0707116,0.35747653,0.050208107,0.19975245,0.16981936,0.21639952,0.25450954,0.48829252,0.6708735,0.24801055,0.44516024,0.79407394,0.2631492,0.6390418,0.040242713,0.024156926,0.0013966862,1.1206822,0.54563,0.3677079,0.23056042,0.3125633,0.0,0.067268774,0.31680584,0.104751006,0.40138167,0.65730983,0.5278659,0.13976842,0.25020084,0.25150302,0.22060342,0.009205276,0.5056918,0.24389821,0.23476513,0.15077567,0.58969975,0.7864867,0.478059,0.29569772,0.4431724,0.4936903,0.2833804,0.15813605,0.5663711,0.9946765,0.20236236,0.6361813,0.12602174,0.39923957,0.38742,0.14081751,0.18426187,0.48507988,0.15637137,0.10075416,0.21851875,0.47860438,0.315048,0.22660764,0.20600834,0.3267694,0.07077474,0.17380045,0.69441915,0.07020699,0.31479645,0.056750763,1.0703254,0.24494217,0.21570668,0.16676837,0.41816443,0.29758352,0.15706518,0.009613001,0.094063915,0.11881876,0.1674917,0.84261024,0.22859144,0.6483392,0.18241003,0.17465523,1.0756936,0.301193,0.35898757,0.31876087,0.15389642,0.5971486,0.47352248,0.6639644,1.505954,0.43956625,0.765799,0.049916536,0.20502375,0.13459617,0.1135704,0.5624929,0.35182756,0.3812449,0.20116541,0.03130309,0.2771239,0.1873576,0.13036449,1.0826235,0.38796446,0.20140779,0.4958496,0.48788863,0.6815667,0.009293031,0.1075753,0.31544483,0.8048496,0.5139637,0.548543,0.06892694,0.900765,0.25953016,0.08932465,0.66502047,0.22583899,0.06163638,0.023681516,0.31755736,0.19196042,0.44863755,0.14325832,0.17044514,0.29217872,0.480125,0.21501571,0.07977098,0.39562663,0.12119159,0.43926436,0.03232835,0.29038388,0.05083857,0.36317885,0.081062384,0.037010327,0.08454169,0.3520471,0.8733122,0.23619275,0.5342128,0.0,0.6175844,1.0205076,0.5746376,0.30155325,0.05983199,0.3620844,0.5308709,0.23900759,0.0,0.06042513,0.33435965,0.20739746,0.10883337,0.7370464,0.20815235,0.09303114,0.30862188,1.2202024,0.13024431,0.26794592,0.09399466,0.42961985,0.11725486,0.21519503,0.91772765,0.2975748,0.19240381,0.047262758,0.04978241,0.26560283,0.14588304,0.06724174,0.35785943,0.0021714251,0.07530533,0.31718057,0.13900253,0.33321995,0.0,0.38645798,0.038240038,0.3179947,0.033553157,1.0279648,0.27926847,0.35549247,0.79503405,0.51259255,0.41334,0.42140305,0.4171114,0.12643956,0.14769374,0.47120363,0.14787674,0.12047389,0.87318516,0.78496534,0.32703668,0.15906979,0.07524118,0.022219593,0.23297635,0.67472196,0.7526001,0.64236796,0.47276518,0.21758386,0.13574818,0.387657,0.26875246,0.4822834,0.27653167,0.38718253,0.10234913,0.94610786,0.22456023,0.0020493898,0.30968332,0.40763688,0.5912436,0.18331936,0.5239537,0.045626305,0.6033442,0.09363064,0.091357164,0.11367024,0.37467313,0.33550036,0.09676106,0.12642929,0.38124236,0.42529708,0.12236724,0.72638464,0.5756992,0.12565419,0.20952785,0.19518748,0.13997164,0.0869997,0.094148874,0.7464,0.21591705,0.61375463,0.30378553,0.73909926,0.0029381951,0.8731833,0.2047067,0.31368065,0.33029774,0.9625602,0.9378235,0.3764671,0.83913094,0.086421005,0.020840658,0.32162854,0.30141056,0.053425323,0.72256875,0.7342614,0.18870556,0.021787617,0.63028777,0.6872285,0.1695869,0.65883774,1.3435328,0.8798466,0.15850887,0.0128106205,0.5634321,0.43316045,0.2924666,0.359183,0.09858151,0.0678739,0.10611719,0.20954597,0.21321756,0.1097174,0.9658437,0.015914788,0.4062691,0.22774616,0.073421456,0.09437954,0.41494346,0.108130485,0.6404872,0.62427515,0.51992416,0.07138497,0.26295388,0.076095074,0.42182136,0.12750044,0.112011075,0.74692786,0.119332656,0.24305058,0.15598343,0.7951938,0.13897996,0.4260627,0.2820995,0.059466094,0.16322786,0.044172287,0.3848437,0.8724295,0.024123386,0.3480088,0.47879496,0.5242438,0.2742048,0.3943356,0.3938045,0.15080336,0.36519596,0.16847901,0.76136583,0.27040854,0.7766671,0.14145537,0.27060306,0.5442179,0.32545382,0.20300849,0.051549047,0.4563425,0.3071512,0.085717455,0.34315693,0.49015766,0.255062,0.3657038,0.0051260157,0.24249244,0.14321668,0.2074754,0.44432843,0.14620838,0.9326092,0.0704588,0.62901604,0.2530594,0.28247732,0.26714346,0.093200125,0.37902373,0.3144494,0.29820073,0.030524585,0.1712056,0.4055689,0.45850745,0.1639795,0.4669387,0.48369378,0.24798271,1.0435976,0.15101215,0.411775,0.5901276,0.08788899,0.2698137,0.5133585,0.8075181,0.08536908,1.0608091,0.7748382,0.4244212,0.33348417,0.4492725,1.0059564,0.011025736,0.2720776,0.7827306,0.12342104,0.35467428,0.28024587,0.23494439,0.5720025,0.3824105,0.27095115,0.44443423,0.8183496,0.0,0.43773848,0.19012687,0.5389024,0.40467867,0.13447686,0.14829819,0.11895892,0.26143828,0.4922289,0.46003446,0.36008742,0.11465156,0.5092365,0.08470318,0.30155593,0.6170236,0.121308975,0.122113526,0.48417622,0.642032,0.08670058,0.30207193,0.10748396,0.28880754,0.3748476,0.8576102,0.04685826,0.913553,0.511526,0.25857306,0.09784213,0.03715898,0.21177864,0.21356565,0.17585184,0.6004697,0.097501725,0.11767325,0.26334584,0.05965607,0.09092221,0.43403286,0.5758728,0.616171,0.046021335,1.2976408,0.83481324,0.087500535,0.20059238,0.053066604,0.42403013,0.15860003,0.98587984,0.3404318,0.11539419,0.5497991,0.2979435,0.15803918,0.32975,0.5929277,0.4363702,0.6915921,0.21534075,0.06804626,0.0,0.32713825,0.19541204,0.017315732,0.89258176,0.50156987,0.4176666,0.74911803,0.3686453,0.17234802,0.18345751,0.7754142,0.4968115,0.46279538,1.0412617,0.3673849,0.51372904,0.27966982,0.14218378,0.8585665,1.1904662,0.104072236,0.057330146,0.29877657,0.17729008,0.31324542,0.110612065,0.13216725,0.01122967,0.5561094,0.32243255,0.5554484,0.06768427,0.3638463,0.69477737,0.63152635,0.21847394,0.19810943,0.074760735,0.055766813,0.36089885,0.046390634,0.021378553,0.22641307,0.36067984,0.2196114,0.1081007,0.28658515,0.6856286,0.043168902,0.12603098,0.47091883,0.36561182,0.019463785,0.23773637,0.52852035,0.7092396,0.11924182,0.04033022,0.42869213,0.6445905,0.32416436,0.23406911,0.05914371,0.105187975,0.4130754,0.27300614,0.2784289,0.23168756,0.087384485,0.33140978,0.20027971,0.09914068,0.029033635,0.38179475,0.3437608,0.11498915,0.0029608475,0.43592754,0.54019815,0.12143978,0.08196587,0.0125195915,0.20495422,0.46916047,0.55313754,0.8466399,0.07540673,0.04862415,0.28731275,0.007835333,0.10313801,0.7229733,0.14439037,1.0029469,0.4688311,0.18802415,0.13685791,0.5467495,0.13805969,1.8023187,0.5115499,0.44855738,0.18851244,0.62897384,0.09288516,0.867322,0.22581218,0.3145375,0.12690282,0.78435665,0.85306156,0.6657325,0.8009808,0.78193915,0.14531043,0.018850323,0.48493454,0.0717294,0.18790287,0.056398448,0.80491734,0.46985552,0.0,0.39977553,0.0760277,0.06085721,0.22433215,0.1692981,0.1847606,0.0,0.25993317,0.7342558,0.39311296,0.814568,0.4332024,0.19180381,1.1949053,0.02114435,0.18178101,0.5964142,0.015874757,1.4568834,0.7997184,1.0063818,0.0,0.046521,0.12132957,0.42529017,1.0153093,1.3040651,0.047239676,1.6737725,0.15728164,0.7202237,0.11882533,1.6696179,0.70506227,0.37964988,0.041497774,0.3257979,0.6958935,0.4661631,1.830041,2.023495,1.2670636,0.62109613,0.18549062,0.27961132,0.21906155,0.2585768,0.0023678879,1.7617733,0.058623627,0.0076479604,0.41481087,0.38171855,1.0170345,0.120798044,0.1810812,0.36101356,0.13616624,0.58882684,0.49067217,0.24657449,0.09916416,0.02031893,0.8301014,0.31664324,1.0323688,0.12744762,0.2942641,0.52746284,0.0306582,0.65637785,0.041407686,0.34355247,0.90153587,0.15603477,0.27252564,0.025578624,0.96810746,0.3337292,0.18815452,0.24009609,0.061778855,0.5843015,0.35806477,0.0028973056,1.0835999,0.7536316,0.22688398,1.4962564,1.0402222,0.10559052,0.92678463,0.73673475,1.5905404,1.3348528,0.11637066,1.831321,0.11846298,0.43358064,0.80017084,0.22860494,0.08377963,0.7370442,0.5872327,0.22561392,0.25479645,0.69851947,0.44803476,0.25134093,0.28237623,0.8632284,0.39741194,0.60143065,0.33777535,1.258571,1.4472125,0.2543726,0.3253652,0.10149471,0.1674633,2.6531234,0.17764777,0.62724304,1.2017179,0.5962823,1.7278236,0.20597966,0.27518594,0.5124471,1.1651733,1.4119287,0.31002557,1.6605783,1.4795372,0.016039168,0.3954888,1.4644918,1.0374951,0.0,0.52197766,0.024724904,0.180141,1.5476369,0.46492216,0.30151564,0.37488905,0.6374602,0.9898892,0.34675997,1.7625215,1.2158676,0.097897604,0.25727707,0.0041697407,0.7136453,0.1826972,1.6400659,0.39868563,0.5698275,0.10733996,0.022399807,0.25004897,0.18066001,0.6305789,1.6185164,1.2465103,0.14870681,0.1231446,0.29158282,0.85607094,0.59602827,0.32677776,0.69407916
0.6822473,0.36903566,0.1705281,0.22649619,0.14922138,0.13460721,0.37915534,1.1238179,0.6982633,0.8323168,2.1302643,0.36115175,0.26148123,0.53863525,0.47301275,0.2316862,0.34440616,0.28689647,0.6222534,0.95007586,1.0444336,0.43462124,0.3564397,0.082130864,0.34084934,0.08080776,0.86149454,1.1035466,0.24739829,0.72779393,0.24819127,0.12038877,0.2658681,0.42413205,0.32963148,0.43245715,0.059430458,0.17136893,0.51669,0.3189931,1.1534739,0.4687542,0.02729944,0.058832206,0.5571165,0.11153216,0.07806237,0.66559756,0.55158913,0.6166898,0.26650497,0.2822386,0.67185163,0.47909385,0.59468055,0.37451234,0.43140614,0.093000904,0.33017462,0.17279887,0.3433888,0.032100864,0.3645221,0.22876701,0.22577032,0.066165425,0.51687765,0.10940996,0.27741838,0.14257124,0.6364746,0.14486012,0.37459725,1.8311204,1.3714545,0.2919858,1.0674944,0.42851424,0.1355284,0.46089447,0.32306194,0.07613261,0.343243,0.30493367,0.18247439,0.07876069,0.59256047,0.23122753,0.19036826,0.026225634,0.7563541,0.38570336,0.3462195,0.5964148,0.64119685,0.47929972,0.118338555,0.16841055,0.30926436,0.6860167,0.44242018,0.051017094,0.5656314,0.43448043,0.5734848,0.23618135,0.014122248,0.024361137,0.20458105,0.07945882,0.28056788,0.13547336,0.094694495,0.15133101,0.75731575,0.32821405,0.20791095,0.56723905,0.174512,0.17817965,0.25952172,0.6548522,0.28578815,0.3172314,0.69584703,0.44249818,0.18660629,0.2404045,0.3143628,0.28423542,0.71087986,0.5996462,0.20016661,0.2199794,0.39938527,0.25679496,0.24985099,0.9614303,0.36728495,0.7633232,1.2908189,0.35755593,0.098352835,0.43125182,0.7545191,0.7214475,0.5618937,0.65172017,0.45398775,0.011638064,0.45428568,0.23609234,0.27735463,0.44272768,0.97955984,0.14804582,0.7389989,0.24207549,0.5975398,0.085817516,0.19039337,0.7076152,0.4243126,0.30790842,0.20663121,0.55081964,0.10242102,0.60928774,0.85361314,0.67873794,0.7380923,0.77775484,0.065529704,0.78950393,0.24292971,0.4620046,0.48645505,0.22616854,0.217818,0.15087724,0.6451521,0.4337042,0.09732216,0.3369686,0.70706934,0.20702696,0.197818,0.056293998,1.3684886,0.50817555,0.20882785,0.4405754,0.087693974,0.2266984,0.08184514,0.39117253,0.19082251,0.18919002,1.1124626,0.17547584,0.529722,0.30335987,0.7031713,0.48320758,0.0057654907,0.13973162,0.10235661,0.09375903,0.30209064,0.25001788,0.5269824,0.46503252,0.48725566,0.6691179,0.29806167,1.1628063,0.30770838,0.13325563,0.3521141,0.056403115,0.20946255,1.0601954,0.9991239,0.45961395,0.4188988,0.6095693,0.51619035,0.095884725,0.2898804,0.27550566,0.01589189,0.08037682,0.8383893,0.27648717,0.059276145,0.07446537,0.3895539,0.26166892,0.16365574,0.1220439,0.2378562,0.047925293,0.09217116,0.4802377,0.9680494,0.12660432,2.2608902,0.29012418,0.16078548,0.28096235,0.17980503,0.43178028,0.07911125,0.9203259,0.38076335,0.08274727,0.5825304,0.6622808,0.033970762,0.2582592,0.3429281,0.02100981,0.68804157,0.39842355,0.25463867,0.44007218,0.24772523,0.23916137,2.1652493,0.18876162,0.41373608,0.6910124,0.046578266,0.4652304,0.18105209,0.23003909,0.2327941,0.20008358,0.09835452,0.24623491,0.15422681,0.05906585,0.10582801,0.2970094,1.2891881,0.57284725,0.32796788,0.2984047,0.21641758,1.385474,0.11663761,0.3636139,0.37327856,0.34144998,0.55657864,0.24009354,0.6139016,0.444389,0.2453318,0.6693452,0.26145434,0.5603362,0.13479215,0.7049769,0.03688299,0.270711,0.16253321,0.39066792,0.606068,0.3044604,2.109383,0.40767473,0.54253805,0.72330105,0.19370076,0.34963125,0.43833816,0.15690032,0.77616656,0.09380689,0.35084915,0.12296859,0.9423705,0.3748421,1.0618268,1.6973082,0.06436678,0.5104006,0.3599057,0.43295687,0.13907468,0.4269043,0.26259953,0.013022119,1.2032632,0.5961944,0.09944646,0.03826344,0.71682835,0.10905202,0.13105106,0.27613187,0.17395607,0.14098094,0.33217478,0.2084193,0.13266024,0.22463611,0.5605365,0.15799536,0.0067103505,1.1195033,0.27623856,1.0843492,0.089902185,0.8876725,0.8282421,0.013464564,0.47736853,0.2986864,0.6560563,0.47079054,0.123693325,0.29623562,0.29739866,0.025681112,0.15679118,0.60162306,0.048586376,0.95247686,0.58726215,0.13367227,0.24144703,0.18269548,0.6903814,0.0912692,0.018091172,0.52385,0.66342723,0.08698931,0.05302336,0.5044584,0.06886772,0.20279717,0.9219378,0.43256545,0.14977355,0.15084538,0.16287749,0.0619047,0.07624263,0.06087929,0.7094103,0.11540902,0.8249694,0.29165244,0.09092505,0.79968417,0.1320235,1.2221185,0.50577724,0.446674,0.18228371,0.54600847,0.5068574,0.7433328,0.34162807,0.7815434,0.23640192,0.18546999,0.28344944,0.20196037,0.84524417,0.38369212,0.6979704,0.46328348,1.0339525,0.29678804,1.2699399,0.29612714,0.6274679,0.23800154,0.10245756,0.2130571,0.23839861,1.0368848,0.11553618,0.15170942,0.6993152,0.32966673,0.7062273,1.3079369,0.2733717,0.16932404,1.5783077,0.10995104,0.4601269,0.10792102,2.810009,0.16605636,1.2803187,0.7032493,0.40791062,0.50204563,0.48116213,0.033101093,0.7411734,0.16342086,0.10907067,0.5096976,0.5220943,0.5517615,0.76735914,0.26872241,0.45054445,0.78095645,0.10239345,0.662848,0.1609621,0.03354896,0.112867385,0.2930619,1.204992,0.34198505,0.888102,0.08579848,0.0,0.834035,0.16049066,0.31581146,0.2747486,0.500046,0.64687204,0.10934411,0.69457406,2.473078,0.9642082,0.53364843,0.42820773,0.41368863,1.0753427,0.591336,0.056987748,0.1537874,0.31222266,0.05004495,0.052787386,0.15148929,0.33419695,1.428331,0.38840812,0.26900688,0.13551529,0.49722147,0.1352951,0.044546306,0.16018951,0.013018657,0.14348662,1.4288348,1.6651828,0.031580742,0.14320287,0.041403003,0.18344514,0.0347331,0.89607215,0.018384201,0.041145533,0.81043214,0.5415151,0.028141946,0.35928148,0.08139143,0.44433904,0.12985924,0.19778503,0.29890174,0.68298185,0.2551899,0.20424774,0.07536597,0.31520653,0.22019622,0.5974977,0.27735323,0.0203048,0.17350034,0.3347149,0.050041534,0.046944063,0.71300757,0.05440598,0.8858171,0.7545083,1.4970086,0.8460965,0.0916656,0.19812733,0.2047127,0.31047982,1.2214746,1.1064537,0.4002987,1.4352903,0.09929691,0.97103995,0.12243442,0.082421094,0.52426505,0.38291624,0.07814649,0.17144501,0.24840312,0.65996116,1.488235,1.2332059,0.45020998,0.14964092,2.6684685,0.506651,0.59066844,0.48591256,1.006346,0.6269989,2.4836054,0.020420756,0.94997144,0.5145129,0.78378487,0.29042137,0.5563351,0.18104444,0.08502376,1.1172767,0.40675974,1.0056427,0.46750706,0.44808325,0.4963721,0.10189312,0.37079957,0.45445904,0.35282493,0.03526523,0.060248684,0.1102414,0.47078496,0.032694492,0.3781802,0.08528946,0.07437398,0.17984751,0.1923919,0.8209209,0.38124123,0.5241052,0.55592775,0.5294261,0.0010872385,0.14939827,0.69999707,0.33823892,0.9879899,0.5876763,0.81187123,1.05999,0.15371436,0.35212392,1.5789696,0.16540974,0.20716567,0.42537865,0.32146853,0.14592637,0.99732864,1.2614117,0.58516264,0.21384856,0.78397846,0.24439053,0.249242,0.23805873,0.26717272,0.04470608,1.1690634,0.32760805,0.26042005,0.12507008,0.43867964,0.57697845,0.5165773,0.15293758,0.31502432,1.089869,0.5246502,0.13483706,1.3274448,0.19455299,0.22472118,0.108903706,0.12467901,0.83327764,0.30599612,0.95419914,0.6477011,0.11954714,0.18259679,0.3869635,0.12834306,0.058279514,0.26563448,0.90079576,0.1346668,0.059576686,0.20273656,1.2170048,0.7167326,0.0016569964,0.09138295,0.604612,0.1153384,0.70560694,0.19919004,0.20239635,0.4108342,1.2223525,0.1047747,0.8276131,0.2622652,0.25488463,0.6790359,0.16033441,0.31085318,0.4768993,0.81997997,0.6323786,0.4724723,0.49132144,0.23518148,1.0925791,0.08783536,0.09392605,0.29655433,0.65332055,0.23963398,0.18410349,0.35368347,0.4224916,0.10984121,0.36351076,0.120768666,0.3734832,0.101020396,0.11345394,0.96324486,0.2621646,0.07445612,0.8401084,0.24167265,0.88809246,1.2575263,0.23388645,0.04358335,0.7153536,0.4982931,0.41444963,0.22394277,0.15412337,0.8593955,1.2968488,1.3295704,0.08714987,0.33478743,0.5974315,0.4450996,0.3219146,0.112081766,0.6319726,1.216368,0.49129155,0.40190122,0.11883893,0.11868538,2.0096838,0.15234986,0.6923175,0.02758314,0.5620922,0.00872501,1.4028995,0.8913549,0.29965332,0.96251935,0.1599887,0.2670372,0.5541226,0.25019133,0.065706044,0.287646,0.055054594,0.06268825,0.24825414,0.99686456,0.5230473,0.22814481,1.1011744,0.49462014,0.49174505,0.74762493,0.04878408,0.40624958,0.2279153,0.6763269,0.114449665,1.9560661,0.69307506,0.8757211,0.2205216,0.08528636,0.22806838,0.56726646,0.02539121,0.32853788,0.40146074,0.67078316,0.25961086,0.3141152,0.04302431,2.5430293,1.4770424,0.3405619,0.39731202,0.6864662,0.1763832,0.07833078,0.09866097,0.59962624,0.99186754,0.9282573,0.3582579,0.9345631,1.7226722,0.059989266,0.8866353,0.59194005,1.118037,0.656119,0.65222174,1.6907947,0.21227771,0.29878205,1.01596,0.0,0.27958333,0.5795495,0.93676496,0.1758492,0.35010016,0.68300307,0.31043953,0.049456995,0.26445517,0.6783342,0.6242565,0.4045773,0.89973086,1.4903814,0.16508435,0.6622659,0.22803803,0.017937208,0.20582692,0.22403361,0.07122442,0.532862,1.0103228,0.2000908,0.12227048,0.79358435,0.66714793,0.0204033,0.77897143,0.11353167,0.3191605,0.61011004,0.3626208,0.12708977,1.4456558,0.05200147,1.3158077,0.38148314,0.16579492,0.2904349,0.18049715,0.6729605,1.0785205,1.3685703,0.1258436,1.0117272,0.30569825,0.6326122,0.066165134,0.11034291,1.3898737,1.0837002,0.27556366,0.0,0.09174539,0.05960945,0.51302487,0.049539737,1.5793054,0.6112106,1.097338,0.023310635,0.28392255,0.86846125,0.6162913,0.39136702,0.6486354,1.0492196,0.46706003,0.27695176,0.04524359,0.43254054,0.1992831,0.032152608,0.44651663,0.1934258,0.679954,0.06751801,0.26380628,0.124047816,0.412449,1.6617328,0.15999702,0.48876357,0.18217546,1.0347579,0.09421443,0.843423,0.38823748,1.0168028,0.3523031,0.3131824,0.56653833,0.01794344,0.79292846,1.5494899,0.32109013,0.41928428,0.022346,0.5236854,0.0737111,0.2359384,0.71807325,0.28461522,0.02455125,0.5084801,0.61209464,0.1689437,1.2109833,0.23200637,0.29570144,0.6311475,0.3024498,0.28990543,0.23364758,0.13665575,0.15367469,0.52322763,0.9255705,0.4342094,0.583887,0.042715628,0.36723492,0.15510124,0.33224326,0.005648548,0.38366598,0.24130982,0.40664655,0.45494717,0.45113033,0.6297671,0.5333265,0.04215996,0.17488587,0.45470488,0.6100168,0.25576934,2.2696834,0.41726857,0.39282426,0.26904,0.8016249,0.23853663,0.419239,0.5672214,0.2347432,0.5506412,0.4712635,0.085370734,0.58548415,0.28278702,0.17567787,0.2063814,0.22314788,0.18154371,0.38738778,0.36574697,0.19316953,0.19603243,0.036775168,0.062186398,0.4186194,0.43188956,0.19297685,0.49811053,0.7867123,0.089052305,0.69083554,0.3182642,0.08751586,0.6350303,0.81933767,0.49815303,0.26108643,0.18352088,0.062054895,0.110387534,0.63572884,0.12697388,0.39085218,0.45749336,0.20706224,0.37903005,0.09472042,3.0903444,0.002789351,0.6547634,0.8068389,1.0142003,0.15715337,0.86937237,0.31074452,0.3023675,0.123644546,0.3831276,0.27759132,0.76678145,0.20337838,0.16550206,0.105875924,0.48303074,0.80799544,0.5471727,0.2379261,1.0467448,0.6025375,0.4515763,0.21860372,0.9123777,0.007310368,0.33484197,0.1551879,0.2759293,0.40486386,0.6066765,0.0,0.33197194,0.10780027,0.9151833,0.22535993,0.24243948,0.022159705,0.15432264,0.031118944,0.26392704,0.32007504,0.10757288,0.092177056,0.72477394,0.25181174,0.1521764,0.3355695,0.15881506,0.4689359,0.3700445,0.6496317,0.2550004,0.92188704,0.06764434,0.632733,0.5039904,0.48064366,1.583264,0.96401596,0.26336545,0.19246486,0.2731578,0.6981737,0.36379957,0.8504002,2.3605475,0.7757187,0.06261966,0.008297021,0.11827642,0.5281544,0.10244095,0.124976225,0.07825822,1.513174,0.36734855,0.33377606,0.34750402,0.8789785,0.22229996,0.08519095,0.34188604,0.1856933,0.3112569,0.34411037,0.54414,0.08684495,0.29328412,0.5742384,0.17171614,0.032298855,0.3195192,0.84686685,0.9719435,1.2550333,0.032332428,0.30270544,0.41728544,0.8069176,0.26008314,0.50386965,0.023615245,0.31070718,0.140711,0.478699,0.18535903,0.2899438,0.25325352,0.034409985,0.37574044,0.16021296,0.5588883,0.18356074,0.1908887,0.16994432,0.5433813,0.9386001,0.0058712745,0.03151027,0.39470518,0.64085203,0.12441975,0.0036701658,0.24837467,0.1367467,0.26937336,0.033267815,0.12488054,0.12718941,0.9884184,0.48593608,0.65137863,0.43310648,0.83640736,0.023845403,0.24936473,0.92288005,0.7734393,0.022708643,0.24025705,0.9132777,0.5477612,0.56283903,0.31679976,0.27278632,0.22109297,0.0909618,0.013298474,1.2004348,0.22434285,0.12261017,0.2426994,0.6779625,1.1324716,0.19551611,0.6506714,0.08283231,0.11007072,0.28806415,0.23153605,0.046130635,0.9849647,0.8571149,0.062303424,0.3635808,0.8243811,0.21332774,0.11131251,0.4034374,0.23874933,0.53456724,0.057351485,0.773094,0.26436228,0.20523688,0.17938448,0.32517496,0.53079164,0.8996743,0.30360734,0.34702778,0.55462223,0.24486136,0.24327712,0.4324497,0.13175657,0.3053067,0.6388539,0.3351261,0.15005241,0.51977897,0.26490244,0.54658806,0.46656322,0.34551287,0.2571894,0.063679986,0.27437648,0.1369973,0.056958012,0.17165987,0.27482957,0.12598783,0.18087418,0.6630119,0.36158314,0.11252542,0.052300066,0.30788663,0.20245266,0.17406893,0.39501184,0.45965046,2.3409734,0.046987854,0.12078017,0.43265933,0.68840814,0.002079227,0.20387371,0.118468046,0.63537264,0.418471,0.10073653,0.028886423,0.3913359,0.65832156,0.17106818,0.18429251,0.036004085,0.52249557,0.16765167,0.6549864,1.1403356,0.51748073,0.86376023,0.12131656,0.11961675,0.08218505,0.045858882,0.7178564,0.120273456,0.9001429,0.2463349,0.09072376,0.020005113,0.07672596,0.06673898,0.15773098,1.5158879,0.19270398,0.52458775,0.70806205,0.16695687,0.002183409,0.15272233,1.0389977,0.9248397,0.42858955,0.02707114,0.76190877,0.051748797,0.17285532,0.7034035,0.47787663,0.9401175,0.4515773,0.1874069,0.100893885,0.19416645,0.6898908,0.29988983,0.7306443,0.69148827,0.02349879,0.15177622,0.45962882,0.14066407,1.8403287,0.010691293,0.20626576,0.216569,0.5056651,0.1034286,0.12543717,0.16230895,0.015643356,0.37299109,0.23547484,0.48963475,0.52114373,0.2830315,0.1075618,0.3227739,0.47545236,0.21794799,0.037506763,0.003517207,0.8022214,0.35583913,0.10611078,0.28685957,0.17044514,0.28551215,0.19454795,0.26930594,0.33652404,0.25104678,0.35292754,0.5191759,0.7726968,0.057329692,0.43856508,0.3748556,0.031519625,0.55439365,0.16962911,0.12696066,0.0008678324,0.8605348,0.65650475,0.362301,0.09819676,0.8143265,0.46995455,0.56889427,0.26081988,0.33619243,0.774948,0.6009227,0.5288231,0.07908294,0.31859162,0.24635343,0.20487753,0.009230693,0.47985107,0.06365791,0.14240775,1.0592031,0.5047134,0.9241339,0.18519461,0.039455432,0.3181634,0.30509314,0.11450919,0.1489973,0.631441,0.48092768,0.52701485,0.42094442,0.045731112,0.2680297,0.12326933,0.09113219,0.2525554,0.5386032,0.1853606,0.08553296,1.127604,0.5274526,0.25844884,0.0030397642,0.38570517,0.32436875,0.04509835,0.19828224,0.479558,0.30524272,0.10161288,0.008912357,1.6150861,0.20700273,0.51837754,0.15089236,0.2055215,0.08929637,0.012882477,0.023145676,0.14943638,0.072840795,0.5605463,1.3206944,0.21326658,0.98295045,0.16311553,0.2074897,1.2794809,0.54417664,0.23118842,0.054759968,0.43005365,0.15028898,0.39949337,0.33818588,1.4257789,0.09948397,0.54592377,0.19658127,0.45752335,0.44293618,0.11152959,0.18673544,0.08619203,0.5354713,0.20251599,0.048912857,0.03277354,0.43207112,0.48242366,0.6616664,0.18710455,0.21793374,0.17331178,0.19866815,1.0649133,0.0,0.04612677,0.068716526,1.2273225,0.2266277,0.42273808,0.2836027,0.5149883,0.42016202,0.13169214,0.4582793,0.07262352,0.09440479,0.019337624,0.112827554,0.5265286,0.94308627,0.29637605,0.052928783,0.61536384,0.26871374,0.07187293,0.13022795,0.025226586,0.013902717,0.03507844,0.020784486,0.09074198,0.0,0.46738875,0.038836915,0.060911827,0.08973176,0.29845488,0.49354672,0.9691373,0.57730615,0.0071127736,0.39123243,0.7122923,0.09549205,0.7199954,0.108830094,0.27862242,0.6198446,0.98720336,0.006824221,0.010902088,0.027397236,0.08047976,0.27747482,0.20056804,0.41480714,0.31265306,0.052030426,0.6898791,0.34845132,0.331164,0.030496422,0.2570516,0.06868024,0.23613533,1.2982984,1.1624719,0.066171944,0.15768151,0.41329145,0.4139521,0.07156693,0.0033045206,0.20013672,0.0002618591,0.078735456,0.2900527,0.23136999,0.19543561,0.007587048,0.12650494,0.061294667,0.25174928,0.21955979,0.5152753,0.2971487,0.06874821,1.4956282,0.47476768,0.22639903,0.47392,0.21976858,0.32977903,0.7506848,0.26433274,0.024691014,0.06586093,0.68415487,1.2856209,0.4086811,0.029457528,0.24673972,0.0049837143,0.18936479,0.6556456,1.4494547,0.41071212,0.8935476,0.22518408,0.2833302,0.8119712,0.11221793,0.45825195,0.20271754,0.67028606,0.7481045,0.18682954,0.24724974,0.040416546,0.33427733,0.6514479,0.31591332,0.13208137,0.4506412,0.24007702,0.2719568,0.023526058,0.081701204,0.14271492,0.15730326,0.49046832,0.12689006,0.0853869,0.20565318,0.35061377,0.20369866,0.16889074,0.5057956,0.017853098,0.0805857,0.5720877,0.6192643,0.0262852,0.20403828,0.46633142,0.3984387,0.634364,0.36673027,0.7944551,0.0,0.39088398,0.08721948,0.2438097,0.3682139,0.3914684,0.90095043,0.3240559,0.61689764,0.027769454,0.0005988465,0.25506288,0.42425495,0.058172554,0.5324783,0.6571559,0.5810364,0.06245222,1.0477245,0.27736938,0.53696173,0.4710446,0.8191987,0.42274237,0.22718346,0.103492066,0.48762017,0.29137903,0.58990574,0.13670059,0.1650027,0.24074784,0.06231684,0.24458066,0.1835607,0.1374509,0.9247844,0.0,0.7811823,0.097556464,0.46250293,0.04310919,0.24147616,0.057471797,1.1222022,0.22580959,0.5088132,0.21786088,0.06490691,0.061579376,0.66993564,0.13272144,0.03708134,1.506102,0.14231697,0.18056774,0.31298608,0.636154,0.0,0.21961075,0.20211124,0.15568084,0.32398129,0.022385322,0.5133824,1.0777453,0.07203364,0.3121189,0.14908205,0.6754502,0.062289283,0.49990547,0.22001833,0.23091039,0.21739607,0.5848485,1.0592418,0.27463794,0.9011108,0.10842707,0.21525317,0.5705207,0.23208174,0.045997992,0.19641647,0.22743616,0.42407954,0.04338538,0.5156672,0.12571415,0.109433465,0.3392379,0.1298783,0.109179035,0.046496414,0.16066685,0.5058129,0.2106497,1.5156512,0.5339385,0.90089965,0.1529178,0.19752687,0.31104657,0.10385502,0.17516509,0.38108736,0.58459127,0.07157168,0.057656236,0.19468231,0.11060014,0.12325858,0.42151564,0.21384034,0.3160612,0.3807261,0.24954185,0.4055011,0.36728638,0.033505246,0.2187284,0.09889327,0.112890854,0.11953304,0.95038885,0.6335615,0.1926135,0.28435627,0.24998732,0.5458958,0.11753653,0.17756638,0.72594905,0.17139423,0.16346973,0.27661568,0.12738834,0.88193274,0.46133465,0.006625049,1.1291487,0.98340786,0.0028912632,0.23664594,0.19388667,0.37160122,0.50898194,0.09422655,1.2760273,0.073698655,0.14023054,0.21870044,0.3466825,0.4339659,0.12087467,0.34104005,0.040172312,0.5964566,0.42362437,0.21065427,0.0,0.5695643,0.32182395,0.10194662,0.41417533,0.15834153,0.309125,1.1504855,0.7082968,0.1235476,0.35230273,0.7550038,0.09810317,0.36282778,0.37335008,0.14761266,0.13010103,0.0834088,0.55635744,0.016630324,0.10443349,0.1045063,0.23767734,0.16707572,0.505505,0.21956332,0.4510393,1.2487892,0.68247426,1.1863431,0.60041445,0.5930898,0.053200394,1.4083295,0.4981306,0.78649175,0.13916643,0.07165371,0.7429214,0.10685068,0.32746127,0.035407417,0.37443113,0.09968069,0.6446081,0.05866687,0.14112979,0.0313756,0.59336543,0.21980262,0.0,0.59357125,0.49189144,0.27666143,0.16163404,0.62816083,0.09722861,0.04820267,0.4904485,0.17103893,0.5779469,0.9337353,0.023723226,0.33734998,0.38707343,0.11760317,0.9737402,1.9403548,0.24152742,0.116699986,0.16274433,0.27405998,0.46687788,0.15019417,0.32119024,0.033498682,0.28117123,0.37216842,0.6659656,0.01278248,0.47082394,0.4378274,0.6330005,0.10754356,0.17881732,8.468708e-05,0.12242766,0.2603526,0.16107786,0.050615035,0.5783796,0.07762711,0.07948675,0.09461243,0.33791354,0.4229232,0.06851131,0.17235586,0.4561745,0.13300136,0.14316861,0.20340736,0.5135795,0.39725518,0.2603725,0.023196908,0.7350279,0.5630058,0.55010533,0.10830256,0.060450044,0.82613087,0.71357405,0.67651373,0.70364046,0.15913951,0.09909051,0.45635277,0.54962707,0.059216574,0.060332187,0.21791881,0.10105435,0.09011816,0.14328079,0.556741,0.619635,0.1618864,0.008086447,0.17272359,0.6583303,0.26504102,0.46644306,1.3648653,0.44312578,0.76053095,1.0377394,0.026493836,0.017952904,0.92746866,0.12520942,0.96359736,0.2725748,0.35151055,0.0684461,0.5836383,0.1361066,1.6017586,0.40080985,0.39384988,0.33755767,0.42282924,0.12476435,0.79722416,0.6738379,0.032636117,0.06664948,0.63373494,0.46028927,0.29281133,1.6424298,0.6110859,0.30211213,0.06858379,0.17906606,0.115829185,0.2185714,0.075783335,0.44997174,0.43304187,0.003327399,0.48796585,0.05180376,0.0058774888,0.045162015,0.060978696,0.30919755,0.0,0.4076453,0.755561,0.09062231,0.31416154,0.59678435,0.10412407,1.5379103,0.18177402,0.0719556,0.58567923,0.010448251,1.8873502,0.7661711,0.7762328,0.0,0.22424358,0.11864142,1.2792811,1.2486789,0.8912601,0.2951497,0.9605822,0.111889064,0.16373071,0.6627971,1.1405225,0.78255224,0.3790781,0.30221277,0.2093285,0.43745914,0.27070725,1.505152,2.1224113,1.1849856,0.4748929,0.2953093,0.18053314,0.52308524,0.15430734,0.0,1.7980344,0.21594849,0.032074466,0.57484704,0.28196,0.5083219,0.38234508,0.073568776,0.38967484,0.19740719,0.33615148,0.55108726,0.6543231,0.060145307,0.052659217,0.5776837,0.47560924,1.0582229,0.4077695,0.08113846,1.3515154,0.02577957,0.76584876,0.018946562,0.5038023,0.5930699,0.2089314,0.10941306,0.14860417,0.5687064,0.6043161,0.6473688,0.025514442,0.16956876,0.24248008,0.24061175,0.0042096893,0.9739055,0.8409773,0.37202743,0.5836891,1.0502673,0.03635817,0.20969303,0.51088,1.801949,1.1543257,0.08537994,1.3664011,8.615964e-05,0.2320508,0.3506539,0.19430819,0.10830764,0.8650906,0.34653142,0.35812694,0.23008312,0.20218587,0.08132321,0.13584395,0.35924187,1.0565919,0.4722796,0.76270866,0.43049204,0.73033977,1.4454243,0.039878663,0.08687508,0.0030635556,0.08321342,2.7452555,0.36403966,0.91664255,0.7324255,0.06618567,2.014934,0.4715612,0.49558854,0.37547293,1.6533031,1.4155887,0.61087203,1.6101649,1.3551984,0.11992732,0.35494685,1.11988,0.8470676,0.0,0.68246853,0.117735416,0.21824712,1.0966525,0.5475156,0.35683268,0.40696758,0.39824516,1.1755623,0.041252777,1.8172072,0.9376378,0.27854168,0.26868737,0.05445817,0.6353599,0.26585966,1.7792326,0.557632,0.35833007,0.13402441,0.2416029,0.26289853,0.05676217,0.46277684,0.9919156,1.0888469,0.2842878,0.008056053,0.5792051,1.4006464,0.13236427,0.3026771,0.59316653
0.39493707,0.2282385,0.22882529,0.11378288,0.033444714,0.055304,0.26873767,0.729579,0.26740775,0.3637343,1.0820427,0.19089544,0.16974095,0.31945142,0.19593622,0.27153873,0.46855044,0.15714248,0.3009105,0.6218894,0.8532291,0.37673384,0.043781146,0.016640292,0.4850009,0.02468699,0.6112194,0.9897069,0.1484216,0.51731503,0.04135912,0.06488962,0.23692434,0.18375841,0.38751453,0.33551463,0.10251923,0.033715237,0.18334824,0.23890254,1.0972071,0.34536782,0.0040462567,0.033797394,0.48994243,0.12888259,0.015853751,0.5527842,0.22227412,0.32192147,0.34259546,0.07784799,0.27283198,0.48122233,0.29775077,0.4162174,0.27869874,0.03375709,0.12929276,0.06262523,0.24781567,0.00367605,0.054174393,0.18122639,0.16104132,0.026011018,0.32724595,0.06765069,0.08319201,0.07874004,0.14006987,0.13811317,0.28280675,0.97803295,1.2171887,0.25107548,0.7032099,0.28222358,0.17533123,0.08359799,0.13974723,0.13659999,0.1598585,0.20001073,0.43526542,0.080467,0.30484843,0.23741446,0.15250894,0.0017177878,0.24709393,0.2621221,0.101983204,0.4573003,0.4788071,0.35408914,0.09434833,0.052605316,0.44116205,0.6065477,0.2130973,0.033026163,0.44175172,0.2196799,0.71534026,0.2313051,0.040097,0.037680734,0.14326075,0.04564332,0.42500353,0.048825447,0.069296144,0.13556984,0.53641945,0.16043231,0.1724141,0.71538144,0.09775819,0.13727258,0.34165126,0.6863589,0.16363868,0.2508924,0.6032659,0.4631269,0.05499937,0.055322953,0.42333487,0.2571274,0.2661126,0.6078084,0.054284442,0.2226323,0.26831946,0.15845066,0.33023876,0.4532364,0.4346174,0.38381353,1.573843,0.14435369,0.050046433,0.33510095,0.66992575,0.26935154,0.53901625,0.5077871,0.572752,0.044780955,0.27580482,0.24439153,0.2940235,0.1406318,0.5288049,0.040862523,0.72443646,0.16735095,0.34746724,0.25416982,0.20475677,0.62208265,0.17550752,0.09730125,0.03010121,0.17461523,0.08110643,0.66103625,0.907524,0.548774,0.45092964,0.7219811,0.0043691495,0.5474576,0.23646498,0.5308974,0.7773088,0.028170351,0.18729801,0.333918,0.58146876,0.26817378,0.04641454,0.4027756,0.3361168,0.2556947,0.06092801,0.009810611,0.8792736,0.37182534,0.12982397,0.30256042,0.0061141,0.06583786,0.060390152,0.25603747,0.092648074,0.057407975,0.7950038,0.10184258,0.16946223,0.097334445,0.6179797,0.31749004,0.012211508,0.08275069,0.13358384,0.12571818,0.2379058,0.17620471,0.18116322,0.43944082,0.43203184,0.7413327,0.33573642,0.65107715,0.10120199,0.22204459,0.21258938,0.1660302,0.16613358,0.82587016,0.58410406,0.2930483,0.2428587,0.42781007,0.19083242,0.12034566,0.24518825,0.22516899,0.005945859,0.038143463,0.77627236,0.10657118,0.04676148,0.027675575,0.33116478,0.15795009,0.12591615,0.17631046,0.1051418,0.077156104,0.0982101,0.4536897,0.6477997,0.08470142,1.1085436,0.19918215,0.09719863,0.26252517,0.20390528,0.36791232,0.005136759,0.6435148,0.08054966,0.044213984,0.11847912,0.28591877,0.12905456,0.2143003,0.27686232,0.017341932,0.3244258,0.20744692,0.20485127,0.36317846,0.26104656,0.30269805,1.6609399,0.08073923,0.30743363,0.3957232,0.053249758,0.2324935,0.04519437,0.40468198,0.19153436,0.08060689,0.014302558,0.06201063,0.07002504,0.065959446,0.009499397,0.3537205,0.69558007,0.29849,0.2804769,0.13595343,0.28799364,0.94736147,0.05209211,0.27199292,0.18664794,0.07430793,0.46454105,0.33712232,0.65583396,0.3019888,0.13239634,0.46484494,0.29794455,0.5114535,0.08336729,0.3524649,0.060826086,0.16438484,0.16410233,0.2866814,0.3372928,0.17663868,1.7939699,0.2399044,0.25274262,0.5442897,0.0965586,0.17762348,0.3098504,0.10208155,0.4964073,0.0886109,0.05434984,0.08374671,0.452925,0.07065386,0.861433,1.0827825,0.028637793,0.2038132,0.2222595,0.1820856,0.004590121,0.18176559,0.08869711,0.022702353,0.66414833,0.5695281,0.0054423707,0.050894327,0.23225008,0.046029944,0.0189372,0.13576508,0.17371875,0.1823253,0.06220062,0.22960709,0.1511133,0.038803432,0.97196984,0.049003366,0.06242694,0.3002433,0.07081581,0.4228137,0.000109568544,0.7725897,0.23912281,0.030856658,0.38021448,0.30660075,0.2790789,0.042783536,0.032227598,0.1290692,0.2996921,0.06128139,0.022072874,0.52919084,0.088516995,0.13847378,0.04778733,0.13149792,0.25960073,0.105691716,0.1936771,0.23243466,0.17340103,0.06596953,0.2572018,0.120343596,0.082716815,0.14785933,0.13648324,0.020742616,0.44899455,0.11117439,0.106355414,0.57720566,0.2786774,0.036132403,0.028535739,0.020508777,0.18257594,0.08063533,0.5699023,0.48969543,0.113334715,0.45342034,0.021007394,1.034408,0.37277088,0.20191926,0.034114264,0.17481318,0.52380997,0.26400822,0.45738205,0.7877757,0.014604655,0.30013934,0.15196003,0.16421717,0.5124986,0.28598315,0.31631076,0.2924708,0.76582193,0.21365097,1.04473,0.36837733,0.44044563,0.18826684,0.05360062,0.23373674,0.05305437,0.6568445,0.07677453,0.067321315,0.41987082,0.12911114,0.30208144,0.83049625,0.33750165,0.0067262975,1.3255749,0.027112491,0.3793233,0.11366479,1.914469,0.028238803,1.352875,0.1822799,0.1653026,0.1972922,0.14305061,0.031036466,0.3042253,0.09128588,0.0075678425,0.18969822,0.19582552,0.30277273,0.22135743,0.19679344,0.3733669,0.06352453,0.08585675,0.27520406,0.3716414,0.016966045,0.031357743,0.29223812,1.0423913,0.5509417,0.78690124,0.04184102,0.017118625,0.50745773,0.009840079,0.1293307,0.10827558,0.66754484,0.04457936,0.08749949,0.40170223,1.886984,0.5375923,0.043346167,0.24244928,0.12846276,0.62071884,1.3513824,0.07305228,0.032599196,0.32280385,0.05675263,0.22064498,0.02941462,0.30006215,1.021831,0.026839714,0.23993081,0.17189361,0.30031887,0.10346984,0.012454241,0.059368562,0.04059936,0.25486946,0.858222,0.17658061,0.012415491,0.19623077,0.11665126,0.093310244,0.020858232,0.8626989,0.09311718,0.023489121,0.41397256,0.24018484,0.041025944,0.045596275,0.11091977,0.23121652,0.05393935,0.18110311,0.076887496,0.42615476,0.21676248,0.17325681,0.1383608,0.12189238,0.19796154,0.115992695,0.25459653,0.005226913,0.2966701,0.1497378,0.10389906,0.032777913,0.3774112,0.12854807,0.41851425,0.73172015,1.1294761,0.91171515,0.16209072,0.12094888,0.01676519,0.48976964,0.5789007,0.27803212,0.35775626,0.75753105,0.0064049135,0.37273318,0.024392528,0.019258283,0.26405868,0.2269283,0.0034719072,0.17386259,0.21646686,0.43228093,0.097527556,0.6649406,0.18264562,0.12557141,1.6371722,0.3748512,0.5220344,0.2149815,0.46445087,0.8885856,1.7050382,0.028578224,1.0948586,0.3399183,0.20477098,0.16681013,0.36312127,0.19874254,0.20417273,0.70208323,0.18533522,0.06530256,0.11738587,0.2112751,0.13679223,0.15794641,0.1361736,0.53882515,0.23879193,0.13590862,0.08364903,0.1246725,0.104436144,0.024759257,0.1619094,0.054734625,0.15855907,0.48415044,0.041193828,0.4251762,0.121913925,0.20710823,0.2970915,0.37976697,0.15140913,0.0,0.074039474,0.14726391,0.54507846,0.4381459,0.09024113,0.865096,0.40574527,0.052809667,1.2189776,0.1776462,0.09044026,0.060634747,0.086225756,0.19267339,0.7200134,0.42125976,0.22973149,0.27336782,0.78068453,0.4028207,0.2758636,0.1177178,0.22771898,0.0136374375,0.8440601,0.06800481,0.033620853,0.054795578,0.38177714,0.2052733,0.2885317,0.23635656,0.008979913,0.44954368,0.04290604,0.44365242,1.1625456,0.08702794,0.04433381,0.24450195,0.13394102,0.50537646,0.23308171,0.46421143,0.41721308,0.06219988,0.072621845,0.18629839,0.091917194,0.027853645,0.014344512,0.3439634,0.1880424,0.049635727,0.0759573,0.5569233,0.722298,0.022317277,0.09306172,0.42395183,0.058125213,0.3798257,0.13159597,0.14984614,0.07583344,0.36020666,0.013063673,1.5546409,0.32445413,0.03848817,0.25480705,0.07929636,0.12889466,0.29188842,0.20717287,0.3726488,0.3156129,0.7214991,0.0568173,0.94468,0.042402986,0.08471088,0.39455187,0.4074025,0.30901587,0.02603725,0.08853714,0.15796153,0.44444802,0.33938962,0.119702935,0.17621996,0.22896767,0.028033528,0.1596637,0.080034345,0.06788957,0.5524659,0.088069156,0.26711679,0.5368612,0.10468724,0.001421333,1.0437655,0.22443813,0.18526483,0.19698791,0.0064669405,0.5129938,0.6318437,0.6447543,0.040882412,0.101634994,0.16862434,0.27592936,0.28311735,0.33204645,0.67976844,0.6130067,0.107751876,0.10574536,0.1749192,0.0863602,1.5254431,0.19397229,0.8678921,0.08987134,0.29018685,0.0013324703,0.86586356,0.3690743,0.26354727,0.43627644,0.21248178,0.6218783,0.6754751,0.2615853,0.02250158,0.09413651,0.030978978,0.1768138,0.1655024,0.41999424,0.29486737,0.18840402,0.57432306,0.5158014,0.19158316,0.74042314,0.054133788,0.38203788,0.048197597,0.086729735,0.07467267,0.870055,0.41667354,0.15713511,0.19559446,0.24325973,0.097347885,0.5274279,0.0,0.29752225,0.08702754,0.1718196,0.16223826,0.2470949,0.10840042,1.4163296,0.31854227,0.3127682,0.005876073,0.28743875,0.014936343,0.09657544,0.25988936,0.8568638,0.11326825,0.8311052,0.44223183,0.7627195,0.4542415,0.19482712,0.5603815,0.5686877,1.1039395,0.4034506,0.15443297,0.4924798,0.1806033,0.43266848,0.6826868,0.026309866,0.2307621,0.23816442,0.93907726,0.29143494,0.1996496,0.24949677,0.33394068,0.1520155,0.27574712,0.091839015,0.3140051,0.128103,0.73378974,0.5883011,0.050177645,0.7247231,0.07847361,0.016993247,0.12155326,0.058475588,0.03437841,0.2534461,0.6266058,0.24925122,0.14122991,0.4915012,0.34654552,0.005402036,0.424038,0.045380272,0.03319431,0.23420385,0.33538172,0.06978269,0.57695156,0.13053545,0.7900611,0.5057175,0.2637828,0.41668284,0.08752884,0.4522506,0.8344462,0.8898169,0.06550091,0.5929074,0.55130917,0.6607672,0.018840246,0.043940056,0.75557166,0.6064429,0.42260092,0.0003258469,0.030770697,0.12933391,0.54169714,0.089391336,0.7305285,0.3569876,0.359765,0.0023484407,0.26932365,0.39074,0.13992898,0.18245079,0.33571973,0.87869203,0.18419258,0.081759796,0.17319794,0.11903236,0.0689849,0.07909917,0.055324554,0.29432032,0.3584372,0.39009127,0.25128537,0.10028459,0.24569601,0.78899705,0.15854047,0.1551984,0.08041459,0.56690264,0.095556416,0.67530626,0.34552306,0.45546502,0.09412208,0.23656198,0.10355513,0.11372018,0.34708577,1.0407479,0.31756902,0.7374632,0.007958667,0.12489879,0.038638357,0.4323448,0.58173734,0.033588238,0.035882715,0.16011542,0.05510121,0.0007454925,0.9166003,0.2088675,0.15713009,0.21623528,0.4590642,0.08112733,0.32144305,0.035565794,0.082861856,0.38002232,0.5861909,0.20956269,0.6892648,0.021217525,0.57459116,0.075067505,0.1488071,0.0057893107,0.22964379,0.33080888,0.13192143,0.2447893,0.24223122,0.07200879,0.10301063,0.036358222,0.40475985,0.15205768,0.11192046,0.06634048,2.2721407,0.14970708,0.56495285,0.36231762,0.24468963,0.09761557,0.37060553,0.047404334,0.2511838,0.3422225,0.40514797,0.14002284,0.14270434,0.22687425,0.3180052,0.17182367,0.30612963,0.039393187,0.39236468,0.39024726,0.31182277,0.07779508,0.0027052243,0.12477583,0.47867647,0.44454885,0.22095564,0.3540575,0.35959712,0.05065521,0.7175584,0.18512997,0.08901024,0.2907735,0.9124739,0.41658318,0.0893958,0.16138375,0.15386266,0.0933993,0.25935242,0.21519761,0.24223372,0.033817798,0.1351378,0.33249635,0.35787353,1.6072466,0.005785485,0.5574,0.7456379,0.3840186,0.2150405,0.23011108,0.1341284,0.11414528,0.10147354,0.005289589,0.008627775,0.42863476,0.066343084,0.5853083,0.0501888,0.36687747,0.35759,0.08931317,0.14103065,0.41646892,0.3270821,0.30105144,0.2580363,0.70018256,0.046667248,0.10869513,0.2028983,0.0062803826,0.12841849,0.40350837,0.09540117,0.3801102,0.15163621,0.3315992,0.091815226,0.097044155,0.011299509,0.14073159,0.07883704,0.07017896,0.29101086,0.23445196,0.08932813,0.10835434,0.032115374,0.2376219,0.11602451,0.076092064,0.40489078,0.2021278,0.04545433,0.22013403,0.67319274,0.04052516,0.07570119,0.28747755,0.2221077,0.9333271,0.22436833,0.16807798,0.14475873,0.29906866,0.75283384,0.24137527,0.7164006,1.1837642,0.067494534,0.08734228,0.08143996,0.16885394,0.23395383,0.07517602,0.11340275,0.1050401,0.5158383,0.30161512,0.1847781,0.1340965,0.08996579,0.1425062,0.10500187,0.24735704,0.12325854,0.100578,0.61092985,0.2822005,0.074874595,0.021703124,0.66382533,0.08811456,0.030235022,0.2362221,0.17270198,0.26366323,0.7883913,0.063286014,0.13337034,0.3221329,1.3009343,0.14186719,0.35904926,0.035072073,0.48145124,0.025169645,0.17345992,0.11378991,0.09723006,0.49677485,0.16375864,0.08634807,0.41462812,0.6534252,0.28717476,0.23591876,0.102494135,0.3029532,0.5769262,0.25428647,0.3410906,0.45311803,0.5458169,0.48308703,0.18192317,0.15801239,0.046159416,0.49141374,0.27360478,0.17102015,0.12373934,0.5140421,0.47301173,0.81090254,0.29019338,0.20243537,0.076356634,0.3526948,0.92125165,0.9015721,0.19797015,0.21958041,0.64233243,0.44120997,0.7022996,0.25765342,0.35790235,0.46604598,0.04186006,0.26431483,0.54057634,0.2809898,0.19433007,0.7948713,0.21800335,0.6790929,0.22492158,0.48099434,0.24083795,0.1862357,0.3858895,0.47701782,0.112331726,0.6174024,0.76134205,0.09607215,0.77085984,0.7007393,0.19183543,0.32342684,0.3059882,0.47407055,0.28981188,0.051462635,0.6843239,0.23857258,0.3857751,0.30617672,0.10426889,0.39523205,0.5587609,0.22671032,0.11617121,0.21840575,0.2811047,0.15772787,0.15515175,0.39973065,0.26145393,0.57972646,0.20020068,0.01791201,0.22912142,0.3068272,0.33024216,0.6933372,0.31719634,0.72511184,0.34334564,0.5804338,0.21705171,0.11661296,0.050503306,0.11361559,0.071986675,0.14031175,0.90861225,0.49213082,0.04831301,0.06556937,0.10691741,0.24795648,0.44583532,0.45572996,0.4227322,1.4862335,0.032888837,0.0,0.20623331,0.33970726,0.107243404,0.28558764,0.12643921,0.7110669,0.6808026,0.1420486,0.27936774,0.39274338,0.72229105,0.16527048,0.12484099,0.5140958,0.32215112,0.24147797,0.27943563,0.64936626,0.6022165,0.24279384,0.1511169,0.15885684,0.10859497,0.14619793,0.72990847,0.025840333,0.13781452,0.26136038,0.24654111,0.0883799,0.003476481,0.17999992,0.27565905,0.6110232,0.11059618,0.1957366,0.73357546,0.1843599,0.13118598,0.22233838,0.8095999,0.9378346,0.06846502,0.19550104,0.46767175,0.16411495,0.6343298,0.583912,0.19501847,0.748086,0.33389604,0.063202195,0.31150717,0.17993939,0.5262897,0.39313504,0.43514842,0.9091916,0.24395387,0.4622792,0.77031136,0.29782495,1.2228084,0.16721903,0.40104985,0.20114216,0.2135692,0.13484745,0.59288347,0.60776174,0.06994619,0.35616285,0.4910727,0.21801135,0.36507404,0.2148505,0.12131457,0.47787723,1.0644956,0.37160516,0.15803069,0.016094178,0.37856364,0.20794596,0.12986596,0.10941414,0.17666231,0.17695223,0.091978826,0.32859263,0.17077021,0.4798497,0.24102497,0.777871,0.4107957,0.1479437,0.6417302,0.1433577,0.09143918,0.98598087,0.061371926,0.09853635,0.041077726,0.75954765,0.3058967,0.25258648,0.174611,0.5765752,0.17280659,0.080504455,0.33919418,0.230335,0.79068196,0.21517769,0.43708593,0.58036816,0.113086924,0.13342077,0.010793926,0.35557878,0.3722845,0.23074892,0.26732096,0.29840893,0.15466161,0.40225035,0.2528358,0.29949832,0.92566603,0.30481854,0.31721145,0.5133833,0.31747645,0.41403496,0.53856516,0.4350464,0.26155856,0.4266708,0.37202877,0.24514794,0.14581227,0.24849546,0.1874173,0.1330091,0.14974673,0.36662316,0.72191036,0.06620857,0.40272704,0.5253571,0.049909,0.56900346,0.76160836,0.64836156,0.36655948,0.32037523,1.2529616,0.7837538,0.5320448,0.053775225,0.1988225,0.29461443,0.1266891,0.07316705,0.3386174,0.12466784,0.7004331,0.87265116,0.040125255,0.36189926,0.13355973,0.2511693,0.7957986,0.87133795,0.21896058,0.14316066,0.15163894,0.064272866,0.38401872,0.48488837,1.6230304,0.061814103,0.49770898,0.26290548,0.19718494,0.14109397,0.027593296,0.2849735,0.23857224,0.31421542,0.13717861,0.17386939,0.49188483,0.24676552,0.56020874,1.1492863,0.60237896,0.6026534,0.33257285,0.42963398,0.64177626,0.22685131,0.08134809,0.38995588,0.5875083,0.5177181,0.34829456,0.10904576,1.0792537,0.21678011,0.3080485,0.6214761,0.2834162,0.05354774,0.27669054,0.42322904,0.90422434,0.94613135,0.17090273,0.021992419,0.10396238,0.5002791,0.08601376,0.25947082,0.10719221,0.1395166,0.03210367,0.06346467,0.27436778,0.0532299,0.39697146,0.20239595,0.09031117,0.45846653,0.5209542,0.25327486,0.4942522,0.1757636,0.13181284,0.38493988,0.36905515,0.14746588,0.65793604,0.043625005,0.39134282,0.16493039,0.34781998,0.0,0.1281484,0.044954434,0.29748613,0.22802241,0.37839347,0.54766595,0.2384485,0.17687988,0.6745477,0.60744524,0.32313278,0.10679251,0.59769857,0.06340272,0.07964291,0.88805646,0.5334922,0.17692493,0.046725616,0.118672796,0.11880428,0.27284458,0.04679185,0.5799357,0.011985981,0.11670834,0.6470965,0.09970478,0.27873868,0.024666037,0.35044023,0.21439722,0.46644938,0.3490329,0.76599085,0.3343998,0.1111765,0.68508434,0.17001534,0.2493934,0.3567131,0.51346546,0.19106606,0.14638446,0.48324847,0.26264608,0.21372516,0.44501263,0.52179337,0.5206103,0.022613253,0.24717388,0.05418204,0.06923645,0.40489566,0.8067271,0.9436054,0.23494726,0.053009633,0.47600952,0.6556869,0.07654498,0.6225621,0.36812449,0.21526754,0.5479622,0.4443969,0.8610554,0.060847305,0.27081215,0.37542573,0.2855829,0.22123767,0.32500476,0.23661542,0.24753094,0.15985493,0.37825727,0.34871772,0.26458725,0.3195569,0.1118443,0.35351402,0.4753472,0.9311963,0.32910717,0.3453751,0.5701734,0.07831753,0.06875296,0.5587764,0.42953995,0.05967895,0.25386855,0.35973233,0.7402389,0.56803703,0.3261187,0.57204115,0.004557433,0.56027436,0.49879974,0.20490277,0.40875858,0.6588414,0.644433,0.6396272,0.34789824,0.27558327,0.029078607,0.30001855,0.44037074,0.043019205,0.8288827,0.6646757,0.11367646,0.2432456,0.28192958,0.5647782,0.16563651,0.5542596,0.94814587,0.5120482,0.59620166,0.13088286,0.11887536,0.6720364,0.859301,0.29924858,0.15778778,0.023211773,0.20546031,0.2928384,0.18519293,0.35986716,0.5990725,0.020650808,0.27213758,0.24377242,0.10774498,0.19683984,0.18061471,0.1329836,0.2894513,1.0089929,0.20557314,0.47425693,0.15616585,0.13554844,0.2586586,0.27577323,0.45487344,0.92546314,0.24667898,0.23537229,0.36089012,0.62265474,0.12096104,0.10862923,0.15864162,0.01729516,0.5493728,0.03977961,0.5306032,0.93056023,0.12947285,0.3748849,0.22719052,0.867177,0.112243086,0.3742758,0.078654245,0.019637331,0.35224375,0.18650517,0.79517823,0.2668735,0.63827074,0.40999866,0.512678,0.98408455,0.5662416,0.26828337,0.0543472,0.32959014,0.37195757,0.11532051,0.45945603,0.11109531,0.10627024,0.43802935,0.06265393,0.2928153,0.13925599,0.43744534,0.30377394,0.17319001,1.091935,0.32860368,0.36451083,0.11797364,0.30126068,0.21218345,0.10995315,0.15275607,0.32290667,0.41190106,0.3878163,0.37925595,0.20361638,0.20273021,0.08708975,0.3953151,0.21513161,0.24348336,0.5562516,0.4191184,0.38869953,0.92333317,0.00031682715,0.3579595,0.52136433,0.12621447,0.24584457,1.5240613,0.8479078,0.28867817,0.20009191,0.29790148,1.0330683,0.1420337,0.22684641,0.7381433,0.35022444,0.27185893,0.59494466,0.36251295,0.65689915,0.013610717,0.17273465,0.0465199,0.90024656,0.01798657,0.31743723,0.43304467,0.46599686,0.500471,0.22891812,0.36859164,0.05759551,0.21709932,0.24109408,0.6777041,0.13189787,0.1699435,1.012365,0.044590447,0.39613825,0.46409208,0.10079377,0.11997558,0.1498079,0.28661817,0.613206,0.5642373,0.18427715,1.1331902,0.453749,0.36795288,0.2100693,0.31828427,0.56513965,0.047981475,0.4274354,0.09131863,0.40318024,0.7119789,0.3055567,0.7739604,0.11532311,0.14371246,0.43205082,0.08269239,0.12896246,0.63861126,0.43292454,0.45630187,0.7168425,0.87378854,1.2471967,0.26421502,0.73361367,0.27012116,0.3980801,0.6212716,0.82572067,0.0856008,0.1466213,0.3836627,0.20691559,0.35368925,0.30021635,0.4639275,0.15531749,1.4223549,0.002197077,0.1143733,0.14947307,0.39990032,0.013031117,0.010280767,1.1524858,0.06097745,0.6061735,0.29130107,0.35676438,0.2167615,0.061488114,0.69498575,0.5493992,0.4979078,0.95580983,0.22123006,0.79723334,0.4102376,0.22549832,1.5491229,1.137002,0.3113725,0.17388695,0.19213535,0.08454226,0.16425103,0.21964975,0.26510748,0.06867383,0.1472955,0.5827706,0.30576193,0.031073827,0.39350158,0.3107379,0.77580786,0.092572324,0.06554143,0.046384357,0.017963568,0.24195047,0.050647475,0.14373313,0.25314504,0.3773226,0.113656886,0.0654063,0.63630605,0.39500636,0.1014476,0.06370628,0.35214508,0.40990993,0.14070415,0.6690104,0.48136023,0.3559868,0.1474373,0.0039975643,1.0712624,0.43300575,0.23239979,0.16627166,0.20872343,0.28370136,0.2502708,0.67965305,0.3390005,0.07900849,0.114566885,0.6410862,0.7560288,0.28575072,0.112874046,0.2274771,0.2866959,0.15598926,0.011136012,0.646619,0.33412746,0.4996057,0.033812247,0.033337824,0.18006814,0.43795776,0.46501678,0.497216,0.2303665,0.19861196,0.7085686,0.06322844,0.1250377,0.57502097,0.14405644,0.36097416,0.66401225,0.24029475,0.22010705,0.69397193,0.09589378,1.6477442,0.7082271,0.30849764,0.15111822,1.3255012,0.0085703265,0.6381655,0.62224317,0.082728215,0.0,0.59106046,0.41406965,0.22458851,0.8643425,0.40632683,0.2507358,0.0,0.2469271,0.11359422,0.40353513,0.06919986,0.44950137,0.46258396,0.044633005,0.22336084,0.01661123,0.005332642,0.061791986,0.054688275,0.28791016,0.0,0.25549603,0.7583868,0.21144293,0.6729851,0.4202506,0.11561363,1.4000732,0.025210643,0.121523686,0.6416844,0.00034298378,0.82960707,0.27101347,0.5242182,0.0,0.01567337,0.014316292,0.34442466,0.5344854,0.61490315,0.069397315,0.7230307,0.14282422,0.44184905,0.44521126,1.0710251,0.5046298,0.101264805,0.057151265,0.1499725,0.45828497,0.07434149,1.0411842,1.9674244,0.820083,0.24377781,0.32239813,0.09817244,0.37989402,0.39876696,0.045339614,1.0120945,0.010278182,0.06524612,0.15899019,0.12818538,0.6141529,0.5153104,0.027814258,0.2830159,0.38947013,0.0895928,0.29388034,0.3204387,0.023138145,0.00906713,0.38299197,0.6743243,0.92267895,0.29671752,0.035198804,0.500463,0.18770047,0.43495047,0.0,0.5492106,0.43151802,0.11290486,0.24587221,0.014749974,1.0000565,0.42388582,0.17286359,0.10489975,0.440774,0.46327853,0.15662508,0.0,1.2329576,0.17478666,0.26581255,0.33056617,0.9050195,0.05862935,0.8634817,0.3419219,1.6396484,0.8717783,0.0048850914,1.0021557,0.06998354,0.12286951,0.2023072,0.06121507,0.19867547,0.41787234,0.0614898,0.2320309,0.21147312,0.105720595,0.19750345,0.31928128,0.30411297,1.3137339,0.24421772,0.33855805,0.3015247,0.40757322,1.1269732,0.055310708,0.026789626,0.0003535053,0.18255287,2.0868175,0.060116045,0.43051177,0.45476013,0.09659465,1.5350552,0.27869073,0.66333306,0.29570806,1.5108755,1.4603616,0.6059841,1.0612345,1.2419074,0.26119685,0.3367882,0.9514316,0.7962166,0.0,0.10519982,0.16340867,0.23182802,0.74725693,0.5280876,0.08240984,0.20193912,0.46311837,1.3027282,0.035724446,1.0353773,0.4717387,0.06169772,0.40752923,0.18119265,0.72480124,0.18365057,1.5834522,0.44486666,0.53753346,0.2461794,0.21529847,0.13642786,0.019779895,0.380274,0.74007565,0.8633144,0.17933679,0.07328797,0.26020417,0.72760147,0.16187796,0.114631385,0.09223283
0.20767131,0.36867055,0.06754437,0.22315013,0.15235084,0.11229167,0.28518036,1.0527475,0.45628017,0.42727193,1.4889767,0.14503808,0.2282129,0.36428306,0.35159162,0.33538806,0.32079828,0.07203393,0.38361573,0.41691172,1.1662322,0.21707922,0.11285472,0.017990448,0.3972407,0.044402413,0.302974,1.0959535,0.2811099,0.8179435,0.026064273,0.15331174,0.22264668,0.13872342,0.6678853,0.31301698,0.10694689,0.052381396,0.2918364,0.08612147,0.99371445,0.28657806,0.015816972,0.117763855,0.4518892,0.07797147,0.010566642,0.81809485,0.23773158,0.1432777,0.22373071,0.06914502,0.19665043,0.47791216,0.32485425,0.4009098,0.18451665,0.14796515,0.19948442,0.019648317,0.26038754,0.022541892,0.08749577,0.17393331,0.15224558,0.06628842,0.45587775,0.07294684,0.138787,0.17736903,0.27617452,0.24710375,0.258938,1.0065247,1.3809551,0.30651557,0.75862277,0.3530724,0.23496847,0.2080956,0.088192925,0.116818324,0.36627686,0.25367835,0.45226368,0.1621364,0.36763477,0.4105743,0.16195548,0.004153234,0.51356894,0.5034993,0.31793457,0.5111213,0.5085,0.2372454,0.06922139,0.059162438,0.5069009,0.8666255,0.16275075,0.010175177,0.23899564,0.1628027,0.77441776,0.20613188,0.029446114,0.01732963,0.15885296,0.19817911,0.111964986,0.041906208,0.022506278,0.22057518,0.5550902,0.10359017,0.12452686,0.9953598,0.12284396,0.103143826,0.16913956,0.9098404,0.05338576,0.17358088,0.39265835,0.11587994,0.08217399,0.14787102,0.22792614,0.13242258,0.075628236,0.62882954,0.019785834,0.22339499,0.33718383,0.28562045,0.22567877,0.50541234,0.16670671,0.41807726,1.1614711,0.12489705,0.09128698,0.5995956,0.68838906,0.4800856,0.47538662,0.969379,0.27530348,0.09422826,0.3543808,0.29677534,0.32920635,0.09623088,0.5646635,0.086603016,0.70782626,0.068081684,0.29177883,0.20159505,0.24490824,0.81725734,0.13592996,0.17548332,0.19257969,0.25568056,0.035419445,0.48220083,0.7105851,0.37414157,0.57019407,0.3796427,0.002673572,0.5263702,0.10204789,0.2816277,0.6478548,0.040700473,0.1235253,0.39607227,0.5437661,0.18872145,0.21158308,0.6157508,0.39370224,0.3937759,0.05275252,0.03568647,0.72986054,0.25759885,0.08502537,0.2687,0.08543609,0.19648634,0.061267253,0.35068148,0.12735498,0.21035215,0.66682804,0.11546092,0.39946967,0.11555357,0.644799,0.51709783,0.024896845,0.10378121,0.03798314,0.22230583,0.22302608,0.20578231,0.3311495,0.40483105,0.3766539,0.5750041,0.23770142,0.6840428,0.04699079,0.18454227,0.23641993,0.26419392,0.11623498,0.6206387,0.8247404,0.20248073,0.2968878,0.65748596,0.24047653,0.039728858,0.22211973,0.26085225,0.010522368,0.07427272,0.8238511,0.2843544,0.024227116,0.08199484,0.22548752,0.12453035,0.16694975,0.11261526,0.06328941,0.088029176,0.11824673,0.43742388,0.6551634,0.02472492,1.2206001,0.3926603,0.14466417,0.32413512,0.09180401,0.45974025,0.0,0.6914595,0.23897061,0.07121377,0.20708895,0.24245471,0.09266742,0.15382463,0.17655742,0.07461731,0.34379113,0.21873817,0.15526868,0.44057697,0.51834005,0.5151875,1.782349,0.10258499,0.26652175,0.65239656,0.15773648,0.34401095,0.07125602,0.2598766,0.3914557,0.23359683,0.15191534,0.07539213,0.034886733,0.035375524,0.0018060334,0.25116208,1.0064616,0.2263883,0.20350705,0.21627423,0.34329242,0.9284686,0.047636162,0.17114921,0.43036908,0.19494474,0.45155564,0.24550295,0.6134802,0.41935164,0.06186769,0.4729549,0.34593314,0.5765299,0.16914019,0.3539594,0.104372114,0.11501911,0.13974175,0.1625678,0.300089,0.17404377,2.10842,0.20585015,0.23717068,0.4700455,0.19222173,0.4634958,0.20220836,0.17278162,0.5174819,0.04040918,0.029486153,0.09163721,0.3793389,0.11870094,0.57381845,0.91659,0.07004876,0.36276922,0.1503215,0.34719634,0.012700816,0.31698638,0.097637594,0.018420989,1.0596216,0.54324424,0.19726658,0.15575197,0.32058793,0.1047461,0.008820971,0.016481776,0.10800327,0.13753936,0.13766822,0.062202796,0.28102532,0.18833847,0.7547556,0.040211037,0.007959831,0.26183432,0.09517802,0.35368538,0.04236625,0.82909024,0.20589918,0.046043813,0.6340537,0.188359,0.12258299,0.097896874,0.026965834,0.12816054,0.39698032,0.1392268,0.060047172,0.34617805,0.2747401,0.16145828,0.070575476,0.16560839,0.15821297,0.10434687,0.12933215,0.23623322,0.012527356,0.24004588,0.1834329,0.02977662,0.16349524,0.5609704,0.02914397,0.16304475,0.8863771,0.112237774,0.062262468,0.64546645,0.13526626,0.054027468,0.046759516,0.012158357,0.22566669,0.0025485817,0.3544894,0.506881,0.12807778,0.7139809,0.22197783,1.1851141,0.29969946,0.089386,0.09834588,0.17853346,0.21124956,0.2714809,0.4373943,0.5509243,0.006343941,0.36687207,0.23468153,0.028697122,0.7228505,0.09323296,0.29213563,0.41019157,0.99532735,0.058713473,0.8917812,0.34218115,0.44515318,0.09179747,0.03310476,0.07502028,0.12494409,0.6660845,0.07072677,0.05139392,0.4851667,0.026983917,0.20637387,0.44408762,0.29705077,0.27933013,1.1158764,0.001378483,0.36603108,0.24242583,1.9945421,0.078411065,1.0700784,0.46837813,0.32627565,0.24469501,0.3452063,0.09440518,0.48645177,0.13769218,0.050663106,0.28698686,0.15137956,0.3299606,0.24314031,0.07089035,0.61561775,0.11836431,0.1910966,0.49060488,0.22140488,0.050831236,0.09602857,0.42843467,0.74656606,0.20031883,0.92892796,0.0030240696,0.016757945,0.44465974,0.0904178,0.13590643,0.16817905,0.7452619,0.0,0.07155964,0.4253899,1.6336225,0.31202847,0.029814674,0.11891225,0.13999145,0.58907545,0.61575204,0.103219114,0.0243119,0.32101762,0.113838986,0.21817562,0.012225227,0.33974117,0.9975778,0.06393926,0.27856562,0.23986319,0.57310796,0.19833112,0.05128514,0.012388604,0.1495429,0.18391888,0.7467327,0.24383485,0.1320687,0.060530327,0.33191147,0.109485835,0.013715643,0.679268,0.08851819,0.019087384,0.467655,0.19293535,0.054765914,0.1327452,0.07640429,0.14704674,0.02861512,0.34531066,0.11202107,0.23419218,0.322199,0.02810353,0.14615217,0.16285464,0.35869598,0.04234171,0.2698105,0.013992162,0.20195255,0.14286631,0.1812233,0.13184264,0.47289723,0.060838718,0.54527485,0.5146563,0.85919535,0.5297246,0.005299705,0.2667674,0.05701208,0.58089733,0.837248,0.27891338,0.4005159,0.3797844,0.0028555759,0.67629623,0.0049808947,0.07134465,0.27823997,0.05038839,0.030252414,0.08751969,0.3220073,0.35911676,0.22645994,0.59525657,0.22902682,0.07135512,1.502053,0.5083184,0.79933906,0.30176133,0.32570735,0.7192437,1.0736108,0.020038761,1.1065135,0.37067676,0.20509958,0.18396607,0.3996489,0.381101,0.2403659,0.59825414,0.25448865,0.096687764,0.093583435,0.3468961,0.14603111,0.12102866,0.023912156,0.37077296,0.18625355,0.07538973,0.13626888,0.38108277,0.123194344,0.24745506,0.320745,0.11603121,0.17026383,0.4572792,0.11694959,0.32499337,0.28573978,0.24157317,0.19226748,0.6216207,0.05587741,0.0,0.15987882,0.50065136,0.32778937,0.24643409,0.16652939,0.95700973,0.11690268,0.03622874,0.7584541,0.27970928,0.07636026,0.12017837,0.16916421,0.32265368,0.57006705,0.2820545,0.47518018,0.21255812,0.61969256,0.5318314,0.2559312,0.21905786,0.11164213,0.0,0.7719768,0.04417105,0.08750239,0.13860734,0.69319034,0.30583045,0.18471391,0.04500087,0.08158801,0.48856348,0.099047504,0.3889046,1.6099117,0.36806786,0.117749,0.24973767,0.21053335,0.5665282,0.3118142,0.82652175,0.53450847,0.0014204524,0.15660661,0.13719665,0.10661395,0.16610259,0.061501652,0.22364098,0.10052523,0.027295612,0.019436467,0.31932342,1.0010718,0.043923404,0.115903825,0.42742923,0.4102983,0.36368144,0.18800467,0.09913848,0.4613576,0.4498085,0.2534355,1.712892,0.43560013,0.08096023,0.24743131,0.07389249,0.19997498,0.19487873,0.37537652,0.35321122,0.4937675,0.72032124,0.1292177,0.827687,0.09360357,0.13409756,0.16234662,0.46931726,0.5064153,0.041423935,0.28636184,0.24662259,0.10278031,0.27211285,0.27797067,0.3835108,0.18760154,0.25624043,0.31289238,0.38653773,0.0048968904,0.25835195,0.160489,0.12987551,0.63852644,0.09658279,0.00056259107,0.6434357,0.4754754,0.26909578,0.20329317,0.025054127,0.6700648,0.6950772,1.086562,0.054895245,0.17858073,0.33161578,0.49115208,0.36174512,0.14953269,0.76980436,0.7815103,0.19710465,0.1491935,0.01390284,0.06371097,1.3511615,0.302167,0.60371196,0.050423108,0.31115562,0.0035954353,0.9558809,0.50323427,0.67007446,0.5006898,0.3104868,0.6069701,0.32995176,0.27138925,0.023455642,0.09999876,0.014591271,0.15905465,0.08659481,0.63957894,0.14022954,0.36982402,0.84458566,0.4604265,0.14718103,0.73310935,0.040449113,0.39135385,0.29702127,0.14105386,0.08060404,1.2013593,0.24950695,0.2824281,0.38347968,0.2976944,0.15050182,0.6715922,0.0034745696,0.14393249,0.08861411,0.23910663,0.31432274,0.3965705,0.021146912,1.3734621,0.29925147,0.31254268,0.09792872,0.4100628,0.24797237,0.15172604,0.2036058,0.6873863,0.0785273,0.7371302,0.5934802,0.40166593,0.74744046,0.1389699,0.3469281,0.3420403,0.87944317,0.3193346,0.1256853,0.5099482,0.07116094,0.4374599,1.1064346,0.09406673,0.27620745,0.46427387,0.7012195,0.3403734,0.24498737,0.70782,0.47433996,0.028759316,0.14469714,0.011534035,0.31240347,0.27983445,0.5483305,0.6761024,0.05641272,0.63273,0.07174957,0.10474521,0.06997591,0.088070944,0.07770752,0.15791823,0.8528702,0.34245327,0.06510973,0.45489272,0.41565,0.170623,0.39106974,0.18210697,0.021499211,0.51602936,0.08463071,0.09638165,0.88182384,0.38732934,0.6641431,0.29716003,0.028187321,0.26593763,0.11126905,0.48484612,0.9469471,0.7515252,0.012517616,0.6595829,0.14146954,0.70846856,0.028416432,0.016353019,1.1739603,1.184846,0.19922319,0.00032020232,0.08403941,0.114938006,0.39861163,0.0776573,0.34641987,0.7234808,0.34222904,0.0,0.6440617,0.51560116,0.28591764,0.14970838,0.5272773,0.6730096,0.24534528,0.021571266,0.36316788,0.06908949,0.0732337,0.15551415,0.10257742,0.6969236,0.34143537,0.5515462,0.6167888,0.04002603,0.21194111,0.9848252,0.4247257,0.20547137,0.27023876,0.4773931,0.17671609,0.6605215,0.39151877,0.6437815,0.53013766,0.35598075,0.030522255,0.14462785,0.45418352,0.77160674,0.65840745,0.3356906,0.19443059,0.20677903,0.17062275,0.5872676,0.54725504,0.082162485,0.034082826,0.13261199,0.24265665,0.037049927,0.6837396,0.12900688,0.15218528,0.29102445,0.54101205,0.1711584,0.32879862,0.08797485,0.2559559,0.36504892,0.9006703,0.14123663,0.57656014,0.13809085,0.5542309,0.17423937,0.22018781,0.15900883,0.43274802,0.36825204,0.08106014,0.18248256,0.32050967,0.1116728,0.30437934,0.07449782,0.16806857,0.11798338,0.15592694,0.10407476,1.7166636,0.09380278,0.21962947,0.50649667,0.565404,0.096334286,0.16785577,0.22015166,0.1867314,0.4060577,0.3445421,0.59365654,0.058463104,0.21791947,0.4314077,0.18254314,0.37555206,0.22321853,0.29264322,0.5982448,0.06777552,0.050630134,0.07984155,0.14510784,0.21288249,0.30512917,0.2297399,0.34509656,0.23996098,0.17294423,0.66795516,0.058517464,0.09566566,0.17593049,0.75480425,0.4390818,0.17391142,0.14705566,0.074256346,0.3575373,0.3667672,0.15996009,0.1716356,0.10215056,0.44730055,0.33465654,0.25992745,1.6701481,0.038309027,0.6880927,0.4098488,0.5580493,0.28679726,0.23179509,0.14048603,0.04927426,0.24190298,0.09018998,0.017531479,0.37566006,0.017622402,0.35088074,0.03543428,0.15571496,0.4158411,0.08073215,0.14716518,0.39201614,0.29226846,0.5036034,0.08974784,0.6511489,0.33688074,0.16112536,0.15110555,0.14133616,0.037640475,0.46317995,0.27458918,0.33938172,0.05935346,0.2892552,0.08394624,0.23244332,0.020842629,0.24548559,0.17469798,0.0135711115,0.16934818,0.53037286,0.07724665,0.091565624,0.090215564,0.1749967,0.23991624,0.36924633,0.29093343,0.09209875,0.17929605,0.25491256,0.7127148,0.0971107,0.056244057,0.30333978,0.20709671,0.8835586,0.29632205,0.11092174,0.2574604,0.23792733,0.3452011,0.21298835,0.857069,1.0309701,0.29046765,0.1432258,0.14741033,0.03808473,0.37948865,0.23045155,0.31673628,0.1125572,0.80360234,0.38161927,0.43296582,0.09555325,0.0942732,0.06204695,0.07390996,0.118793085,0.058429636,0.05742212,0.3508422,0.47439826,0.1524654,0.11494818,0.7197231,0.19144963,0.049524307,0.258668,0.41166216,0.30801654,0.47886357,0.06606589,0.09384233,0.19640094,1.138656,0.0983417,0.39735645,0.19137911,0.35035503,0.0286375,0.21535668,0.15032992,0.13806348,0.81432205,0.12288675,0.4134884,0.25414908,0.32143643,0.046645045,0.16314441,0.32168657,0.42299923,0.75437737,0.19440556,0.32320672,0.28448096,0.31992248,0.08154567,0.13708079,0.33301225,0.2393224,0.63423693,0.31655926,0.07045995,0.0682678,0.20417829,0.38022536,1.1935756,0.15889913,0.2005724,0.09204511,0.20617084,0.68642956,0.637695,0.30733407,0.29028532,0.7681992,0.3675591,0.7203766,0.38021386,0.19964427,0.35073182,0.024520885,0.41366318,0.4400103,0.24070626,0.23987848,0.92058,0.13085094,0.46320567,0.2629965,0.11572543,0.53294337,0.34706736,0.22126131,0.1810082,0.03461032,0.6001172,0.3473274,0.0010819673,0.37023407,0.37446332,0.44457614,0.46496162,0.3789462,0.42040908,0.18700734,0.11172315,0.37026298,0.2544194,0.30061817,0.26033756,0.1387921,0.4536798,0.83303547,0.2723567,0.19804113,0.27309975,0.45076495,0.15365306,0.2108846,0.1257181,0.14450668,0.8611705,0.21783313,0.04722784,0.49327797,0.15284933,0.4246692,0.770049,0.29370725,0.58984715,0.3743833,0.6162985,0.36232108,0.17512377,0.11041225,0.08784491,0.29885414,0.16484356,0.5917179,0.5562048,0.39534664,0.09922968,0.094933,0.17426375,0.2574409,0.65443027,0.42371535,1.0357715,0.29829782,0.022454146,0.21425992,0.25101727,0.058894172,0.108027495,0.17436767,0.59640104,0.6651517,0.22262812,0.055454742,0.31349885,0.56463575,0.3227255,0.1991773,0.40654528,0.19578253,0.31984323,0.09981533,0.87492776,0.60847497,0.29675162,0.44285688,0.21532226,0.103774816,0.24141666,0.853035,0.031351805,0.38323247,0.13534346,0.19995672,0.018586379,0.07827638,0.07899616,0.29140115,0.6774147,0.10366528,0.12521984,0.5576371,0.03862033,0.052233085,0.12897418,0.8347198,1.4246464,0.012277697,0.08171664,0.66367716,0.092419185,0.25848135,0.36409906,0.2722511,0.9364948,0.41257876,0.12188051,0.0682044,0.42963767,0.41049692,0.65889245,0.27911696,0.40456676,0.23387493,0.4177504,0.28834158,0.30753392,0.91415477,0.0984012,0.43644106,0.047805093,0.07377223,0.139054,0.8266619,0.88302433,0.22207858,0.4752295,0.6319393,0.20604816,0.3043598,0.12387786,0.107033394,0.62714124,0.94585204,0.43486923,0.10989674,0.021212563,0.56427133,0.5195894,0.21060826,0.2425532,0.38021356,0.12555182,0.12253872,0.43465328,0.23191231,0.45618865,0.39234483,0.5873362,0.32984823,0.14074798,0.42314923,0.14821097,0.13907896,0.6978439,0.13881737,0.102332346,0.13161975,0.43780082,0.49413684,0.4614797,0.17697331,0.5763213,0.06183807,0.07517375,0.52553797,0.073155284,0.5813798,0.12925377,0.20303822,0.33132187,0.43784213,0.17747222,0.06568161,0.33375663,0.408749,0.11559381,0.32848024,0.30014804,0.37920043,0.16303945,0.23396008,0.44591513,0.7554344,0.07305729,0.6946491,0.40090412,0.099809915,0.18049917,0.27497104,0.504493,0.17176992,0.5107419,0.77407366,0.44747493,0.1276465,0.4810949,0.26714218,0.2433489,0.22301269,0.2623301,0.5895831,0.3093825,0.31929177,0.25031522,0.033289187,0.60586035,0.43765172,0.25166684,0.4132559,0.27298197,0.9690275,0.4482977,0.58403635,0.04073848,0.5197537,0.30468282,0.2611223,0.12331404,0.14642884,0.2282325,0.34607697,0.7655793,0.12146195,0.4782652,0.17524222,0.22925945,0.6531542,0.6797608,0.37229106,0.61537534,0.10484512,0.16602674,0.42621344,0.41842133,1.2431666,0.12724191,0.39851892,0.40666038,0.16915016,0.15197024,0.08200719,0.26554853,0.09037329,0.5092914,0.10493727,0.1095079,0.2528571,0.23947066,0.32283884,1.3936782,0.5258814,0.5251711,0.41347492,0.4799136,0.57875144,0.3210672,0.080173686,0.8721188,0.97083724,0.7246775,0.27206323,0.13334925,0.8121418,0.14047994,0.1739336,1.0008519,0.25246602,0.052014187,0.38481057,0.19309461,1.0186695,0.56613374,0.051309846,0.11397145,0.40238535,0.65854955,0.055877693,0.577947,0.15716575,0.12146473,0.13813227,0.025810333,0.09145209,0.14040965,0.18207994,0.21063885,0.102699876,0.21094166,0.47275773,0.38651043,0.6231607,0.21883626,0.03410237,0.25468442,0.34599733,0.084271036,0.9754441,0.11033395,0.27318445,0.19780952,0.3143329,0.00015776,0.081878036,0.3095402,0.19039649,0.462551,0.26233605,0.58260643,0.21490875,0.13957366,0.932004,0.33421624,0.2188671,0.15254167,0.33726144,0.103321865,0.3810099,0.8075174,0.49022782,0.20960122,0.08027992,0.24906744,0.17823607,0.31846097,0.07124405,0.66931915,0.012130988,0.5096819,0.54314613,0.11430156,0.111006126,0.07085018,0.20670918,0.23704702,0.4876637,0.32223243,0.58113134,0.74825937,0.051269002,0.52892494,0.19714427,0.38121223,0.24662623,0.38589558,0.45496845,0.38633272,0.46870977,0.32168293,0.18089241,0.6658981,0.7264,0.44733864,0.04691372,0.26003313,0.06393479,0.019785184,0.545671,1.02777,1.0757815,0.23515807,0.024459478,0.47728458,1.0310541,0.1736117,0.3216611,0.14506948,0.41091248,0.5632278,0.44897336,0.65921086,0.2779019,0.34963018,0.253878,0.5503614,0.19781658,0.7237619,0.32555416,0.16387752,0.048309892,0.6028508,0.53324175,0.37449244,0.6054275,0.002410178,0.02730233,0.23613963,0.71115613,0.2399313,0.7311795,0.6036668,0.27448398,0.08771832,0.45060968,0.42362303,0.18038717,0.5662338,0.5511199,0.9531164,0.17449504,0.16709076,0.5434358,0.05093588,0.39787722,0.46488076,0.6985534,0.4914678,1.1465058,0.35895652,0.7172885,0.36335838,0.17987868,0.15887791,0.3530903,0.29681075,0.23155741,0.50690496,0.4057968,0.16637084,0.49894822,0.29715455,0.44342515,0.2440642,0.09574318,0.64452577,0.2665043,0.50885105,0.037800707,0.15071371,1.1319864,0.3758662,0.38883948,0.24164388,0.15506665,0.20862332,0.053217743,0.50224864,0.34568697,0.8725327,0.048194297,0.2893887,0.23636656,0.14165942,0.3766312,0.20532437,0.4103527,0.42125964,0.73691493,0.31538868,0.41533005,0.016361311,0.23271252,0.73468506,0.13379939,0.38764295,1.127443,0.237647,0.09218827,0.59199953,0.85547817,0.0967434,0.08367956,0.45474157,0.10050261,0.2603611,0.10008208,0.5568198,0.87563694,0.20213327,0.44415146,0.61082315,1.0716641,0.18523486,0.3746482,0.17600176,0.08336738,0.52227235,0.19821085,1.117073,0.30165344,0.6081002,0.34517318,0.61011577,0.5284312,0.4034792,0.33931094,0.1387752,0.4079431,0.1886739,0.2490732,0.35992992,0.2124041,0.21427758,0.46711022,0.10250206,0.6285622,0.16663226,0.3901939,0.4024905,0.33714968,0.8995629,0.34525245,0.30318287,0.086615585,0.25807545,0.1696172,0.013306396,0.41346598,0.55182767,0.5158794,0.68403906,0.27801642,0.19797784,0.30533457,0.0854085,0.24249488,0.48451045,0.31104752,0.94268465,0.511243,0.32982895,0.418899,0.06110408,0.42106205,0.6770652,0.13338661,0.21950915,1.3652304,0.86764836,0.16213074,0.17269796,0.7403501,0.7804873,0.055971794,0.3480164,0.5926759,0.37914985,0.33638304,0.4249665,0.4032695,0.74687856,0.22371508,0.29012892,0.42812517,0.7094883,0.09951009,0.44151577,0.3761356,0.30389872,0.7624916,0.31261185,0.76083064,0.1146194,0.499067,0.27329636,0.47466484,0.17038314,0.08281274,0.81933796,0.2644343,0.37515762,0.75499713,0.23048165,0.07557921,0.36261934,0.042450905,0.681547,0.8169625,0.086070575,0.92193925,0.192022,0.5452276,0.049909234,0.5587441,0.55002916,0.12752798,0.44646865,0.19890875,0.37197796,0.27352116,0.238476,0.48984367,0.19461285,0.16269132,0.31335893,0.2902645,0.25382614,0.7666361,0.9726677,0.5810001,0.942508,0.4335224,0.8263905,0.037186883,0.77083087,0.44921806,0.41305038,0.5713436,0.33946514,0.26830348,0.08896002,0.5054211,0.12240919,0.26644793,0.3833296,0.74550784,0.440017,0.94870675,0.005477226,0.10157886,0.09901742,0.7642642,0.105994195,0.18015768,0.71382433,0.19875771,0.38359827,0.6301241,0.6951273,0.26313367,0.34774575,0.55930483,0.30642438,0.6241943,0.5541527,0.3679841,0.6283474,0.602221,0.12579454,1.3663602,1.159179,0.40574446,0.3483522,0.14759673,0.16854651,0.14813188,0.37857616,0.3071257,0.3521099,0.2335974,0.8828049,0.50209594,0.02868611,0.31197074,0.3295455,0.7747021,0.11218332,0.03004712,0.0032944048,0.26170963,0.3956437,0.113911234,0.07777695,0.41993025,0.22179744,0.031764023,0.050769024,0.5459603,0.27750677,0.046607576,0.14345552,0.48680955,0.59388006,0.024677817,0.5078125,0.46299654,0.2640843,0.16168045,0.06851416,0.5211269,0.4658665,0.4430808,0.4202599,0.24654675,0.2367351,0.46348006,0.46768093,0.38926786,0.24266626,0.19591895,0.67337424,0.5547026,0.16715157,0.039675005,0.11741936,0.74725175,0.30585766,0.10078295,0.51294297,0.47753072,0.2854557,0.0931295,0.065122075,0.1531898,0.45440122,0.42567992,0.6819624,0.20937273,0.12955378,0.9033568,0.11559598,0.26142657,0.6310728,0.03239247,0.24915862,1.0815876,0.16303667,0.11410409,0.60804415,0.0612282,1.9006784,0.352732,0.42893267,0.23580034,0.6599803,0.08870225,0.70181966,0.044025138,0.117060445,0.0,0.56968236,0.18115786,0.23232186,0.9427187,0.35582504,0.042776905,0.0,0.14616957,0.27599913,0.43947178,0.094390474,0.5028783,0.17383677,0.088940814,0.37511766,0.1795489,0.096418515,0.021601645,0.30533725,0.13491888,0.0,0.13972479,1.1525471,0.038989898,0.5392849,0.3287117,0.23682263,1.7812304,0.04069827,0.23849079,0.5663166,0.0,1.072346,0.6158105,0.5456598,0.0,0.19052042,0.15258309,0.31484902,0.5486383,0.81658226,0.055179633,1.1128513,0.041099995,0.18363874,0.8495288,0.84233856,0.4873981,0.2486119,0.20870557,0.15646833,0.2626311,0.16271046,1.0130733,2.0596848,1.0029305,0.15561813,0.13789144,0.117878556,0.5744792,0.51782286,0.07638512,1.1513381,0.027953325,0.12018935,0.0931509,0.0951404,0.74285173,0.443263,0.0,0.1745958,0.098508544,0.10293871,0.33453488,0.36459345,0.0,0.033004086,0.902264,0.6368688,0.731113,0.58200306,0.017338565,0.14222273,0.13537201,0.6555923,0.0,0.5298072,0.56340957,0.38022813,0.14601803,0.007816514,1.1336672,0.23146038,0.18291378,0.11479078,0.4415089,0.37584484,0.21107256,0.0,1.285011,0.41576383,0.33525383,0.23302144,0.9854987,0.25007176,0.4180201,0.32491544,0.69078887,0.7948356,0.0415882,0.8059932,0.065778695,0.10416495,0.2194059,0.01979661,0.28783238,0.39497522,0.20764956,0.380059,0.15419666,0.10069202,0.13083395,0.29635572,0.2301723,0.99013525,0.192429,0.7098956,0.07402593,0.43251666,0.67932296,0.09112531,0.35643885,0.0,0.0781593,2.218522,0.22592805,0.19150995,0.3975097,0.18724468,1.5040348,0.4678469,0.5467913,0.28784156,1.1430719,1.4642205,0.6404258,0.91672724,0.9208075,0.092115566,0.19767202,1.023179,1.0050149,0.0,0.5310257,0.034327812,0.3007181,1.3892434,0.32766825,0.030565277,0.21551982,0.488564,0.95016426,0.18505087,0.7010425,0.85677826,0.06772212,0.34900075,0.19110012,0.5505592,0.252219,1.7445829,0.42728034,0.19424689,0.0963584,0.21967214,0.010441681,0.05412619,0.6635672,0.72272646,1.1127882,0.14721784,0.13266504,0.14007068,0.60213166,0.014043907,0.29407203,0.1706135
0.37151703,0.18389559,0.07899947,0.17616042,0.10197805,0.03326679,0.2730583,0.65037876,0.25268626,0.29753646,1.5759106,0.10145882,0.16545014,0.47839367,0.427348,0.3470735,0.22147848,0.3078125,0.5822853,0.7285589,1.4472127,0.3841769,0.20885278,0.012856035,0.4053042,0.014463481,0.29638207,1.1017675,0.23519805,0.6115055,0.07679399,0.12898797,0.2435354,0.11291267,0.4336372,0.46839058,0.07638641,0.24896,0.1572304,0.030752605,1.0861776,0.3604263,0.0002631563,0.028054912,0.6915486,0.052067604,0.042845912,0.8224398,0.1924597,0.29461354,0.32660064,0.091258705,0.6610149,0.3664996,0.28145474,0.97912604,0.07040522,0.020272434,0.13882634,0.08641263,0.36836576,0.049763985,0.1745426,0.03677164,0.35698807,0.027899541,0.3232783,0.16165863,0.07618867,0.015825137,0.27720425,0.33208415,0.25554138,0.8113661,0.9668118,0.334281,0.98701274,0.30986354,0.17028151,0.15319076,0.22005314,0.081356846,0.1683429,0.20033842,0.38916454,0.052512195,0.49763244,0.25672466,0.03147403,0.0,0.5920881,0.27971452,0.18600474,0.4522,0.36169657,0.318286,0.0575439,0.09352517,0.37459368,0.52530617,0.24623951,0.02605701,0.5371476,0.30956924,0.63038385,0.07571073,0.02655455,0.023338474,0.19819084,0.12664239,0.11065495,0.014593322,0.05957095,0.07710843,0.8640914,0.08599694,0.22443137,0.9053048,0.15712154,0.081712835,0.33942172,0.831944,0.07078928,0.16350418,0.34448788,0.25441366,0.04746925,0.006408797,0.16049525,0.21107039,0.13111019,0.19123304,0.05293682,0.2297304,0.14178726,0.062822714,0.21037628,0.5790466,0.2395197,0.4365514,1.2457258,0.2956701,0.074516274,0.09075879,0.6326518,0.33673447,0.48894876,0.54287624,0.478854,0.017232455,0.25535703,0.16962157,0.23987226,0.31725264,0.5743753,0.037762213,0.5709491,0.13844182,0.7710959,0.168138,0.11508757,0.6117619,0.44685876,0.18839136,0.027438402,0.17008623,0.13368733,0.468351,0.887673,0.6515875,0.11277712,0.54365224,0.0067525962,0.6306628,0.12427156,0.24553628,0.9612551,0.03891989,0.069013536,0.24769205,0.43850303,0.13854185,0.08180301,0.28999016,0.30024368,0.42848742,0.074576885,0.008860347,0.6305774,0.24769244,0.05104428,0.5439971,0.057551514,0.19765604,0.055958368,0.34811932,0.33549783,0.1477817,0.8816651,0.06768112,0.19952509,0.030869683,0.4701606,0.46672776,0.013150872,0.06288015,0.053653695,0.13240695,0.3511841,0.088910595,0.09646797,0.22214884,0.21838629,1.1016836,0.1792712,0.6077408,0.09653306,0.025146283,0.10483286,0.038759418,0.16610059,0.4883502,0.5173574,0.39606673,0.06306485,0.64598453,0.27105713,0.18947735,0.13487662,0.38649026,0.001957201,0.10174838,0.8838856,0.22031118,0.01308619,0.050006557,0.35219002,0.13507819,0.14302078,0.11935786,0.06018073,0.097419895,0.080702625,0.22228128,0.8279427,0.014312914,1.3210628,0.24490061,0.2984631,0.34479043,0.17698058,0.56256056,0.0015253616,0.9004983,0.2796853,0.064656965,0.19072875,0.2557264,0.33843276,0.1699913,0.3041882,0.0091111185,0.31230313,0.22385202,0.26881164,0.39394444,0.24268164,0.18146192,1.4865755,0.41354728,0.44647062,0.63641864,0.15187219,0.23208547,0.11252783,0.29717657,0.15731779,0.20630418,0.090813585,0.03819849,0.0366866,0.18484208,0.014815394,0.22235903,1.0293775,0.07527769,0.5003462,0.20644884,0.110912904,1.0400182,0.013558116,0.36962134,0.34726727,0.06162012,0.30873773,0.19351669,0.85161567,0.4547085,0.08785349,0.51776487,0.23412287,0.34148756,0.1557996,0.22004491,0.02680337,0.2993292,0.16472831,0.34567636,0.14525858,0.2526711,2.0030785,0.22995041,0.62608075,0.80460894,0.27844357,0.17851026,0.108310334,0.015868705,0.5410061,0.07826016,0.0003802084,0.065129444,0.4094973,0.14195986,0.6243354,1.6835066,0.04744657,0.21595277,0.20666513,0.44923404,0.0,0.17320889,0.07032266,0.009116696,0.80737984,0.6642943,0.20913988,0.06573633,0.43468326,0.020416575,0.020141998,0.07650638,0.14468803,0.37049645,0.24008387,0.03545802,0.022358539,0.06321501,0.5582695,0.022132993,0.0029026929,0.40776423,0.067147285,0.35600305,0.0,0.39462397,0.19018734,0.026338188,0.27481806,0.4320226,0.10426211,0.20305958,0.024788525,0.0132095255,0.28051174,0.21187195,0.022216912,0.39100465,0.29188293,0.13987727,0.22869337,0.11634873,0.13884059,0.10602906,0.28262794,0.29096735,0.0025387928,0.15351348,0.0816063,0.01760106,0.08055195,0.7386813,0.034564294,0.20161238,0.44850636,0.18032378,0.012489125,0.5890155,0.19586632,0.0,0.024494689,0.0065976903,0.17794189,0.015388241,0.4747789,0.014143566,0.042185478,0.6358077,0.13222717,1.2452798,0.23424613,0.21933635,0.0,0.13686444,0.45699853,0.13286151,0.2398966,0.26831654,0.048086077,0.28625417,0.14854133,0.14000794,0.6421115,0.12177606,0.22231722,0.3415199,1.0464597,0.15551957,0.87537503,0.31356233,0.21967405,0.20101796,0.01974205,0.031837255,0.056114458,0.69811106,0.044299144,0.18589897,0.20440277,0.30569908,0.2128221,0.41253167,0.30606347,0.0,1.7942259,0.022040334,0.26379913,0.23873532,1.9479367,0.027285066,1.5182853,0.09034397,0.18782231,0.219046,0.1605952,0.018289573,0.48084134,0.14072141,0.00023517244,0.08577989,0.16455023,0.36067697,0.31430587,0.10451974,0.63986254,0.31132382,0.24658106,0.21724103,0.1324906,0.027587643,0.030299949,0.3119393,1.0012181,0.3437156,1.1922681,0.12657578,0.0,0.47178453,0.025991783,0.15134901,0.06575806,0.5433384,0.10243655,0.020606259,0.02846202,1.3528194,0.14039114,0.045594774,0.2203806,0.022446003,0.38091326,0.8314829,0.02989388,0.13063982,0.26471397,0.14109576,0.0063673463,0.039893012,0.12060809,0.93919694,0.208677,0.487371,0.17561205,0.33403486,0.07359203,0.03810002,0.21540502,0.018665627,0.16607425,1.0557255,0.43977672,0.0,0.08899878,0.027520785,0.03190441,0.0,0.5747918,0.052051798,0.001702753,0.15372741,0.1065444,0.0034175927,0.054566473,0.0089694075,0.2298225,0.0013151364,0.32709414,0.20033494,0.0847459,0.2854156,0.041148968,0.11728296,0.0051112245,0.3757565,0.027427949,0.3841271,0.0,0.14097181,0.14142174,0.090732545,0.118310675,0.81198996,0.10739271,0.46862686,0.27434564,0.65075266,0.65249586,0.043501336,0.11676699,0.03736937,0.41756073,0.5803676,0.57369953,0.3395738,0.76977575,0.031988658,0.5209279,0.0,0.047476225,0.20729017,0.023532908,0.042175416,0.31979436,0.019931229,0.864787,0.34751868,0.633537,0.04953666,0.018496124,0.94039625,0.9513961,0.6453659,0.5737621,0.12640724,0.53047323,1.6138158,0.046565756,1.1576879,0.14366195,0.5341575,0.015596154,0.50378215,0.040346794,0.0600598,0.85824096,0.12397021,0.11888359,0.07838955,0.17881389,0.00016717342,0.019609753,0.004584214,0.38741803,0.15164077,0.06382239,0.055575628,0.08580591,0.11804874,0.14061758,0.4813007,0.0046330006,0.12719834,0.17965472,0.05491821,0.18570012,0.009720771,0.13634762,0.39447433,0.4000849,0.12754107,0.0041591036,0.022288943,0.24710669,0.38534594,0.15637794,0.21463656,0.6560067,0.22190231,0.003676452,1.3582386,0.015669022,0.1739296,0.19062737,0.03319341,0.57522774,0.38222837,0.5164317,0.27075619,0.21448714,0.35271662,0.31693974,0.23471719,0.21325949,0.36702436,0.008916151,0.5456393,0.1813183,0.0042951517,0.14826691,0.44861168,0.43851405,0.34340805,0.024554769,0.034371126,0.4656366,0.059587922,0.13933256,0.8896724,0.09971133,0.040921826,0.052288715,0.08768682,0.4844182,0.40884525,0.1795882,0.59046704,0.074085005,0.034697484,0.14179395,0.1538218,0.13108237,0.057034627,0.13432816,0.030368533,0.012114522,0.006793357,0.54978085,0.775646,0.08290644,0.09301849,0.5934706,0.07734591,0.6628669,0.096228585,0.20122695,0.37495965,0.3946516,0.040522993,1.2946019,0.14571255,0.16791293,0.33839414,0.14432625,0.07317367,0.072264604,0.13282616,0.5113878,0.2001194,0.17199641,0.063830465,1.4382684,0.08067993,0.2255961,0.04645682,0.324646,0.17834361,0.00760083,0.09552217,0.025869861,0.25726628,0.449871,0.03098592,0.1629719,0.12810397,0.05262399,0.09886236,0.22117843,0.20345905,0.2596623,0.067847334,0.4054742,0.20725,0.1571277,0.042018622,0.91006744,0.7878133,0.117855094,0.36405984,0.00076548586,0.5174638,0.60025597,0.76492035,0.012230746,0.16525778,0.25237674,0.6778823,0.13391301,0.06856727,0.5793549,0.46646747,0.2961065,0.086815536,0.0039400337,0.009294587,1.9863697,0.06754435,1.0191443,0.15334715,0.24398229,0.063537434,1.4240124,0.6787964,0.23343706,0.5076288,0.10527466,0.054521896,0.5218742,0.29493308,0.01588386,0.060705364,0.018455591,0.013111474,0.09806895,0.707837,0.018398706,0.33183324,0.80841714,0.1525674,0.09217374,1.2278719,0.01406927,0.49277985,0.021931048,0.05872803,0.008588162,0.87584287,0.41172922,0.13604206,0.032544453,0.45158774,0.13209216,0.48763603,0.026750054,0.13509707,0.08347022,0.19339538,0.32504433,0.34459192,0.07115126,2.1572564,0.36862475,0.14592776,0.06260572,0.34365958,0.0061520934,0.017860306,0.25527152,1.1431558,0.16599941,0.730105,0.3995651,1.0180366,0.40567452,0.084471755,0.30396116,0.28021297,0.7881263,0.6458993,0.26857197,0.406048,0.09387945,0.27472362,0.7054048,0.074885175,0.2407077,0.17107508,1.3329513,0.04894813,0.2493179,0.27031842,0.19159669,0.06912689,0.23577245,0.15738112,0.41792974,0.18413754,0.8140886,0.5009226,0.08876277,0.7852603,0.058499083,0.1372563,0.053506542,0.09016912,0.0037187582,0.15982184,1.132984,0.2595411,0.06384699,0.5958222,0.016519666,0.0059314054,0.36495125,0.13653992,0.0008326125,0.41203433,0.112170555,0.039476775,0.93017864,0.052969724,0.7898596,0.37097433,0.09500632,0.12185364,0.022634735,0.4120019,1.4833478,0.9597026,0.043147817,0.5467073,0.14885435,0.24715012,0.024863334,0.0,0.93621904,0.66516787,0.29466757,0.019869637,0.067248106,0.0070820088,0.23845929,0.092118025,0.6050174,0.35718614,0.2727983,0.0035479201,0.29416567,0.68942946,0.18403901,0.18853804,0.13474348,0.6802123,0.21660669,0.022756219,0.04325211,0.24167693,0.14001785,0.15263048,0.25132725,0.4166203,0.2590014,0.39587444,0.4356513,0.030675676,0.12866515,1.2064171,0.14491078,0.047817785,0.03213103,0.044319414,0.112424925,0.593868,0.18223765,0.779202,0.029538026,0.33716503,0.0,0.047684364,0.23202604,0.57731044,0.4198429,0.5691279,0.023114007,0.103420936,0.15842927,0.41630214,0.701331,0.016291998,0.040251598,0.13901943,0.10178241,0.06495611,1.7016876,0.12731194,0.09827335,0.121193364,0.3358748,0.06403739,0.27093172,0.042503715,0.09097556,0.29626665,1.0200095,0.15759699,0.8088727,0.0026536866,0.3542296,0.08717992,0.39263543,0.10185748,0.55464864,0.39679903,0.06087794,0.23259205,0.088166185,0.17926523,0.23358655,0.07619746,0.22699049,0.1221732,0.1744178,0.02449725,2.4198956,0.05518602,0.24208507,0.5054723,0.7240331,0.05005953,0.053994764,0.08276417,0.061209176,0.2066449,0.5742236,0.027906679,0.15214631,0.17997801,0.61167943,0.2049771,0.5740817,0.04297047,0.2912065,0.3880516,0.019884365,0.043456607,0.06831944,0.0629566,0.37070504,0.5445027,0.04526787,0.51950395,0.07444189,0.07959823,0.458575,0.10384243,0.16301806,0.20657778,0.79813683,0.27453262,0.13493407,0.013052426,0.09047069,0.6319966,0.104408905,0.055843018,0.16787967,0.060460187,0.12721589,0.5173327,0.16561884,1.3546021,0.076084696,0.6581013,0.45648766,0.5966041,0.12917167,0.1367034,0.034739636,0.08836695,0.1822441,0.08571784,0.0003181606,0.6298796,0.05600819,0.2811889,0.07471113,0.45979694,0.64137876,0.06858102,0.25467873,0.2647643,0.24609545,0.7022594,0.18691783,0.84741724,5.5372915e-05,0.111282416,0.11264429,0.020661913,0.11396979,0.5865927,0.038749844,0.29768974,0.09551637,0.2547071,0.19148876,0.0686008,0.0,0.16153644,0.13294277,0.032870393,0.22561193,0.17850794,0.03405327,0.082455166,0.016214471,0.1647411,0.12651098,0.015689317,0.35548982,0.031178314,0.14291655,0.09918194,0.9241266,0.031327795,0.11960611,0.1954948,0.064316,0.73508835,0.0735695,0.13019754,0.073646754,0.0763818,0.52323574,0.16316244,0.8559706,1.9066999,0.267862,0.06476243,0.022771688,0.0025623424,0.22522034,0.11320496,0.25422886,0.25715983,0.6981901,0.02010767,0.06253879,0.28930917,0.08070604,0.04107565,0.17241052,0.13041556,0.20492794,0.1454185,0.38953227,0.27306536,0.026583973,0.028698543,0.46558776,0.18292701,0.02617615,0.13121234,0.653889,0.52216417,0.5724803,0.02271346,0.018990407,0.3502733,1.14925,0.029532498,0.48462588,0.057552353,0.2348567,0.16663381,0.137083,0.14752102,0.04067699,0.357423,0.059221722,0.056007482,0.065922394,0.33620894,0.18367064,0.3216291,0.07481715,0.25700095,0.2020606,0.12236777,0.1094896,0.29628927,0.1827794,0.191336,0.01806386,0.20310111,0.04072679,0.41391748,0.24252863,0.09089266,0.008235699,0.24854353,0.16708764,0.33923241,0.3403628,0.14317727,0.0065303016,0.14335223,0.73381597,0.23114094,0.014420331,0.16545907,0.37583387,0.52932394,0.343037,0.17430809,0.3688585,0.5405968,0.04063738,0.1178201,0.30927223,0.13750586,0.023282595,0.28201115,0.13827544,0.6574245,0.09210828,0.22291797,0.18451872,0.08831997,0.1538015,0.4134109,0.038633402,0.5147853,0.62738824,0.0022980557,0.31488875,0.22668052,0.048845,0.16522591,0.22538859,0.13360885,0.217408,0.043931946,0.21200524,0.19690242,0.29402906,0.2929381,0.01996866,0.10703389,0.090186216,0.2662316,0.015036588,0.18680668,0.34543413,0.09892217,0.21572948,0.22861415,0.025645986,0.1851893,0.16166323,0.051706847,0.07780963,0.22147371,0.24185151,0.3191656,0.19865972,0.35009497,0.21789433,0.40936053,0.076065786,0.088638976,0.088567406,0.08869772,0.17711665,0.052725192,0.74007875,0.2871293,0.14366534,0.040873863,0.026699197,0.10321343,0.22015986,0.24493125,0.5415241,0.80865574,0.106339194,0.06124825,0.10408336,0.33716172,0.023601197,0.06664027,0.11861802,0.42117405,0.26269823,0.016547536,0.009416047,0.19007504,0.23488264,0.13810226,0.12828799,0.025546698,0.27484357,0.030466964,0.10255631,0.8067217,0.23703231,0.09193069,0.17240383,0.08271028,0.007834123,0.1071716,0.3251983,0.08138708,0.12714925,0.20297569,0.12572972,0.024021504,0.0013741222,0.0635135,0.23914254,0.48851672,0.20521602,0.08184735,0.27235293,0.044798814,0.095368214,0.008706085,0.40680185,0.6532679,0.081342064,0.023297586,0.49032652,0.1294582,0.45134836,0.15862927,0.24453382,0.046640255,0.1832838,0.09026911,0.07202402,0.13345149,0.39261305,0.13168576,0.50571835,0.23325978,0.09349846,0.089887425,0.31651798,0.087280035,0.4430321,0.015936024,0.19579053,0.15874591,0.12963931,0.01802984,0.23544075,0.06514441,0.007833394,0.6779028,0.28976983,0.20284042,0.07345328,0.041378286,0.123491526,0.14734526,0.7756412,0.14478892,0.12165647,0.012919733,0.17994142,0.09221913,0.26095733,0.11152938,0.12255902,0.14466469,0.0362499,0.37877852,0.06718907,0.22556868,0.18768379,0.44806546,0.114349015,0.049969565,0.3546387,0.31791043,0.08098715,0.60879433,0.025417821,0.12854539,0.0013086462,0.43342063,0.1811881,0.16810673,0.16790608,0.20468874,0.00066802953,0.06689291,0.064045034,0.0025566155,0.29676208,0.18304273,0.40407252,0.21164075,0.08969266,0.066797085,0.06418103,0.3703193,0.1814691,0.09547652,0.24975342,0.13429916,0.38564333,0.18520649,0.18535194,0.063676715,0.2512404,0.21131995,0.09244464,0.056747038,0.19483009,0.34253588,0.29235953,0.38329396,0.10564325,0.29975086,0.0917462,0.14247674,0.027960489,0.1308606,0.2996939,0.03571938,0.18129855,0.21067184,0.24189539,0.07697111,0.2545691,0.30737004,0.03219275,0.66853946,0.05937316,0.08596432,0.06444907,0.020305607,0.8278825,0.2026026,0.13484979,0.008330751,0.11073382,0.24347079,0.050426647,0.08457406,0.1498988,0.068966165,0.73494756,0.5410563,0.11100873,0.20660456,0.0713623,0.26759413,0.4700148,0.550766,0.17932333,0.06879166,0.0648887,0.11968713,0.27347407,0.103402525,1.330262,0.049932934,0.05072155,0.03744264,0.1580446,0.20086966,0.036868773,0.31547052,0.062190507,0.3215251,0.06856631,0.13563089,0.15444173,0.1395592,0.03238395,0.81902826,0.33017272,0.26772285,0.094273075,0.10413535,0.6680069,0.06851323,0.057818767,0.15891843,0.62851936,0.37271148,0.26268488,0.039912812,0.8821024,0.16215818,0.23970565,0.20062783,0.20361374,0.0036550758,0.0030618403,0.045523148,0.5300532,0.24011868,0.16076064,0.03784942,0.23834296,0.31561854,0.14798781,0.22602278,0.007508875,0.11568011,0.09931247,0.20269823,0.2981411,0.0011623483,0.2515446,0.03377364,0.13646205,0.19313145,0.077195436,0.34577248,0.21483032,0.21274129,0.009909184,0.15150791,0.24169524,0.018933363,0.43909907,0.07735155,0.33580825,0.27651054,0.11661063,0.014321044,0.047688685,0.0030384525,0.15054059,0.08478717,0.1722676,0.4111619,0.055492543,0.060445167,0.5201204,0.19284919,0.14057982,0.15062842,0.511902,0.03115082,0.05956251,0.59643686,0.5499669,0.07779623,0.115731,0.16056079,0.042516906,0.110657126,0.027333263,0.2868225,0.001833126,0.08146103,0.25637782,0.1474495,0.22797292,0.013243333,0.033161532,0.08895996,0.34909257,0.15717903,0.5016912,0.25761136,0.057538874,0.28026617,0.28601226,0.117420435,0.33234435,0.29157758,0.02641078,0.08029409,0.08063437,0.062319644,0.067801714,0.34790075,0.45828742,0.3491671,0.013589064,0.16349788,0.08687153,0.0044132276,0.39733034,0.4007417,0.6881836,0.21792825,0.068271115,0.0869288,0.22602752,0.096731454,0.18500367,0.22566554,0.32957876,0.20358646,0.34240112,0.7612247,0.04277387,0.20212466,0.32603103,0.09906995,0.004773765,0.33707464,0.059253763,0.17099325,0.06562437,0.135353,0.38205415,0.2340388,0.109034784,0.058278006,0.18968266,0.0254747,0.47452152,0.09655907,0.061989456,0.22935335,0.004514116,0.14528874,0.20210068,0.45928043,0.068687394,0.1255318,0.13559309,0.28470057,0.3994525,0.06708041,0.6606971,0.09465255,0.35095257,0.42866284,0.14093743,0.4426583,0.42620283,0.2580886,0.2148142,0.13176866,0.056668997,0.0010001285,0.36326087,0.38324997,0.036722697,0.64007825,0.13759975,0.08895703,0.22058356,0.16939102,0.25940365,0.036578797,0.5298668,0.44485563,0.23460656,0.5581689,0.10107116,0.21201444,0.48219043,0.2226354,0.45812458,0.04413283,0.058519863,0.07539759,0.07118312,0.060593836,0.15183939,0.34193736,0.058500014,0.2664733,0.022414818,0.12448615,0.0015723483,0.095830224,0.022432745,0.15601847,0.26342627,0.46819586,0.10503347,0.024726594,0.12985072,0.3330666,0.20292312,0.10220503,0.8922477,0.17092393,0.12663275,0.13431902,0.22099185,0.040836796,0.0634064,0.25208712,0.045852907,0.10240834,0.04595744,0.24089056,0.8297052,0.057880614,0.4261795,0.1835863,0.95172495,0.0526039,0.31747514,0.12823823,0.012827236,0.12193345,0.17884415,0.72106576,0.06488633,0.28707772,0.23539369,0.3796783,0.5146496,0.24003771,0.044138484,0.034922596,0.28344,0.036392614,0.063684784,0.20860046,0.15821248,0.05636208,0.16295916,0.20424703,0.21354909,0.05442337,0.053038616,0.20517516,0.07128212,0.4693525,0.15458144,0.12542266,0.37008306,0.18925154,0.10011805,0.060190707,0.06671958,0.25896043,0.07291927,0.21578708,0.3003757,0.123946555,0.09598136,0.102265336,0.20758462,0.07796179,0.10051358,0.31768435,0.2547142,0.28515503,0.2776206,0.12496265,0.29866052,0.4255763,0.012827367,0.03665619,0.9875569,0.36962068,0.1999852,0.1631042,0.30208504,0.77239233,0.06353934,0.08826484,0.40224165,0.12374536,0.17282414,0.41981843,0.054202683,0.70417947,0.0886631,0.11009765,0.2649998,0.614239,0.025238173,0.27180645,0.10864265,0.4845037,0.37883502,0.17346132,0.22218354,0.0017084449,0.18072996,0.3561256,0.24875844,0.13512361,0.02347814,0.8211001,0.013707846,0.5081438,0.31373587,0.07158008,0.13374348,0.3060705,0.041941896,0.21489984,0.47813773,0.16726169,0.4848116,0.32380044,0.44862366,0.1348851,0.43792304,0.14753981,0.05210934,0.33995548,0.077632055,0.1727725,0.15593861,0.27936545,0.38236943,0.071354896,0.119732365,0.3138525,0.13741738,0.30644113,0.5291579,0.14041398,0.31013048,0.50452006,0.58916026,0.90245324,0.25826544,0.5769531,0.11841452,0.3455546,0.09898649,0.45655096,0.20847207,0.13691622,0.12399349,0.11137286,0.090249896,0.06406987,0.15066066,0.20299397,1.0994473,0.03942792,0.12704228,0.051217124,0.10815583,0.10469026,0.040747836,0.9017519,0.06498636,0.60708445,0.39602846,0.19426504,0.083605886,0.049165845,0.2396892,0.4128678,0.274553,0.4719106,0.034243733,0.6464613,0.27616662,0.17275372,1.0526476,0.9519214,0.15714619,0.088212155,0.0734107,0.009122189,0.095649615,0.036989428,0.52900004,0.08446938,0.30906686,0.10449584,0.34461752,0.0,0.031420283,0.36034134,0.8282792,0.07189501,0.111814976,0.0,0.07957194,0.1486246,0.111652344,0.035821006,0.084486306,0.2241026,0.038271166,0.05909298,0.5304892,0.20459901,0.05912526,0.15173459,0.18347563,0.26854473,0.04581146,0.31393325,0.3602602,0.20276144,0.2491778,0.1771592,0.42946726,0.053994328,0.118122324,0.054592066,0.288468,0.21169016,0.1448078,0.39595407,0.195095,0.09395077,0.057458192,0.50742215,0.2953298,0.10104505,0.28355867,0.3518697,0.18725207,0.08049195,0.0,0.39010698,0.34869695,0.06836188,0.0035566771,0.039995812,0.16767731,0.13822424,0.25654042,0.51783496,0.14932123,0.11112864,0.430166,0.012663408,0.11954469,0.3249075,0.0014690817,0.25262618,0.28404546,0.13055992,0.3663615,0.29350746,0.1620993,0.9573053,0.19152297,0.06897463,0.19603425,0.57864046,0.01691217,0.5618092,0.44906557,0.002456369,0.0,0.4100893,0.37124622,0.24426067,0.53739065,0.4926356,0.24830261,0.0,0.056370735,0.23558259,0.58962923,0.11904169,0.4483607,0.44141966,0.06620665,0.6582358,0.16671485,0.036952026,0.13252765,0.059795387,0.04379484,0.0036818073,0.32920977,0.7614059,0.124369234,0.4789231,0.20942476,0.12567711,2.188568,0.0,0.14492957,0.70421135,0.0,1.6593153,0.32515168,0.51102185,0.0,0.10015845,0.13315748,0.46881425,0.39672905,0.43473017,0.1884796,1.0160553,0.17253986,0.11673736,0.47706673,0.7249923,1.001049,0.2762884,0.20722555,0.050208762,0.57851577,0.16245483,0.93126595,2.4973254,1.1312833,0.88491344,0.1338322,0.071781844,0.47048146,0.14048877,0.0,1.374047,0.18156756,0.16085896,0.46696898,0.14297459,0.6069281,0.8244829,0.0053169997,0.21923515,0.37545824,0.25350857,0.38728133,0.36554867,0.0,0.0,0.8486246,0.8216963,0.8891252,0.5120936,0.0221182,0.22653174,0.10542014,0.9360174,0.0,0.3667809,0.68103737,0.11007115,0.23459345,0.025807863,1.1416919,0.20745763,0.51210624,0.35194963,0.5039378,0.5991669,0.122913174,0.0,0.9475067,0.4863309,0.1800738,0.26440093,0.83722496,0.0073737185,0.70342886,0.44461662,1.5597756,0.81983536,0.0008920965,1.3161182,0.04462555,0.22759289,0.15884298,0.056640305,0.0812915,0.9710385,0.15922222,0.1420528,0.2924577,0.114124976,0.14092898,0.2497684,0.050856046,0.54228526,0.20472333,0.42218435,0.24455838,0.76984644,0.7922552,0.04132551,0.19946812,0.021345632,0.21289939,2.8157244,0.4636407,0.45207298,0.22287694,0.046750262,1.9012511,0.5371041,0.98002446,0.67208534,0.7506982,1.3363254,0.44169047,0.9477881,1.1486728,0.096228495,0.45509925,0.75157326,1.4725927,0.00017157759,0.20343831,0.19215569,0.29355037,1.1945255,0.7648618,0.14599255,0.16594094,0.7445644,0.57381594,0.0033662354,1.4148684,0.98006546,0.020273663,0.51594424,0.0060611526,0.33780062,0.24311191,1.3552021,0.24429265,0.17480248,0.20087144,0.5499824,0.05501032,0.0633468,0.4917521,0.981639,0.5878378,0.0066225464,0.047494344,0.44399253,1.2645941,0.07691402,0.047948167,0.125597
0.34261906,0.15843493,0.19228803,0.32989472,0.051208913,0.033842474,0.3210573,0.39829212,0.18774058,0.4016707,1.3740203,0.13376951,0.23802608,0.63152164,0.2007384,0.42991787,0.4553867,0.24691498,0.56554186,0.670035,1.1148334,0.28729254,0.20588683,0.035440464,0.2807207,0.0029507887,0.3712992,0.88083065,0.3842771,0.5339289,0.08139031,0.22066534,0.2935031,0.38586974,0.4563785,0.23594609,0.090831354,0.06917122,0.23831041,0.039741155,0.8478896,0.3920032,0.009387465,0.023764798,0.7119844,0.046818435,0.055615574,0.64030194,0.16062075,0.3644899,0.18578385,0.11166763,0.503817,0.5610732,0.31323525,0.9663055,0.0957555,0.16720533,0.20035969,0.059491158,0.21390694,0.026598442,0.080026984,0.13720503,0.4701974,0.10253402,0.3519653,0.063952446,0.14421123,0.013528319,0.3244928,0.19033805,0.31417245,0.9136108,1.0536463,0.35182738,0.9009485,0.3520134,0.06303468,0.23182938,0.17781952,0.17945676,0.114445075,0.48571864,0.448857,0.112588905,0.37631923,0.23684356,0.20060869,0.0067451643,0.8953495,0.21865842,0.13598432,0.4268558,0.49671876,0.38113114,0.10699394,0.007887563,0.48007894,0.7380655,0.43170735,0.054959092,0.477793,0.376552,0.5084123,0.09020956,0.10658293,0.012406655,0.18375587,0.17217007,0.29663306,0.026890907,0.087334156,0.13559258,0.83763826,0.10594682,0.28007492,0.6165172,0.12718558,0.239357,0.24878712,0.59980506,0.14489612,0.20267326,0.3269125,0.3428132,0.07591858,0.005214018,0.49101415,0.48818988,0.121213764,0.10791561,0.026702875,0.26719368,0.14299202,0.10821948,0.25463364,0.5974418,0.12064333,0.59041935,1.0198145,0.17487544,0.09444421,0.18782115,0.56533307,0.5552684,0.327457,0.53520894,0.48913062,0.3154178,0.27505732,0.23358813,0.23485094,0.3717271,0.69902,0.15368918,0.8278185,0.30911142,0.54830563,0.16729712,0.2788004,0.6016259,0.4013633,0.088315,0.055268142,0.26302207,0.072686955,0.49308032,0.82900274,0.5655017,0.18690625,0.53444225,0.021704115,0.8351133,0.11367972,0.56945485,0.69751024,0.07584586,0.0069020567,0.34850138,0.432541,0.19209602,0.09389405,0.52245677,0.33699012,0.5891428,0.17041221,0.038451955,0.78651214,0.36151195,0.033916883,0.37829077,0.04992383,0.20917252,0.0409719,0.5623981,0.38332734,0.13552052,0.86175597,0.13154165,0.38028097,0.07884788,0.5280108,0.5367859,0.002440209,0.029343052,0.04149143,0.07146448,0.38620776,0.10107978,0.13581008,0.23316759,0.2700133,0.68114847,0.4773466,0.725088,0.13653143,0.1432133,0.24565461,0.21203214,0.1846454,0.6422217,0.54730856,0.4336223,0.27727062,0.6015602,0.18309146,0.18772204,0.18289141,0.46338502,0.009442736,0.2579286,0.9510542,0.22525723,0.059757832,0.07758836,0.20787998,0.2483121,0.20225905,0.14278555,0.13757688,0.056547835,0.15999204,0.24201554,0.96140194,0.100697316,1.1433699,0.5249956,0.25100976,0.5247083,0.1968697,0.26368576,0.05073442,0.8669672,0.14786895,0.11768575,0.124882035,0.34126353,0.079381585,0.2562576,0.1921907,0.0109802,0.4632124,0.25391984,0.10943486,0.55933815,0.3330822,0.14718652,1.457298,0.19026805,0.33043563,0.5372298,0.17825168,0.1824967,0.15026653,0.46777442,0.21780692,0.165955,0.2418297,0.023514502,0.07257682,0.2947929,0.059190426,0.19912268,1.0364923,0.21378483,0.3980553,0.20908865,0.20247911,0.8682332,0.06708826,0.37791502,0.30447805,0.11039175,0.27301943,0.21771494,0.7103776,0.5536869,0.18091321,0.3958238,0.24370596,0.5604506,0.072182775,0.35991818,0.1801139,0.30894566,0.24763286,0.105804965,0.083096325,0.22616509,1.8092101,0.19451053,0.4713618,0.46447974,0.2767538,0.24549119,0.1920731,0.01883332,0.46741572,0.15566544,0.05903709,0.20906264,0.47995853,0.021897146,0.40993065,1.497626,0.027081154,0.31519738,0.31354135,0.45912397,0.020584123,0.18758866,0.003796338,0.016774148,1.1023793,0.6324699,0.17204759,0.058827113,0.32064092,0.0015919824,0.014952384,0.021274045,0.06260443,0.5038723,0.12259314,0.06332703,0.008413842,0.13733488,0.79166985,0.1159784,0.025899641,0.36842376,0.118347526,0.29386657,0.0,0.6281213,0.4017017,0.061706066,0.3303159,0.3704245,0.1972589,0.12234281,0.00528529,0.14378753,0.61098146,0.11919714,0.1330225,0.3717224,0.2599562,0.15271488,0.16794188,0.037801497,0.34518665,0.06277819,0.1452604,0.80848736,0.012519194,0.055058338,0.14813915,0.07360464,0.0069039594,0.524158,0.06014157,0.25714606,0.2763183,0.30804977,0.05074984,0.6810714,0.41534263,0.061650775,0.15152404,0.009294186,0.25388482,0.0020397066,0.28839523,0.0131857265,0.027913358,0.5144854,0.0739121,1.3950526,0.17348574,0.28923744,0.03420043,0.031603526,0.34864184,0.19541858,0.61298096,0.25831455,0.008856466,0.21371867,0.025466338,0.14937426,0.5931609,0.060659014,0.35059774,0.42403758,0.943829,0.07931124,0.74299604,0.30205593,0.26212946,0.033475008,0.019588187,0.040332567,0.1883474,0.6797292,0.102533974,0.24183741,0.43724883,0.1897559,0.037684187,0.35241234,0.2928463,0.0,1.8935503,0.05519756,0.2857504,0.18893024,1.9171095,0.0,1.8863571,0.071816206,0.16709524,0.21698059,0.35222417,0.14712095,1.0142174,0.1881042,0.0,0.123976335,0.4117111,0.2731113,0.24302192,0.036627434,0.4987271,0.22228193,0.34503752,0.31753528,0.04116062,0.005952714,0.14085023,0.20412606,1.1854222,0.4660603,1.1153696,0.014399642,0.0,0.2867168,0.016636789,0.13138686,0.078515835,0.5968485,0.15020868,0.10690137,0.16121863,1.6778488,0.3452533,0.042873606,0.3040297,0.061311483,0.5645257,0.96121997,0.032992102,0.12905036,0.14707795,0.15828958,0.110690564,0.0,0.1774691,1.2168205,0.5860828,0.28746292,0.15485056,0.82408834,0.03289105,0.010859095,0.23604818,0.08905908,0.19380695,1.3054633,0.39940882,0.031347223,0.0008972046,0.011751875,0.010421916,0.0,0.60089725,0.056618415,0.0057400772,0.29884803,0.11206818,0.016856674,0.22740754,0.15237676,0.18100506,0.11963607,0.16037197,0.20743704,0.45834982,0.16908911,0.015847001,0.09333807,0.061015405,0.32851946,0.00755391,0.35001913,0.0,0.25536665,0.30446538,0.009287993,0.033722226,0.6070171,0.031063024,0.5787629,0.474382,0.9666067,1.0709603,0.034859546,0.0416042,0.03301454,0.41669667,0.5799931,0.3188791,0.33163217,0.73074114,0.095722534,0.47424352,0.00537614,0.34626234,0.2927497,0.16783693,0.10522412,0.32256132,0.24771518,0.69690955,0.41410542,0.82385945,0.11441665,0.15096518,1.0179038,0.5969278,1.0790259,0.4132884,0.19365466,0.38351578,1.6697237,0.05887866,1.1793123,0.114785925,0.31752205,0.003618261,0.3368147,0.3046276,0.049279947,1.0899761,0.5415057,0.19883016,0.07195869,0.13883036,0.049375508,0.094569705,0.002238539,0.5792768,0.02818343,0.0010109156,0.14812891,0.08170621,0.11168377,0.19156712,0.32126534,0.035376605,0.141582,0.21800841,0.012930151,0.3645898,0.12956312,0.1813445,0.30834132,0.30933854,0.0061999885,0.06586206,0.00790456,0.22985378,0.7524883,0.10858132,0.3108644,0.9754752,0.062349122,0.003714644,1.5067362,0.017837346,0.20467243,0.011888043,0.06335808,0.0727697,0.55045885,0.53718233,0.23498616,0.041071516,0.58433414,0.32072502,0.2549625,0.16419323,0.23238456,0.17128786,0.8976581,0.03847912,0.08947388,0.015595845,0.7641519,0.257743,0.39738688,0.0940104,0.15968162,0.7115207,0.024134452,0.055236425,1.5987897,0.13682523,0.004833065,0.033393834,0.12382432,0.6450759,0.54643846,0.32670116,0.27414513,0.14640947,0.028548539,0.24394415,0.10988642,0.30320972,0.030953437,0.19710025,0.017952697,0.13965286,0.031923484,0.734339,1.123004,0.08425656,0.15703632,0.5128765,0.106421724,0.5644695,0.11845546,0.06445863,0.625129,0.8276329,0.008398314,1.7248768,0.189617,0.06671956,0.26885033,0.12943642,0.21737547,0.08923046,0.30597803,0.49005985,0.14433634,0.15508527,0.2911259,1.2075678,0.10977546,0.13482508,0.22363423,0.56862664,0.31404206,0.0,0.07122905,0.09184147,0.20764655,0.3740871,0.0,0.12335593,0.51802963,0.12311124,0.18716404,0.22521022,0.1057501,0.4222178,0.033548273,0.5479602,0.27637511,0.0742783,0.023688298,1.0152943,0.63505375,0.050321564,0.23522037,0.03233517,0.49688685,0.96415365,0.8795166,0.09216598,0.053751726,0.46428615,0.38837597,0.25606054,0.08753977,0.58650327,0.6556405,0.26428473,0.10513072,0.0027512677,0.071951434,1.7985911,0.13121465,0.72249436,0.27448422,0.18044032,0.15660548,1.3955483,0.46281445,0.09834477,0.54464215,0.03763105,0.11225207,0.5076718,0.29271227,0.009849329,0.05438286,0.0045834235,0.04260487,0.09668581,0.61245143,0.059600227,0.2641993,0.67270947,0.25129205,0.17183799,1.7035624,0.02040602,0.5424967,0.05699104,0.19625519,0.0022169214,0.87798536,0.24541907,0.09524953,0.03992428,0.118664615,0.15937041,0.72217894,0.013430575,0.14990994,0.049336806,0.15959626,0.3137725,0.39501396,0.062207572,1.6409928,0.5309258,0.12590969,0.10676933,0.15089108,0.13216162,0.030269017,0.21555181,0.9927366,0.2260162,0.8716005,0.41410333,1.1422908,0.38180706,0.20362271,0.53858817,0.3835944,1.1545501,0.37729305,0.07348352,0.8246494,0.17650813,0.38583833,1.2245674,0.007780171,0.10833771,0.07700239,1.1451054,0.106391296,0.18720192,0.3763726,0.2095346,0.04750861,0.08160221,0.03562454,0.64653957,0.12282666,1.174893,0.43815666,0.09741438,0.97543806,0.060126517,0.121877275,0.05239634,0.021157937,0.0,0.3348254,1.1500685,0.026832003,0.11140289,0.5760379,0.12409019,0.11452092,0.2771027,0.3209939,0.034090985,0.46761814,0.13595489,0.06568929,1.0846714,0.02979314,0.9583727,0.37240437,0.23221922,0.20657548,0.14508423,0.5218255,1.0297257,1.3390238,0.07121533,0.5598405,0.15702474,0.46823463,0.008861543,0.0024634926,0.9533079,0.74738115,0.39280605,0.0012887459,0.014876641,0.06371042,0.71965563,0.039785035,0.6383554,0.3726797,0.3173112,0.0069182254,0.45128757,0.51992965,0.3589532,0.25438195,0.11984019,0.88535845,0.1598995,0.08037947,0.046498638,0.1450463,0.1779337,0.02138664,0.34290177,0.82372344,0.2596472,0.16388293,0.7389983,0.0062824497,0.10394299,1.3424245,0.14945143,0.17788672,0.06384813,0.37336755,0.12040026,0.43729502,0.28974554,0.82264924,0.084231295,0.48306558,0.0010470443,0.06612484,0.22451985,0.78504956,0.6020144,0.45498908,0.016104471,0.32012144,0.17912874,0.39026093,0.7314647,0.06927831,0.031186309,0.16799472,0.07894754,0.05815144,1.2211558,0.03976481,0.07849832,0.30109626,0.34186518,0.13698158,0.07245928,0.07891221,0.025112566,0.28365058,1.0934458,0.1607075,0.50318277,0.026197327,0.31336546,0.18468383,0.12399082,0.05581546,0.27490595,0.36731058,0.04333247,0.1058362,0.010510749,0.37566057,0.46103275,0.019681836,0.021359097,0.07934591,0.09573851,0.049181897,2.2780242,0.11591101,0.14058551,0.74455893,0.38487935,0.024399865,0.16872577,0.27269518,0.036675107,0.42082402,0.4789713,0.0005086092,0.016351607,0.18446146,0.89496815,0.009186383,0.593589,0.030324683,0.3721416,0.20858723,0.043694038,0.10491492,0.28592348,0.0891625,0.34327775,0.28639436,0.050468184,0.18718827,0.09296635,0.09525887,0.51467067,0.07391541,0.03110793,0.3229897,0.7868167,0.32776847,0.13760208,0.0,0.15791324,0.3707571,0.020696562,0.06904374,0.19504637,0.029913737,0.011838269,0.41561228,0.20412284,1.4709729,0.0,0.80922186,0.7056666,1.200394,0.07424647,0.14858669,0.004941392,0.15771157,0.13991272,0.096883275,0.005858091,0.8650217,0.13277392,0.22468829,0.020900197,0.5121815,0.5919831,0.035194784,0.1500307,0.44072348,0.15956917,0.3253172,0.1076511,1.0373174,1.18691505e-05,0.1309656,0.08904396,0.06659001,0.1953805,0.4624689,0.0018367518,0.585271,0.040696926,0.2997454,0.20204349,0.13183814,0.0,0.42696115,0.033919863,0.022434108,0.24197453,0.17394385,0.066772215,0.02636619,0.043663975,0.08064628,0.11130053,0.036041357,0.52148014,0.06497496,0.0024028115,0.16157809,0.59706557,0.0059690834,0.0034611812,0.22420603,0.014841523,0.8734082,0.40812477,0.19682321,0.0022284605,0.13387226,0.3940435,0.08820443,1.2523093,1.3492966,0.21038353,0.063348085,0.20302978,0.027405811,0.38255918,0.028186142,0.12148076,0.501475,0.9822912,0.014515958,0.37760982,0.17962834,0.05436026,0.05320979,0.21001472,0.5016626,0.102057606,0.07431219,0.1271635,0.14677311,0.043262545,0.057247028,0.76734066,0.13995427,0.03322941,0.1258503,0.25817388,0.6988914,0.46878916,0.028492104,0.07565214,0.2508542,1.5057495,0.020664725,0.22353044,0.0,0.24393924,0.016337479,0.17287505,0.092871174,0.08323935,0.4443015,0.20156276,0.07733722,0.31981364,0.39932615,0.31576812,0.56641483,0.07057518,0.09781387,0.68472886,0.28191817,0.064816475,0.5646445,0.2877416,0.21354231,0.0028022917,0.11209783,0.038088873,0.31097537,0.25029692,0.011472034,0.093643434,0.39593363,0.3563853,0.44089377,0.5305199,0.23877656,0.01126905,0.12911475,0.5689143,0.53733695,0.2198208,0.18603712,0.5722539,0.54847026,0.2524707,0.29587874,0.39127195,0.5967014,0.24484071,0.26638895,0.56971353,0.25893027,0.09183213,0.5954712,0.37345147,0.8890635,0.16066584,0.46772674,0.3127765,0.32701844,0.2459694,0.38988394,0.05053383,0.7492818,0.47867993,0.1477794,0.45691627,0.38265455,0.15676868,0.1996423,0.08879828,0.13878822,0.20192708,0.037456825,0.41666383,0.16986084,0.43214697,0.43480945,0.069617495,0.27762038,0.31266525,0.084232494,0.16562557,0.5219332,0.4826538,0.19389516,0.3136461,0.214995,0.18007642,0.33718705,0.13451898,0.18182877,0.12927762,0.22330567,0.22700988,0.29932255,0.19835891,0.3925305,0.11695184,0.23091318,0.043353282,0.053738527,0.15493119,0.20773442,0.29283378,0.086740896,0.59366405,0.4477897,0.16342174,0.18384933,0.27132952,0.28012404,0.35973722,0.29924488,0.9336994,1.0393597,0.06863031,0.103650585,0.34377205,0.4787649,0.020578055,0.28078917,0.1893231,0.48837954,0.13495278,0.14664924,0.039800245,0.4980532,0.2618421,0.3114767,0.22093917,0.23544243,0.34326646,0.17851023,0.4936994,0.57763624,0.16920248,0.37636057,0.20067401,0.015604688,0.13791795,0.0017799907,0.43281275,0.120737486,0.36568022,0.12016225,0.22084153,0.037819188,0.03395909,0.06970189,0.27819192,0.96224654,0.24256727,0.21325828,0.49264845,0.2047855,0.05243096,0.0678472,0.5958448,0.58823997,0.12777054,0.06912239,0.5756679,0.17249005,0.19488573,0.47999793,0.26225376,0.2443513,0.66283107,0.2107271,0.087852046,0.08828618,0.45379275,0.18955243,0.8235343,0.74655116,0.09067428,0.19992182,0.07234697,0.3191464,1.1324167,0.0056819366,0.5432502,0.4514248,0.1635417,0.12863863,0.30503476,0.06967224,1.50439e-05,0.76526606,0.30911145,0.22804499,0.35749745,0.27398002,0.22928528,0.1393012,0.74500823,0.25619447,0.22781694,0.01916012,0.3429399,0.042805444,0.069983475,0.37872106,0.24477242,0.3290606,0.04873305,0.45625493,0.1784788,0.32818824,0.2388862,0.24558803,0.33076453,0.08185986,0.27149525,0.61814857,0.21127379,0.50709486,0.014725691,0.26271963,0.017515875,0.45467743,0.14564395,0.48992503,0.23559065,0.47030848,0.008285921,0.19409463,0.14599495,0.0073266323,0.4099177,0.7035164,0.592427,0.20973483,0.22687711,0.17835328,0.106961936,0.27539825,0.3424219,0.36270282,0.015130033,0.23531279,0.8537375,0.64712167,0.588365,0.2011618,0.20381127,0.42965358,0.31599826,0.10807126,0.126546,0.44563383,0.22422656,0.36533368,0.18798818,0.31132212,0.18258235,0.13799639,0.20615998,0.27556092,0.3192768,0.116446964,0.3073934,0.25675553,0.5086093,0.23981637,0.15139568,0.31969896,0.025569826,0.5631566,0.22860818,0.10698745,0.10173302,0.019157153,0.8905921,0.41046226,0.21813014,0.036522202,0.201936,0.18421364,0.02387143,0.070752695,0.22650859,0.16460729,0.5592419,0.7119206,0.028127242,0.29811966,0.041590493,0.3160655,0.5673662,0.6230971,0.43382442,0.19633316,0.18292251,0.021111922,0.40696317,0.27024543,1.3448141,0.26203865,0.25769502,0.095274344,0.24788839,0.27356115,0.21378604,0.5139515,0.17649977,0.58795977,0.38442928,0.13703743,0.14666113,0.34733677,0.13913338,1.0655497,0.6409335,0.18092002,0.14334658,0.29515564,0.6624885,0.12053953,0.061739627,0.16742969,0.7151839,0.3718093,0.13777088,0.018856144,0.96586025,0.33043382,0.11661461,0.15888065,0.09701266,0.05297905,0.0,0.14486627,0.62547207,0.43424204,0.49551642,0.12400665,0.3914982,0.41585612,0.16853558,0.43548116,0.3096275,0.10670119,0.01526166,0.43393922,0.5376984,0.006391622,0.4330227,0.06467166,0.19586577,0.241826,0.16864166,0.5344443,0.22200039,0.3933249,0.09087008,0.25232178,0.48624897,0.11540419,0.57949144,0.23629354,0.23708671,0.36218953,0.46307957,0.014152779,0.09788908,0.17193687,0.10471521,0.24413508,0.19735183,0.49125054,0.1888166,0.19049373,1.1154552,0.26872814,0.15054369,0.2393617,0.34429678,0.017172914,0.19457781,0.9007149,0.8382517,0.16150782,0.218813,0.56616724,0.3309868,0.110013366,0.030238068,0.25964662,0.11586155,0.27520603,0.2731501,0.27912074,0.16530854,0.011339401,0.16347596,0.07927767,0.3873109,0.27805558,0.5373408,0.31547734,0.13725339,0.6291595,0.37021506,0.26086348,0.6525674,0.2120853,0.05024029,0.21942408,0.46406862,0.12021692,0.033883452,0.3565287,0.5845268,0.32983053,0.13715856,0.34474987,0.026911993,0.13391326,0.41307744,0.7791583,0.6009381,0.7425895,0.042081486,0.36882487,0.22180054,0.076955475,0.33143878,0.30816296,0.5243411,0.22077385,0.33102632,0.37622848,0.0012508645,0.19651115,0.37838882,0.5093827,0.043710373,0.4825736,0.101710476,0.20314518,0.03639555,0.08447819,0.41205132,0.27993506,0.26211673,0.072145805,0.062975876,0.11987424,0.50379413,0.25733364,0.2669024,0.12557286,0.14707978,0.13394427,0.06694937,0.7183446,0.15405813,0.14253354,0.0620597,0.23128939,0.5979877,0.29700065,0.62546825,0.14477384,0.2959719,0.39168137,0.17657885,0.53410256,0.8139683,0.2286217,0.29481465,0.4023164,0.0051640077,0.0028485758,0.26266426,0.31586784,0.0056690206,0.74318576,0.5898928,0.14395759,0.2001785,0.3237359,0.18879756,0.36028832,0.43009198,0.6148267,0.46051013,0.47045183,0.10894136,0.20560394,0.31330144,0.40214264,0.46105328,0.059237868,0.087922335,0.08768583,0.32071137,0.101290956,0.14683095,0.5958486,0.14168245,0.6985162,0.07853475,0.03207294,0.17392237,0.22368945,0.061967917,0.4852161,0.3155045,0.3371717,0.18709481,0.06116877,0.14147913,0.62810946,0.23027076,0.027504079,0.68835616,0.14371216,0.20013243,0.32527852,0.2973247,0.026620217,0.22661433,0.15897346,0.18284242,0.23874632,0.001730482,0.30232614,0.9786811,0.018704794,0.3427375,0.21663606,0.7058048,0.09031635,0.67931724,0.27847874,0.05405159,0.26283923,0.1598225,0.63686544,0.13566744,0.46500772,0.20833007,0.3506574,0.6485911,0.31265658,0.12269451,0.12043918,0.495991,0.1323531,0.087725684,0.29506397,0.2082079,0.1417343,0.37401798,0.22337072,0.22202887,0.07885736,0.10399342,0.6333579,0.05141759,0.72796714,0.1773581,0.65077233,0.36423326,0.35832712,0.25428396,0.14160381,0.04587507,0.3034805,0.2049312,0.34680104,0.24347864,0.43521774,0.2685315,0.21616173,0.15752977,0.316498,0.20553103,0.39496446,0.24487083,0.5125135,0.35024223,0.16293271,0.3544897,0.675821,0.23260927,0.052754596,0.7558367,0.53722936,0.14920731,0.2840898,0.37663049,0.73455876,0.1538518,0.17552198,0.5230875,0.08591128,0.2917229,0.60547024,0.14901167,0.5459467,0.33717227,0.14301816,0.61553574,0.90467733,0.038371075,0.19889691,0.31142738,0.49688038,0.42554533,0.106216416,0.5730823,0.0055623986,0.20306961,0.22961408,0.20492871,0.28306198,0.15957962,0.34095517,0.14131449,0.569649,0.3868757,0.02928864,0.060212657,0.28766352,0.06554708,0.13194507,0.32009718,0.09094718,0.42709148,0.6086502,0.62820333,0.050287306,0.4883055,0.43942818,0.09336025,0.23685372,0.14930198,0.21483554,0.38194698,0.10102856,0.60763615,0.16445386,0.11806257,0.52530426,0.17426643,0.24071872,0.68370605,0.16594973,0.3497312,0.2558235,0.80259085,0.9204901,0.19714421,0.34358585,0.05597188,0.71613157,0.2933685,0.5868859,0.06513714,0.26548356,0.4436335,0.10866782,0.17121264,0.109066,0.10777725,0.19265872,0.77037317,0.105418086,0.06484027,0.13680933,0.16628346,0.12034659,0.08418521,0.5907512,0.19845197,0.40836626,0.38698515,0.10262663,0.14118086,0.18149519,0.4830045,0.28713155,0.56077117,0.5826196,0.046592914,0.20766914,0.21907735,0.17887592,0.9701702,0.92794245,0.101269394,0.12732816,0.2147075,0.12298146,0.3523709,0.1010302,0.22866358,0.25199544,0.5066885,0.0947112,0.44099444,0.023946501,0.09777167,0.5194799,0.77576375,0.1615269,0.15337892,0.035996795,0.24380131,0.18427232,0.1812526,0.030085903,0.36221874,0.20941272,0.031110687,0.19563034,0.48475182,0.27828974,0.15768638,0.18519706,0.4314912,0.52812403,0.09020684,0.14181864,0.45054126,0.4740556,0.48139882,0.20156337,0.5365974,0.30329946,0.034473203,0.10978086,0.32261026,0.40817776,0.23816079,0.56027114,0.5215851,0.12856126,0.056175303,0.26726958,0.5857342,0.16874498,0.14003232,0.4609946,0.104635715,0.08820574,0.045041565,0.755425,0.52070916,0.36710298,0.024306882,0.15997186,0.26927856,0.25549322,0.23486763,0.8118185,0.33110136,0.16407621,0.5108676,0.070013,0.0306486,0.4976218,0.22458303,0.6241517,0.13575709,0.14779823,0.3518681,0.46070024,0.20941107,1.2415292,0.4310354,0.13715577,0.17315727,0.5535388,0.0071864687,0.795804,0.46101326,0.003053909,0.054786384,0.46187344,0.2784633,0.40396595,0.76268995,0.6262145,0.39564347,0.005631432,0.22791585,0.18822117,0.32435474,0.117848575,0.53489894,0.44515258,0.0010749681,0.5726104,0.041828804,0.10047738,0.22660738,0.04583327,0.36794347,0.0,0.46690473,0.9101034,0.17619695,0.47204617,0.46548194,0.1425971,1.5276083,0.007656716,0.16640413,0.16430306,0.06541616,1.7465737,0.4935417,0.8759287,0.00042755067,0.18408601,0.05882577,0.3925431,0.45499796,0.46628147,0.22022775,1.2979419,0.28424978,0.35499683,0.73480886,0.6915164,0.88093305,0.5007324,0.20781097,0.063933976,0.64885795,0.15484333,1.015525,2.5938647,0.588568,0.4842505,0.20240724,0.0582189,0.20433152,0.28181988,0.0,1.0485435,0.18133327,0.00076871115,0.4008937,0.1183554,0.7748805,0.5349741,0.03267115,0.2877183,0.09750581,0.25559536,0.37920588,0.5797499,0.0,0.0,0.62883705,0.6961992,0.61263657,0.49470806,0.1107426,0.36697912,0.13694964,0.5361145,0.0069683366,0.7289376,0.6729836,0.06714346,0.43645036,0.27279526,0.8621657,0.22729197,0.44698492,0.09773415,0.33261767,0.38289648,0.39878255,0.0,1.2647578,0.28484076,0.12927864,0.4966095,1.1250744,0.0009401164,0.8817313,0.24528964,1.7502016,0.5797012,0.012322483,1.3795505,0.19787417,0.2236843,0.21565238,0.063033044,0.08293158,1.05794,0.23752871,0.19138062,0.32749593,0.1497626,0.3110891,0.18974486,0.17037274,0.3120119,0.10746748,0.41810644,0.38694844,1.0789227,1.1251369,0.12854083,0.04176139,0.1722987,0.32844785,2.7206235,0.24232775,0.3814214,0.45020455,0.08990762,1.7052333,0.6012615,0.8754051,0.84322315,0.90971625,1.0459979,0.42638344,0.76499367,0.94216543,0.06993697,0.2686615,0.79087365,0.7015778,0.0,0.24829201,0.13881713,0.28856918,1.3133944,0.68495286,0.20766152,0.1095992,0.49241653,0.65462667,0.122573875,1.2638278,1.1609435,0.027406255,0.23087357,0.03893146,0.55594116,0.40413165,1.6329286,0.4555326,0.017022062,0.16722214,0.38803613,0.17965302,0.09138653,0.4380561,1.0152712,0.6017269,0.007993319,0.09213055,0.7809769,0.95276916,0.20284945,0.1142518,0.3524279
0.501472,0.48527992,0.056568317,0.13844015,0.10592951,0.06571555,0.4168279,0.8961523,0.31637377,0.51057464,1.6273406,0.15943775,0.13493651,0.4844045,0.36771291,0.34290248,0.30914503,0.15002388,0.5643277,0.6238893,1.3159139,0.35314724,0.26944274,0.0075632776,0.31950197,0.032336004,0.13153052,0.7842827,0.40714878,0.86979055,0.023195457,0.26787007,0.23251598,0.1220337,0.6510288,0.41278353,0.061119575,0.16030432,0.19494581,0.034815006,0.90422225,0.34249756,0.0098102335,0.07540897,0.71125484,0.11543746,0.010352136,1.0045072,0.2516724,0.26560503,0.11976413,0.0689262,0.46557775,0.36610734,0.17554688,0.58924055,0.1605473,0.032362953,0.14661926,0.14967418,0.31922004,0.021585261,0.100752965,0.08998906,0.1802912,0.078646995,0.37529516,0.08406436,0.13306786,0.035444655,0.44834605,0.25046507,0.2087656,0.7913517,0.5894035,0.16166313,0.90265167,0.19024703,0.20759901,0.2512173,0.030749273,0.13890217,0.076668635,0.22680399,0.361592,0.07956225,0.34382033,0.43371433,0.16107914,0.0033340496,0.5453743,0.24602783,0.26360628,0.5339405,0.40759516,0.39258593,0.093620256,0.05251071,0.5420373,1.035063,0.29546744,0.08807878,0.45349276,0.2453466,0.7941348,0.085940674,0.08509477,0.024322497,0.16092315,0.19862875,0.14227365,0.033601984,0.053467363,0.1906477,0.73362494,0.19317964,0.5558925,0.81235147,0.25432348,0.15760882,0.40703717,0.9594966,0.09993821,0.07630776,0.32144734,0.1935341,0.054394078,0.078593865,0.19881955,0.22771172,0.21308339,0.15917078,0.0103478255,0.16555852,0.1269703,0.20662928,0.15485835,0.5640558,0.15152958,0.46124837,1.1034234,0.27844453,0.06776613,0.15283439,0.89331734,0.531608,0.4731671,0.7669933,0.3593405,0.056109775,0.2697069,0.17476866,0.23040086,0.10139462,0.66341686,0.1692991,0.79893255,0.0986139,0.41137773,0.24521495,0.25146315,0.4216619,0.34529552,0.028015481,0.037685454,0.20362693,0.021954989,0.49754998,0.71889144,0.5320269,0.09207025,0.25970295,0.001005772,0.5321515,0.12187149,0.34636503,0.5958654,0.08415371,0.27951464,0.16750777,0.49680272,0.16044456,0.08523057,0.65900385,0.4532785,0.39389244,0.06282684,0.019621598,0.7885659,0.32091507,0.06751853,0.4042818,0.03782894,0.11899571,0.02844701,0.34416562,0.2502408,0.09402159,0.9309624,0.12184123,0.3458225,0.022507401,0.77324164,0.57292116,0.011965454,0.12836397,0.088330746,0.06078005,0.11222078,0.03576968,0.2071409,0.25608376,0.14417431,0.8959249,0.35396132,0.73928434,0.11802022,0.12266051,0.1393959,0.24056211,0.215343,0.25031468,0.4684816,0.23682866,0.36079493,0.6992136,0.23420754,0.060501557,0.10072628,0.33388558,0.016987506,0.02960989,0.79153603,0.20347947,0.021793503,0.027022742,0.1430395,0.19469182,0.15574402,0.18968424,0.040578336,0.09065594,0.12418699,0.34836555,0.90601265,0.0102048805,1.0912868,0.3132765,0.27430177,0.44327644,0.16513579,0.35466367,0.00707148,0.7205973,0.2651188,0.102503136,0.12346777,0.18354782,0.08097437,0.20309421,0.20076205,0.027262034,0.4755334,0.18910737,0.50195694,0.5849721,0.31683767,0.2406483,1.9662466,0.26039112,0.4215508,0.5501398,0.27514365,0.26978335,0.11783288,0.33246994,0.24900219,0.08785005,0.16734186,0.0057890066,0.1075875,0.045806717,0.033067897,0.0675174,0.9685182,0.2671338,0.21234128,0.084939994,0.1907583,1.1113305,0.0273691,0.30402887,0.2712245,0.11420746,0.3356828,0.32765037,0.71946585,0.46469724,0.1878493,0.44819897,0.37586266,0.36820555,0.31448793,0.10979295,0.07727969,0.2063052,0.16629416,0.2696795,0.13605464,0.17925647,2.3010445,0.08183287,0.41969743,0.6065776,0.10784227,0.34486973,0.20028624,0.08067797,0.4768231,0.046333246,0.08518785,0.15819293,1.0286444,0.16755739,0.73971295,1.3702605,0.034602184,0.1708223,0.18046384,0.45067728,0.0,0.12425895,0.03264226,0.003289017,0.8096795,0.41556838,0.22098519,0.15015367,0.41513377,0.0598613,0.03151959,0.021033604,0.060241014,0.16600427,0.1715302,0.071780786,0.20424145,0.08474135,0.6633246,0.11662035,0.001937203,0.3067901,0.12180069,0.3953334,0.02653335,0.7858845,0.3307293,0.01892602,0.51382667,0.23326693,0.27505308,0.04430046,0.04060944,0.1296483,0.26401314,0.21251875,0.23021227,0.8127253,0.021053297,0.09758369,0.46050373,0.12788945,0.35064858,0.09910196,0.26592737,0.3331114,0.0064558256,0.056001432,0.13427363,0.14240482,0.084092945,0.52925444,0.0023688544,0.39918265,0.16777244,0.17189835,0.0068591028,0.5851873,0.40695953,0.17072073,0.0686223,0.035159715,0.25105265,0.0010298821,0.43123722,0.1730752,0.014100628,0.48558277,0.07627163,1.1570983,0.22865286,0.19802488,0.032334372,0.099957205,0.25256282,0.18260145,0.3215475,0.5151654,0.12760432,0.30545232,0.17414626,0.37562716,0.7526678,0.22305045,0.26337475,0.40406662,1.1589419,0.19380745,0.776732,0.26947612,0.5327584,0.09696759,0.08427889,0.01829093,0.09351292,0.6803287,0.047570627,0.10417388,0.39971468,0.23291737,0.2119392,0.48723072,0.44623366,0.0,1.6957004,0.0,0.25313804,0.14190073,1.6624274,0.09073095,1.2399175,0.15252882,0.34232748,0.3810445,0.5339259,0.036101196,0.41474122,0.23038796,0.0030483385,0.2061671,0.16343638,0.1228137,0.38723153,0.049381696,0.5162045,0.3049143,0.16515188,0.16417025,0.25624648,0.0,0.07949639,0.35377604,0.8436949,0.4681121,0.95930684,0.026790455,0.1009464,0.649605,0.14093474,0.09591275,0.034186732,0.67361563,0.11865035,0.32909554,0.36054713,1.3118162,0.14934126,0.26474366,0.80975544,0.0950312,0.27700198,0.45892608,0.07138041,0.08609197,0.15336853,0.089414805,0.29808193,0.05200579,0.1564336,0.8359808,0.3169711,0.1709652,0.09453913,0.6749299,0.02048235,0.0,0.002760503,0.15479632,0.053963494,0.83099747,0.7162372,0.12219281,0.08557925,0.04904441,0.06531306,0.019499477,0.76983476,0.21244991,0.007593179,0.26486108,0.2105518,0.01908689,0.10251433,0.06964889,0.19505757,0.19085081,0.48226592,0.06169778,0.108321436,0.23734632,0.014203146,0.10280123,0.07900147,0.2158568,0.08146819,0.22402434,0.00069366285,0.19427481,0.13232672,0.026513046,0.017534984,0.6473334,0.018945372,0.52896714,0.14044356,1.0110271,0.95666194,0.082588926,0.026091607,0.026163407,0.22775102,0.6760752,0.2062436,0.21430814,0.6619878,0.041647777,0.628484,0.011252431,0.14265008,0.0921928,0.11325092,0.014972192,0.16317436,0.37858868,0.72658825,0.3843984,0.46019912,0.15523636,0.062015157,1.18313,0.94827276,0.46473172,0.36778378,0.27679816,0.2709245,1.4641563,0.033354476,1.0190552,0.21715741,0.4362099,0.101107225,0.34735405,0.31887245,0.05269897,1.0976968,0.54323065,0.2546272,0.11311087,0.170168,0.07791219,0.0031353026,0.0021692682,0.35106313,0.1472771,0.046391364,0.044769824,0.29970908,0.38674587,0.22115424,0.54898053,0.09322359,0.15663758,0.086585656,0.03903559,0.1964283,0.40586323,0.05518617,0.11770179,0.29032257,0.0,0.13904577,0.15363431,0.21977296,0.66542697,0.47280967,0.18168093,0.3958138,0.20328113,0.028514301,1.2802761,0.09286264,0.050085675,0.20767951,0.026504964,0.3543919,0.72445023,0.66832507,0.14178756,0.2014207,0.38641047,0.35542086,0.13674846,0.19742401,0.09401989,0.037898052,0.37624693,0.09710003,0.118432835,0.29111278,0.21803956,0.32658103,0.34392595,0.114711374,0.13683704,0.3031764,0.19247475,0.03818097,0.7000849,0.17831461,0.30999815,0.16499293,0.23028716,0.7185244,0.2729315,0.29266578,0.6945934,0.098499864,0.22709242,0.0911098,0.020638058,0.13758908,0.041294146,0.2324126,0.06070319,0.060527008,0.014838329,0.72658515,1.3800997,0.06096541,0.047451414,0.4153501,0.26272714,0.71887684,0.049182583,0.08571834,0.59851766,0.46367353,0.49516812,1.1114595,0.15974139,0.08783403,0.3114016,0.0210643,0.1402675,0.12897623,0.3775813,0.3802238,0.4234501,0.32117495,0.09441043,0.9487938,0.32309788,0.08334936,0.059125487,0.4688074,0.22179884,0.17049186,0.09961267,0.40400684,0.14212564,0.5410798,0.021043526,0.19894326,0.15024096,0.04630495,0.40536255,0.31341544,0.10588312,0.1865821,0.055830516,0.47221047,0.27629286,0.07021007,0.0,0.8625768,0.49087787,0.30038178,0.30080616,0.10020432,0.5061543,0.7771906,0.57882965,0.055534378,0.1039778,0.23266366,0.59111726,0.16454461,0.023222415,0.3188026,0.3999888,0.12738803,0.09202644,0.04912217,0.032638427,1.7016584,0.16697884,0.62693983,0.027152948,0.14845091,0.1009254,1.4888732,0.33168495,0.18935063,0.54712784,0.1425125,0.15482013,0.41222984,0.18146482,0.0,0.061913393,0.057048406,0.037349515,0.16585246,0.7573352,0.07539031,0.108716205,0.5656608,0.7239733,0.15466897,1.3199201,0.030871566,0.22748277,0.075022325,0.19412965,0.088764995,0.7794908,0.3114907,0.23383534,0.12791795,0.24916977,0.10444464,0.58666474,0.07394004,0.17080435,0.09373471,0.23891017,0.37204692,0.53918314,0.13411257,1.5651078,0.45550042,0.26911533,0.19464415,0.50923604,0.14424175,0.19087195,0.24244471,0.9559297,0.36583436,0.81600505,0.380871,1.2208712,0.49601778,0.058345105,0.4164428,0.39164606,0.7181961,0.34367508,0.16664776,0.7058893,0.059584387,0.28759143,0.7661617,0.1552881,0.24932678,0.2567309,0.91567576,0.11521502,0.25812915,0.28095698,0.31964266,0.006253736,0.11527177,0.27193767,0.569881,0.21659578,0.8717093,0.42809978,0.10826182,0.9161787,0.10902131,0.25311607,0.05417777,0.022351615,0.13453045,0.09790586,0.7509113,0.10203647,0.09370847,0.33069393,0.35579157,0.07641265,0.4965323,0.08004217,0.0071424395,0.5238449,0.26796097,0.07244873,0.77756596,0.026496118,0.5376018,0.36535954,0.077273846,0.0706485,0.053147748,0.43285543,0.7960484,1.237036,0.14435962,0.43036467,0.038208194,0.3042755,0.029099636,0.0,0.64702547,1.0560467,0.711868,0.012856283,0.14143744,0.0,0.6943998,0.014808931,0.64401567,0.256979,0.16675009,0.0,0.30600166,0.5448789,0.54055554,0.12236333,0.30656525,0.84160584,0.13188334,0.13696042,0.07800749,0.2075058,0.05790697,0.1573954,0.42690006,0.33562696,0.24917391,0.2448955,0.39216983,0.09391001,0.2968731,0.8959541,0.22311571,0.20958845,0.059121482,0.085614085,0.16722822,0.52947205,0.29668903,0.5644416,0.024025507,0.26531884,0.09563923,0.02455356,0.52620566,0.6761271,0.4226929,0.31379753,0.005809914,0.16720268,0.16527751,0.28345793,0.5377729,0.25992617,0.0239007,0.20796552,0.16193007,0.13892691,1.5909181,0.26637083,0.1847901,0.6238965,0.32203513,0.08799663,0.10377943,0.015993692,0.06818688,0.8383184,0.9401618,0.03772229,0.41916007,0.008037341,0.37928763,0.039266225,0.13624702,0.04870572,0.44345075,0.34940043,0.054330487,0.064313516,0.26923996,0.3897967,0.22538003,0.13002035,0.17088398,0.34509867,0.085736744,0.060078144,2.087224,0.1422553,0.19656229,0.4041824,0.5122596,0.04896751,0.120325156,0.14649734,0.109796256,0.37375772,0.5181148,0.040685713,0.07003747,0.21257062,0.49476618,0.116562754,0.29788688,0.031212967,0.48334038,0.27573824,0.036585674,0.015262978,0.1590403,0.09976154,0.14658594,0.15381491,0.069141045,0.26272306,0.23289908,0.23815551,0.45573467,0.038026668,0.017027663,0.16370223,0.44975585,0.1944918,0.027162485,0.158962,0.067701325,0.4091518,0.2972952,0.076610714,0.29018322,0.0047431975,0.14874232,0.6776253,0.2553181,1.4749069,0.027317064,0.84053105,0.63780403,0.9203956,0.11812119,0.25314346,0.076833785,0.14782524,0.12783743,0.13334689,0.019786801,0.62161636,0.0996077,0.3421648,0.05990398,0.36506942,0.48469523,0.0690396,0.07399696,0.37773743,0.16020098,0.43413916,0.20126307,1.2155312,0.12146234,0.1322608,0.058578283,0.08846086,0.024213362,0.7544104,0.11325361,0.45850807,0.0014656174,0.25310448,0.17828429,0.23971196,0.0024850252,0.32854968,0.0053845337,0.12899229,0.37878388,0.1641797,0.15435186,0.15929458,0.04787616,0.08646031,0.12255522,0.093458265,0.50377756,0.025980266,0.34038675,0.29023653,0.80275434,0.004354818,0.1973045,0.18123928,0.31065053,0.6318879,0.4037199,0.08127783,0.08632134,0.10800755,0.2702845,0.2221608,0.8440677,1.1971971,0.27453873,0.11029333,0.19454508,0.050164074,0.3817359,0.22786927,0.21585903,0.14934792,0.63582075,0.19605996,0.22117797,0.3363392,0.2532427,0.17455512,0.096362576,0.2319907,0.08889948,0.046232507,0.15787551,0.4093169,0.16771367,0.009742711,0.48327148,0.1621828,0.061007954,0.06301733,0.20925482,0.3088471,0.46855053,0.04954128,0.0019066279,0.32633367,1.0346653,0.041322548,0.42129093,0.012485224,0.54682326,0.040623426,0.14496511,0.12933606,0.07254304,0.34364116,0.13384369,0.20319518,0.1821351,0.7935441,0.11239782,0.3905557,0.03545265,0.27116695,0.39955017,0.19491251,0.1562918,0.49464625,0.20652859,0.2618779,0.009234057,0.49300867,0.008419446,0.35805073,0.21280728,0.030973718,0.09951848,0.29064077,0.28864,0.63504404,0.51012474,0.23302214,0.04553234,0.1627193,0.64915943,0.39125037,0.00073562795,0.06396085,0.3561765,0.5299425,0.7021606,0.23373674,0.24516447,0.3506543,0.0998103,0.18011224,0.558491,0.21000825,0.009036053,0.7532171,0.08220592,1.0177407,0.16485855,0.2971688,0.33968756,0.26012552,0.34351802,0.40557086,0.06446009,0.5138027,0.47251004,0.049662273,0.6123337,0.44873285,0.316134,0.23622978,0.15763861,0.10427447,0.11979711,0.19612585,0.40543658,0.14568704,0.39939842,0.44372392,0.15074983,0.26479775,0.40327817,0.30673605,0.06565457,0.051207073,0.28669864,0.23190705,0.42251956,0.28386152,0.07828721,0.3844974,0.16924626,0.046475053,0.0874219,0.52993196,0.21812567,0.42424804,0.29112417,0.579028,0.13104403,0.25651765,0.14665213,0.36215,0.0643314,0.30714732,0.2516849,0.26384687,0.22175556,0.865499,0.21398143,0.013802575,0.063964546,0.07593544,0.24805988,0.6249001,0.46101046,0.6129077,0.12335278,0.052726883,0.11452789,0.2434938,0.024974188,0.18240711,0.31056246,0.5964289,0.47097808,0.08510788,0.24904735,0.23843966,0.24646267,0.08081225,0.10243435,0.06429857,0.34592402,0.048698176,0.06473259,0.63966155,0.5108729,0.04649127,0.49343014,0.048873402,0.09521185,0.06978371,0.2940423,0.25031084,0.1515782,0.17884216,0.26523095,0.104545854,0.018275434,0.19723451,0.2513078,0.6104284,0.29360375,0.44777104,0.49834883,0.094688535,0.02344096,0.21507213,0.9975246,0.51142186,0.12961708,0.09797479,0.53019536,0.10259674,0.58239543,0.07699538,0.31704834,0.64476746,0.3557933,0.36837357,0.09463913,0.11689007,0.739526,0.35138386,0.29088125,0.5537195,0.054528497,0.21934551,0.49407315,0.20968245,0.7812784,0.1785074,0.42421526,0.20853397,0.12657179,0.009975642,0.8947281,0.32026142,0.0,0.6866191,0.32436502,0.46038666,0.20798871,0.05606629,0.044930134,0.17194077,0.637905,0.43311343,0.030945528,0.017517243,0.24380183,0.13492069,0.25125408,0.20752752,0.29747254,0.17193963,0.01796327,0.15376996,0.2826776,0.3133273,0.22721252,0.43986082,0.383672,0.10377063,0.43259665,0.331314,0.10464415,0.6286401,0.034444455,0.40052795,0.07321216,1.0206388,0.065474845,0.481642,0.47688273,0.43497425,0.045942884,0.12967099,0.18333346,0.009839382,0.48045224,0.10746901,0.45054114,0.30863744,0.03826799,0.2499165,0.041034598,0.47046053,0.31237578,0.1690762,0.57628477,0.1749542,0.4398163,0.2159025,0.3215791,0.24280168,0.66194046,0.3044074,0.33796456,0.064561635,0.20394297,0.4522431,0.3452981,0.3403364,0.0088828,0.7028475,0.4038288,0.40730628,0.068036206,0.06287409,0.18105799,0.2315999,0.1558769,0.40184546,0.36040348,0.370673,0.31049228,0.32204813,0.030535657,0.7084737,0.40336204,0.3296548,0.23633079,0.068637274,1.0246738,0.6878649,0.41049075,0.052685004,0.48207608,0.21673241,0.27186933,0.15877932,0.16507074,0.13310173,0.6810911,0.80769145,0.08241683,0.23268266,0.021401092,0.25242317,0.6783885,0.58450603,0.06321203,0.2339813,0.13980657,0.15848419,0.2120712,0.3609152,1.2965178,0.08901429,0.32705224,0.46648547,0.3979981,0.2934307,0.088443406,0.3892262,0.31487152,0.3056076,0.3128485,0.453988,0.13508776,0.27471238,0.2183169,0.79039997,0.47268832,0.47175872,0.12741593,0.39368492,1.0516822,0.10852755,0.14152277,0.30554956,0.56808305,0.33174157,0.9273078,0.0,1.1704613,0.20683712,0.098838896,0.61329997,0.21039963,0.0019223396,0.008306328,0.14946912,1.1121864,0.29959807,0.23611519,0.004098908,0.48586518,0.4105782,0.0769258,0.27454168,0.17467554,0.03749896,0.17135626,0.1162781,0.2533993,0.0,0.28104836,0.09078099,0.20225543,0.4063463,0.24736324,0.53850174,0.23924366,0.34225398,0.19808936,0.14992535,0.23808396,0.31406528,0.43137848,0.033697385,0.23595555,0.14688042,0.44201756,0.0072721094,0.4181561,0.0716618,0.10949545,0.29549205,0.1692621,0.4432907,0.39422813,0.081280984,0.86952776,0.24736255,0.43610725,0.1185555,0.44620675,0.004965883,0.349935,0.9955793,0.7655837,0.26026657,0.012236885,0.11210819,0.21022362,0.5411713,0.00587357,0.35602653,0.0013097601,0.46053925,0.620095,0.15137279,0.1428725,0.12485367,0.077304095,0.0039266096,0.38603127,0.47723135,0.6521218,0.54431254,0.08278802,0.6469685,0.3975862,0.6067118,0.60569036,0.36796975,0.04362289,0.3477795,0.36328351,0.0025123912,0.117996894,0.35788634,0.33164054,0.526682,0.012627862,0.5084282,0.08518869,0.015626848,0.3492987,0.72650945,1.2723819,0.18474475,0.06983356,0.25864148,0.42116895,0.18076803,0.360681,0.21178602,0.18513319,0.45951548,0.3584207,0.65026504,0.09977769,0.09680326,0.36984748,0.17550145,0.14724928,0.4135307,0.09296153,0.04465449,0.07786151,0.35227668,0.37506986,0.39295566,0.42804208,0.24990024,0.4916208,0.2614255,0.7609636,0.17575109,0.4102613,0.3654127,0.011481793,0.48555884,0.08564679,0.52580273,0.35855752,0.33065182,0.22361666,0.42922395,0.2508434,0.16555825,0.45589775,0.0064068018,0.47149363,0.760274,0.5245441,0.20484973,0.53637743,0.46254078,0.49126858,0.6033118,0.15610328,0.0338993,0.4980424,0.24852,0.19208826,0.511695,0.73089725,0.023021962,0.31396145,0.10485387,0.3131618,0.07675807,0.3525726,0.37602627,0.18052219,0.59358513,0.16330978,0.17904246,1.1472113,0.49453142,0.6126611,0.12810504,0.30666986,0.044545434,0.31909493,0.18193635,0.28678998,0.55693805,0.038314015,0.38728327,0.10031006,0.36483335,0.14711684,0.6122963,0.04300291,0.41242263,0.77989364,0.52329683,0.32123822,0.028199038,0.6984899,0.2840376,0.12388336,0.2282479,1.1626291,0.19690865,0.17473325,0.49614412,0.41357628,0.06221968,0.11894115,0.050318126,0.03913808,0.33778995,0.056310784,0.19512844,0.8354435,0.11679943,0.393801,0.37671238,0.824432,0.1744314,0.38703972,0.16953498,0.09650453,0.31245267,0.11567753,0.742991,0.09007864,0.24465412,0.27525797,0.6220811,1.003418,0.29369223,0.19708571,0.07268209,0.2591578,0.30754355,0.023963265,0.27438083,0.027391981,0.11566829,0.2084392,0.21925062,0.37519556,0.0857106,0.024099428,0.14923199,0.08733447,0.8039907,0.33524954,0.52397275,0.35753056,0.41154093,0.22841458,0.29628974,0.13320988,0.24968973,0.09067395,0.403872,0.2693361,0.34018326,0.25670648,0.276502,0.21008779,0.28250244,0.17714256,0.6443876,0.42744276,0.6364435,0.29798144,0.029862367,0.65519285,0.31430265,0.45534778,0.24489717,1.2086899,0.7023991,0.33094177,0.15215597,0.1928624,1.0433044,0.08139741,0.5058514,0.8172082,0.4504298,0.29105225,0.4205253,0.20532137,0.4819908,0.41562456,0.26429117,0.22345245,0.7672614,0.16960865,0.50051326,0.36812145,0.7177414,0.48762864,0.3521185,0.2770098,0.17179002,0.20422834,0.50717586,0.3077451,0.2720827,0.13978997,0.8547631,0.051025633,0.41451254,0.68643343,0.089654945,0.04341448,0.19369844,0.06764111,0.47002465,0.4683377,0.09368057,0.9924387,0.30197302,0.5077355,0.3225854,0.78276587,0.5982654,0.03972503,0.6878027,0.04422775,0.1989361,0.12488821,0.24935955,0.29589102,0.019880403,0.07013677,0.24138032,0.41049838,0.3966471,0.3632753,0.29858106,0.35053068,0.43743205,0.7107581,0.95510066,0.19025965,0.33221972,0.11444414,0.27425802,0.43255335,0.63598514,0.07974898,0.24608836,0.40023136,0.11651617,0.42928737,0.28465953,0.39021066,0.53286505,1.0674014,0.1182514,0.15394881,0.111255154,0.320803,0.4242742,0.0,1.0908138,0.14554808,0.78454024,0.52341735,0.49230283,0.472359,0.2612406,0.4799276,0.5064636,0.6704813,0.51856863,0.110117644,0.6125789,0.3786842,0.09741473,1.4560901,1.2411923,0.15191278,0.43200278,0.13989109,0.1651244,0.47160923,0.15884426,0.57723343,0.0899576,0.21026224,0.25026065,0.36213434,0.058350742,0.19958356,0.20043918,0.6875659,0.29822353,0.24688296,0.034788124,0.24118778,0.14651816,0.18533625,0.049132537,0.25043976,0.19381511,0.09176615,0.013596598,0.39442438,0.1136349,0.07517529,0.41128775,0.47474235,0.33579355,0.082888335,0.5845015,0.6055691,0.36354035,0.1534887,0.063268386,0.716887,0.3323983,0.20902348,0.23026106,0.15454909,0.3747095,0.22552475,0.3939691,0.518478,0.17579226,0.234553,0.6659048,0.6086637,0.06284851,0.50698495,0.522745,0.40767547,0.066383,0.06077975,0.68565106,0.49698707,0.42014903,0.050209418,0.3256871,0.136891,0.6288384,0.3289001,1.106509,0.31830004,0.13042791,0.5203389,0.13928838,0.41808233,0.386073,0.0923927,0.8943186,0.56307197,0.65545344,0.538089,0.6418239,0.0948133,1.471745,0.45637712,0.24330114,0.2420168,1.0527073,0.0,0.96195114,0.40164173,0.0024664365,0.001205634,0.75798887,0.42704952,0.23019123,0.7819493,0.68254215,0.039784014,0.115804404,0.042077493,0.11800251,0.37092638,0.23688444,0.5261669,0.35725802,0.0034032362,0.36377734,0.19627216,0.037874904,0.20590861,0.07196933,0.14290448,0.0,0.28927168,0.7779857,0.23232003,0.3373833,0.07358815,0.25613597,1.6295918,0.0,0.31987697,0.7991055,0.0150425285,1.2531502,0.43226013,1.0760081,0.0,0.21391243,0.22161928,0.5498185,0.38667405,0.46894374,0.118930906,1.0698899,0.09636425,0.10555661,0.38463002,0.776253,0.8547797,0.2864374,0.17710918,0.073497646,0.5118333,0.14515007,1.012501,1.9764785,1.0149024,0.6014807,0.10993789,0.058547523,0.1786484,0.12110331,0.08339231,0.93843025,0.1832885,0.086566076,0.44198406,0.0029905264,0.50432307,0.64455354,0.010615816,0.104314,0.24076594,0.08953483,0.36030635,0.39793575,0.008135166,0.0,0.71746784,0.6050581,0.49667707,0.5722036,0.062378008,0.10614521,0.48352122,0.71984637,0.001332033,0.7829525,0.3678604,0.20036337,0.09004944,0.012346422,0.6727127,0.19865079,0.24610674,0.31735745,0.5418715,0.322208,0.5918475,0.02092387,1.1280632,0.34141284,0.11893745,0.42826253,0.74174136,0.107568786,0.46154988,0.49012876,0.9168658,0.72355247,0.0,1.0779989,0.007534511,0.20990929,0.24202427,0.1483749,0.14848088,0.82915294,0.2541774,0.6740412,0.15661252,0.13537224,0.40036118,0.40787792,0.15243149,0.9842906,0.25459975,0.64072853,0.22796382,0.6731242,0.9028783,0.0015172729,0.13351703,0.0,0.14710175,3.0123286,0.23436445,0.262808,0.17291066,0.044755593,1.8989835,0.22113118,0.7993289,0.48627436,0.8047956,1.4073291,0.34772238,0.68095475,1.0845878,0.08319215,0.44347408,1.2934461,0.9746496,0.0,0.2769061,0.052475046,0.35052294,1.2665341,0.40371835,0.085014276,0.30857068,0.45054325,0.8729901,0.046436727,1.1812295,0.706898,0.121035345,0.53429353,0.09165231,0.4314319,0.17531766,1.3232045,0.34302256,0.13508809,0.18709567,0.38790268,0.11452532,0.1666795,0.7616437,0.8750744,0.6933117,0.13973747,0.26428983,0.101988815,0.55283034,0.11230111,0.31752175,0.09569601
0.38663346,0.23130451,0.08404073,0.20981927,0.04245302,0.09297011,0.36644062,0.82004344,0.28276148,0.36567116,1.4070655,0.08921601,0.26987177,0.530426,0.31374085,0.28858504,0.21254696,0.058550954,0.5364629,0.5951636,1.2779485,0.3957051,0.13187748,0.0,0.26301664,0.051090468,0.7570547,0.7030403,0.24225393,0.5025215,0.05293309,0.2844824,0.09775506,0.17710955,0.4391598,0.4495931,0.086567156,0.27894184,0.19509917,0.12990138,1.0658231,0.5277958,0.030791715,0.033887606,0.7942773,0.053564377,0.023636745,0.71879995,0.1992193,0.22312233,0.22593898,0.204674,0.5595499,0.55309993,0.19287819,0.604148,0.21042095,0.2055773,0.25298992,0.09350513,0.35162926,0.039643664,0.045022186,0.19266888,0.10735832,0.13436851,0.59128344,0.03685595,0.07141881,0.019071555,0.37301594,0.19806537,0.35577276,0.7572727,0.72909087,0.23456717,1.053915,0.17427546,0.1331025,0.32257968,0.15483597,0.08285533,0.068930596,0.23729648,0.2216681,0.105559,0.64988434,0.3083048,0.0630352,0.019729717,0.49965638,0.3607941,0.20058216,0.63580894,0.62785816,0.43930453,0.05865521,0.04828933,0.37037426,0.9742712,0.2469805,0.15945178,0.43957403,0.24697477,0.8541193,0.24639699,0.09248443,0.11388917,0.13908458,0.116440624,0.15559433,0.027968511,0.05449621,0.3177415,0.946496,0.13734311,0.34483895,0.9570801,0.14713883,0.20341976,0.4635998,0.74113643,0.15630628,0.28425652,0.3236087,0.11985052,0.021463184,0.04804056,0.31451458,0.46306425,0.15581873,0.07497707,0.056225985,0.3476317,0.073902376,0.042539373,0.31794345,0.73363173,0.27576953,0.49263456,1.5239825,0.098043606,0.060466353,0.21690819,0.8657746,0.66901374,0.44537517,0.926708,0.54366356,0.008407608,0.18876141,0.21808632,0.27053052,0.10660057,0.9576549,0.17793101,0.5043485,0.18887943,0.9091399,0.4862161,0.2813729,0.8508671,0.36134923,0.051228818,0.00441821,0.09544504,0.05432444,0.51021594,0.64850473,0.6364118,0.06748368,0.44583046,0.0030439978,0.8365533,0.16889308,0.50403166,0.8832128,0.12167543,0.17426805,0.2335716,0.6431407,0.28781432,0.07038912,0.466119,0.3700576,0.29926598,0.10826291,0.023011561,1.1427945,0.15859716,0.029711623,0.63233614,0.11414921,0.13206819,0.109876975,0.1979721,0.28228137,0.12440218,0.9622508,0.21969509,0.38159978,0.15659308,0.9059767,0.36141467,0.026649712,0.045064054,0.0615044,0.13384914,0.21482486,0.037217785,0.15256006,0.18655999,0.17337766,0.8714491,0.44142872,0.908207,0.08791442,0.0669908,0.41053194,0.24147543,0.3259763,0.42303094,0.87337995,0.3727814,0.2410388,0.45158583,0.2583192,0.06799671,0.07998355,0.30781132,0.0,0.073274866,0.8733281,0.0947627,0.014856653,0.03677486,0.11062247,0.20310634,0.122841835,0.074272335,0.082387455,0.04947791,0.054094844,0.17456913,0.66078895,0.012988729,1.3747702,0.37552485,0.30618078,0.32901594,0.18491945,0.45658368,0.00028310824,0.9619261,0.32697943,0.097781315,0.032255914,0.26973677,0.1273065,0.3755706,0.3141469,0.022854334,0.33499902,0.22230339,0.34056377,0.5362328,0.425232,0.2662925,2.029093,0.25250393,0.3260119,0.5333158,0.1559729,0.045577943,0.049455803,0.45020083,0.2496931,0.1724004,0.053824507,0.05803608,0.027610952,0.07135658,0.030412981,0.27508223,0.89701736,0.28719553,0.39084086,0.23952076,0.17830747,0.98538834,0.044515923,0.4245319,0.36569875,0.05621149,0.5996301,0.20164111,1.0436637,0.46192044,0.11371301,0.56260735,0.42291602,0.37388778,0.11678756,0.2009193,0.048404537,0.23458533,0.08579887,0.27238542,0.080118954,0.16648099,2.5826476,0.113201484,0.32007244,0.5088479,0.0944483,0.1343292,0.019185338,0.08957005,0.5491742,0.09022009,0.018354211,0.03944555,0.7824965,0.14713667,0.8025475,1.5495687,0.08025991,0.21540223,0.36980242,0.4054775,0.0039251847,0.13185231,0.09588041,0.0029689525,1.179781,0.5502502,0.12125674,0.06625684,0.38889927,0.06488254,0.02445822,0.040375434,0.03249219,0.42670178,0.32689434,0.09613695,0.076121256,0.03253412,0.44550654,0.018706823,0.015551505,0.33564398,0.22937313,0.43731833,0.011753746,0.7354516,0.25388825,0.008235606,0.2542845,0.3101148,0.28032,0.09108228,0.03316386,0.058902938,0.34318233,0.17866692,0.09141584,0.75512815,0.1329649,0.2133317,0.48245883,0.3304428,0.15001564,0.13519366,0.27775246,0.7310153,0.06669213,0.046542652,0.1456138,0.12822728,0.08929971,0.6438632,0.04014796,0.23860624,0.23741578,0.04700323,0.08994796,0.5884489,0.33673948,0.036781885,0.038935464,0.12209095,0.28568697,0.0,0.76156604,0.054750543,0.09802343,0.54401094,0.051610485,1.518502,0.346698,0.2686422,0.053086262,0.2651341,0.710856,0.37462416,0.26892594,0.5228176,0.038391333,0.16022724,0.3402075,0.30817586,0.5763825,0.12635939,0.18497603,0.38691792,0.8803742,0.27165285,0.7289092,0.32769227,0.26716298,0.067311406,0.07616958,0.056835067,0.14782523,0.8062985,0.14759448,0.3043769,0.2705175,0.09804742,0.23852164,0.6736166,0.36292922,0.016365584,1.6443216,0.06422738,0.3201755,0.16124305,2.226239,0.1068164,2.0443277,0.09984215,0.24765311,0.30345505,0.3235454,0.0721449,0.6145521,0.24808547,0.0063784416,0.46587855,0.2973004,0.21179906,0.3390166,0.24559973,0.40527895,0.2785086,0.2285736,0.20588034,0.2923456,0.078309976,0.05636645,0.38718486,1.2752299,0.46986482,1.0335829,0.019289149,0.040416375,0.33614713,0.15182918,0.21227898,0.07835843,0.83722556,0.05537786,0.08626637,0.24913801,1.3600816,0.14234158,0.1590313,0.40994844,0.03019058,0.47371516,0.92587656,0.24969903,0.20305878,0.36266083,0.16729015,0.23329899,0.032719687,0.22054529,1.2525694,0.15289901,0.4912349,0.1670924,0.6994602,0.022512164,0.03614303,0.0,0.060535613,0.09394817,1.5005295,0.21237624,0.10854994,0.0275935,0.11352968,0.04428763,0.0,0.8593744,0.14711025,0.04291431,0.37376618,0.2699879,0.039887488,0.09032532,0.15080217,0.28528482,0.025048515,0.12952659,0.0578352,0.22530887,0.10292542,0.03208243,0.06370078,0.1288725,0.3439944,0.00825949,0.30669522,0.0188509,0.19013093,0.18435827,0.048522405,0.009683101,0.70470583,0.036215145,0.67119175,0.32722715,1.2564154,0.60785913,0.4531045,0.13790886,0.0023481306,0.43636408,0.7848805,0.4041796,0.08819024,0.7714915,0.056312583,0.5383254,0.12977922,0.059548557,0.117686324,0.08281501,0.038752187,0.1306076,0.16288978,0.9555627,0.20064747,0.90157413,0.09727738,0.12906164,1.4565408,0.70356524,1.003188,0.396075,0.1429052,0.51196414,1.9900031,0.027514117,1.2889487,0.20857069,0.37371847,0.10945068,0.36011377,0.13559097,0.11369023,1.2671063,0.29100856,0.14604124,0.13650626,0.17353018,0.011261836,0.026050057,0.0371855,0.89411294,0.10542174,0.024293073,0.12995455,0.2437591,0.22076446,0.08811285,0.38189697,0.0,0.077818416,0.049076512,0.03423018,0.22782762,0.17107666,0.1290766,0.13540226,0.40285945,0.011876132,0.051107176,0.034623824,0.30280378,0.10982985,0.28320158,0.20842256,0.8839278,0.14378569,0.119552314,1.4160993,0.089714624,0.17262365,0.09965384,0.058567815,0.599633,0.4781622,0.41492766,0.170692,0.13604084,0.39796245,0.7068036,0.44176868,0.18650347,0.21991059,0.031083228,0.63441944,0.2533965,0.16064617,0.1132015,0.08937138,0.28225753,0.6756811,0.037899747,0.021840407,0.51564914,0.12703212,0.118857495,1.0497801,0.21973059,0.17125297,0.32883087,0.20036568,0.6680471,0.32197896,0.16765638,0.6165035,0.041515015,0.1779161,0.0703594,0.17757672,0.18763581,0.11062349,0.22448845,0.06377324,0.08572195,0.03735747,0.6931281,1.2196121,0.08492871,0.15716031,0.59644693,0.08189652,0.505379,0.23306657,0.011109661,0.23049861,0.54951,0.08947875,1.4130857,0.13193108,0.091541596,0.15972003,0.15219806,0.16027586,0.20950113,0.28953135,0.72671705,0.3891697,0.34891325,0.17552304,1.7777036,0.22585198,0.19663739,0.17918144,0.46746117,0.3518604,0.018905262,0.08902018,0.13950533,0.25088772,0.3049429,0.104841575,0.14151484,0.15273687,0.08622117,0.32128733,0.112076625,0.11315648,0.26080424,0.03218463,0.6861135,0.5136293,0.08475424,0.04307136,1.3086228,0.384862,0.07412303,0.31782174,0.026213583,0.89360094,0.5987099,0.94305134,0.07410381,0.13895902,0.55675435,0.70133585,0.098668076,0.0073209014,0.4253204,0.6216203,0.31938815,0.11502686,0.05717559,0.0017149833,2.9293106,0.23597816,0.72887266,0.06180471,0.38166738,0.08326677,1.7373161,0.28825086,0.32000238,0.51157427,0.17181106,0.10210416,0.6890947,0.13197757,0.018841568,0.05316875,0.0836456,0.124392375,0.3673995,0.81268215,0.17853692,0.20662849,0.854064,0.7455975,0.28937167,0.84261274,0.041324507,0.581222,0.05472205,0.5137438,0.07156812,1.3279037,0.4224912,0.070846505,0.2495107,0.47764602,0.06881316,0.5192274,6.497554e-05,0.08845465,0.06547971,0.12263856,0.7728318,0.6155281,0.060688775,1.6444455,0.34086066,0.3385368,0.15978469,0.3445673,0.020038001,0.058089796,0.20470537,1.2263726,0.14946312,0.99155694,0.57560605,0.969666,0.78311884,0.13689098,0.4188779,0.40462255,1.1079633,0.41256797,0.11251277,1.067314,0.11462763,0.20988908,1.0705256,0.109524384,0.26664665,0.3003438,1.3556988,0.1063026,0.2322465,0.49445662,0.34911862,0.20512393,0.24291962,0.11153565,0.27712554,0.31188852,0.9849437,0.74626034,0.1385409,1.1282719,0.23538831,0.06962583,0.16137752,0.07394232,0.05651097,0.43934464,1.1601754,0.17598502,0.28685296,0.4929562,0.22596595,0.04403588,0.5080028,0.20696707,0.0,0.507177,0.31511846,0.10794317,1.2644333,0.13491419,0.8129654,0.5728079,0.06037848,0.25530756,0.06541795,0.36772126,0.7748546,1.4356036,0.07940063,0.4961255,0.21191241,0.2891342,0.0073161614,0.0029419314,1.3257585,1.2083497,0.26253903,0.027307164,0.071599886,0.08986139,0.7041506,0.008288238,0.7672316,0.2966131,0.35749665,0.002509967,0.39587513,0.44743258,0.329093,0.06344224,0.29185194,1.1993504,0.22527471,0.09499644,0.016848484,0.28665152,0.32328963,0.09902958,0.22398344,0.30925182,0.29443657,0.34894767,0.47393733,0.06632801,0.09972146,0.8798294,0.15596569,0.204389,0.06402785,0.27439064,0.17156565,0.92050016,0.4140874,0.58514154,0.09791039,0.20852384,0.05746783,0.14082487,0.55111796,0.92325515,0.624493,0.7525284,0.0326019,0.32637787,0.38443375,0.3467236,0.5309181,0.09444101,0.09562971,0.44627878,0.15291959,0.04882103,1.6754858,0.16104832,0.1611565,0.3224028,0.28337976,0.22278191,0.29811722,0.07022994,0.07588571,0.44560105,0.96766806,0.24743402,0.62711096,0.007228299,0.52953005,0.17882967,0.2755385,0.027383793,0.57993513,0.50003225,0.14222072,0.13027301,0.1430592,0.05549544,0.26282677,0.0737097,0.10896501,0.21296321,0.08263391,0.054030772,2.7726781,0.11139582,0.055364992,0.63554597,0.39003876,0.28154296,0.15623686,0.14355944,0.23119353,0.3316998,0.8022531,0.06886706,0.052255917,0.19947952,0.6107173,0.21560962,0.35931852,0.07963987,0.13437527,0.43563908,0.22032824,0.042776816,0.013926636,0.06200671,0.37497368,0.4500308,0.06735545,0.26489818,0.3291701,0.21356973,0.4608464,0.08715293,0.16706456,0.2383824,0.97503096,0.31957617,0.0970337,0.017051987,0.22981638,0.64103305,0.3641065,0.035473764,0.2721098,0.023156676,0.26007307,0.27092358,0.13213256,1.9357734,0.034186468,0.91370094,0.814641,0.88834006,0.17709959,0.2771396,0.017970294,0.03664272,0.38383704,0.13193187,0.055345833,0.9349129,0.08564815,0.37749037,0.18519479,0.7444923,0.59614503,0.057298146,0.2793361,0.5913744,0.4020962,0.47833538,0.23427947,1.0077106,0.047851812,0.116168156,0.09798154,0.16038483,0.1944358,0.7871635,0.01975295,0.30478746,0.10578601,0.63464785,0.13742696,0.03795911,0.0032825242,0.26283056,0.15097186,0.15362088,0.2818787,0.2015993,0.018347513,0.18596458,0.0069246246,0.2177856,0.19278848,0.025376841,0.58709013,0.09665264,0.2787067,0.097961664,0.8735385,0.06402819,0.059451837,0.34067738,0.3597037,0.9577447,0.41546515,0.16987257,0.08738485,0.1087528,0.5461586,0.29489982,1.1857244,1.2592545,0.15439594,0.09155224,0.2807852,0.04633504,0.30053404,0.1506005,0.38532197,0.15762554,0.6246399,0.07795118,0.16131614,0.20753215,0.6274917,0.14410852,0.1540046,0.302839,0.047895364,0.06593995,0.22273196,0.4488199,0.12427605,0.113860674,0.63389957,0.24660285,0.053941455,0.2519055,0.36598492,0.41674048,0.6316811,0.24176502,0.05090063,0.35397315,1.6544437,0.12322579,0.39845228,0.008623896,0.41643447,0.032365594,0.23407337,0.14714855,0.07959093,0.42477986,0.16015181,0.3400935,0.27739346,0.32408905,0.21264079,0.6274816,0.2558576,0.22881246,0.22267878,0.075533964,0.22453147,0.65752685,0.38920617,0.4803115,0.0008845811,0.040451325,0.07498671,0.70256734,0.37025142,0.24223946,0.060695402,0.458414,0.70998335,0.42109236,0.5522002,0.20038971,0.062760815,0.17413977,1.182217,0.63275075,0.20830245,0.32382342,0.17935252,0.38746646,0.86508477,0.49239215,0.42998952,0.43846548,0.020326942,0.19696741,0.6028798,0.13583939,0.0732298,0.7819385,0.43928182,1.0872049,0.40284386,0.41363305,0.5027648,0.52452886,0.049891055,0.7071792,0.027741613,1.1710274,0.97021806,0.06103635,0.37585652,0.56181586,0.15411861,0.09628487,0.12833768,0.22334035,0.3445166,0.081986636,0.41427785,0.21632874,0.42205334,0.11898349,0.08714889,0.15649153,0.74455976,0.23520607,0.2685433,0.06289897,0.67106736,0.35446927,0.23835796,0.44576356,0.016175443,0.46241668,0.22449915,0.20773414,0.062328514,0.41482776,0.2508093,0.6576767,0.11508361,0.9142998,0.3407421,0.57541704,0.32716018,0.021870624,0.04238929,0.039591815,0.3697284,0.23926361,0.45458925,0.74310374,0.035628702,0.086907834,0.07713734,0.0989785,0.17530733,0.58991516,0.3743384,0.4628811,0.25727612,0.056024607,0.45771083,0.5537254,0.1265251,0.6545236,0.26130033,0.88233215,0.71673524,0.15675747,0.16073912,0.5668446,0.3439978,0.1216923,0.39334258,0.14992228,0.57967466,0.027616132,0.20681694,0.70999354,0.21383226,0.3596207,0.36645007,0.006184033,0.16231048,0.010290061,0.28856176,0.13745691,0.21379878,0.14796546,0.06981393,0.13522327,0.37027478,0.08599764,0.34082603,1.0627456,0.35577098,0.1812633,0.2824678,0.10260041,0.0026873143,0.04070372,0.43961447,0.39129573,0.04302886,0.25955564,0.64382386,0.21969521,0.38498163,0.21451327,0.10683237,0.26858667,0.6990022,0.024143018,0.062509105,0.16005048,0.29025087,0.5243372,0.6220529,0.6479585,0.23927495,0.19246614,0.7907047,0.23191518,0.60993075,0.03865221,0.7210248,0.30922562,0.09875215,0.024730112,0.67289346,0.3231557,0.032186024,0.6803665,0.35864973,0.4101146,0.26929063,0.116922215,0.095062084,0.40895724,1.0094507,0.41591266,0.11065909,0.010056197,0.2790697,0.20015116,0.56008834,0.28937128,0.4454127,0.3158401,0.10237847,0.5161666,0.016666373,0.38498658,0.45674938,0.26269513,0.09657681,0.4781197,0.31434909,0.48751754,0.15406877,0.75403744,0.041531112,0.20145613,0.054274917,0.4786566,0.032207556,0.40417004,0.33240163,0.28634664,0.0040615946,0.048749156,0.66392565,0.040812097,0.42984423,0.23044553,0.84957767,0.34367004,0.18818986,0.6441175,0.019085271,0.39324847,0.2928289,0.0954618,0.34337977,0.072716005,0.6557043,0.4284138,0.4182699,0.1331905,0.96016437,0.19707789,0.087307155,0.07927926,0.21628982,0.35244817,0.49329048,0.3924092,0.02554479,0.17431629,0.35032016,0.1539821,0.08731682,0.3365206,0.19765759,0.00975907,0.2585106,0.49292618,0.4374848,0.20283762,0.37283212,0.48643488,0.04158049,1.4049811,0.2621126,0.4363459,0.0985025,0.12515336,0.8113513,0.52626455,0.37511045,0.08750288,0.48850888,0.44735017,0.16850951,0.009350884,0.4043362,0.031385053,0.5954038,0.5047705,0.0061817095,0.52060294,0.13657251,0.19061047,0.6985598,0.452742,0.16060218,0.673228,0.08560544,0.06390202,0.7387291,0.5733082,1.2557603,0.2650114,0.7204759,0.32767496,0.25267082,0.0026255725,0.12505928,0.629974,0.08215863,0.3959818,0.14055118,0.39003667,0.11904902,0.06606462,0.009564512,1.0756576,0.8190744,0.48078352,0.22517008,0.31346375,0.67067736,0.33726946,0.066474065,0.62708557,0.7770144,0.90954554,0.36334586,0.022359703,1.16325,0.17213741,0.49368122,0.6401373,0.13236043,0.065053806,0.048101164,0.3377301,0.23694353,0.58774066,0.13443276,0.08229722,0.22846211,0.38222855,0.12220695,0.22909606,0.34024936,0.26577792,0.17845228,0.34102294,0.26157242,0.049846645,0.6926078,0.33891395,0.14652656,0.74446106,0.40744686,0.43449587,0.1531159,0.23485821,0.12372194,0.5211165,0.2739091,0.22687659,0.42794922,0.13589439,0.27078518,0.25427437,0.1874145,0.007056826,0.09754694,0.23899421,0.54590786,0.22963154,0.32137507,0.5758636,0.19245623,0.24025765,0.8467983,0.447781,0.21324085,0.1389766,0.68185884,0.21805239,0.12458232,0.98446476,0.6469171,0.35808748,0.14909416,0.158142,0.19029337,0.15861657,0.011739247,0.24110508,0.07068551,0.23355392,0.3723275,0.2668188,0.31545314,0.07367143,0.10796112,0.16394815,0.3761453,0.2354447,0.58396566,0.49193874,0.00608793,0.54824096,0.2190908,0.29989785,0.6868701,0.61880124,0.058750663,0.2211937,0.480452,0.09084883,0.35832512,0.6115192,0.84923553,0.32851332,0.05307499,0.09093146,0.12914003,0.33686203,0.68274015,0.48922768,0.6899141,0.33896366,0.0895309,0.20559505,0.3747108,0.01611251,0.2725253,0.33253738,0.17931432,0.2479612,0.4110359,0.7987336,0.035923786,0.42830163,0.4107765,0.50067544,0.14535767,0.6306466,0.11359489,0.046562422,0.032843575,0.2572638,0.40275213,0.48362342,0.3522117,0.016227257,0.19166122,0.3793642,0.71301126,0.1851818,0.35519233,0.65756476,0.5062716,0.09661217,0.08827458,0.47703764,0.17161469,0.10939802,0.15691362,0.5289118,0.4242295,0.32366836,0.27376878,0.010129811,0.33154142,0.3805613,0.07485676,0.2778096,0.7675426,0.2807181,0.11564477,0.58570844,0.20695607,0.12132148,0.40240172,0.45749366,0.17219055,1.0122287,0.68640614,0.1086051,0.20778301,0.24156299,0.7352121,0.016650124,0.36801413,0.64539057,0.56398094,0.8152906,0.16924863,0.18936336,0.744017,0.30081624,0.4877885,0.1484513,0.02687719,0.22355616,0.6250405,0.19926202,0.052586064,1.1109974,0.01787867,0.20947206,0.28715628,0.11541388,0.047906846,0.66237867,0.116025686,0.36273247,1.0046123,0.26251927,0.28773338,0.066665515,0.29392236,0.51620555,0.19629261,0.1395556,0.9622425,0.1412569,0.4551968,0.12698966,0.7702491,0.06724055,0.13303071,0.32271934,0.10153589,0.12045639,0.04521525,0.19860737,0.89444673,0.12042827,0.43109894,0.359674,0.9741031,0.02727703,0.73565114,0.6765139,0.05385818,0.4399097,0.49519187,0.9392106,0.1380384,0.7364025,0.72993433,0.2990501,0.66771245,0.63152385,0.08166087,0.17591327,0.23289287,0.14195548,0.12095623,0.24212924,0.18620256,0.086521976,0.7134757,0.252662,0.27288434,0.19168667,0.48156607,0.09242355,0.25680548,1.0106117,0.19525976,0.31998205,0.05429374,0.49370646,0.26356238,0.13800982,0.18432108,0.32000026,0.14096777,0.40739343,0.07120056,0.3467617,0.17622957,0.23211545,0.31692398,0.24918664,0.18278748,0.8127913,0.34021428,0.3059986,0.6601616,0.1336887,0.28825104,0.61488354,0.18546644,0.119676545,1.2505141,0.6999653,0.109124765,0.3616171,0.2560022,0.8206041,0.07233693,0.07295936,0.54587066,0.16459729,0.5478294,0.73474425,0.37483022,0.7378056,0.3210124,0.27076724,0.6032771,0.7643757,0.14388785,0.5583351,0.4724321,0.45188466,0.29524294,0.17599964,0.5172011,0.08552348,0.41489983,0.64554447,0.65169,0.32149756,0.115409836,1.0136876,0.21909703,0.18893115,0.45410734,0.010079684,0.01829545,0.2449945,0.037429933,0.37493813,0.7309011,0.14642675,0.56455743,0.55279833,0.47257495,0.15426065,0.6693084,0.3336863,0.047528945,0.5425259,0.07196125,0.30844116,0.3989057,0.67664284,0.5740655,0.02014812,0.45420396,0.35408506,0.554652,0.20575899,0.54762775,0.3095224,0.5454524,0.14185849,0.81910914,1.7659166,0.07653476,0.21225591,0.06856428,0.27445292,0.5325801,0.9690621,0.20494884,0.17386776,0.28072768,0.2515888,0.1493754,0.11250952,0.37630436,0.4496541,0.74527586,0.043562703,0.21148142,0.00024486866,0.20469673,0.052396163,0.0111266505,1.4343722,0.25126255,0.5427508,0.7636874,0.6195453,0.16049212,0.176236,0.7012261,0.4558208,0.6117525,0.84590304,0.06766659,1.0965002,0.16418874,0.21516821,1.5320674,1.6433358,0.07005123,0.07384011,0.5001503,0.0673724,0.09707117,0.20776877,0.566391,0.18314627,0.36046267,0.65499824,0.24073148,0.053626165,0.051563263,0.4369871,0.6248331,0.16564187,0.2877444,0.0074967416,0.020671416,0.34913144,0.054618765,0.04458813,0.08209906,0.5277927,0.12605955,0.20310897,0.6322605,0.51033294,0.06582005,0.18561,0.2719449,0.43237203,0.055001415,0.7012164,0.6312388,0.71214056,0.33293843,0.022332394,0.6886703,0.39903072,0.095055796,0.18227851,0.2092214,0.46341023,0.47064948,0.5528387,0.4910598,0.37495756,0.33763352,0.28787056,0.7676403,0.12828371,0.16575032,0.42270547,0.48318183,0.24363942,0.035652727,0.26499164,0.79563344,0.5335085,0.07008442,0.031018414,0.36271903,0.28647298,0.20317431,0.74636185,0.38783452,0.17166364,0.8518477,0.022562556,0.062865116,0.594839,0.09184183,0.49125427,0.47822064,0.29437548,0.3598634,0.4502089,0.16496868,1.8901298,0.6874568,0.06601887,0.1483736,0.95168334,0.060127866,0.8799801,0.4741965,0.0049738665,0.010314715,0.6371189,0.71947503,0.41409767,0.3907156,0.49190387,0.07640436,0.0171354,0.19228303,0.40362927,0.84690213,0.09332541,0.4987525,0.30620432,0.0006729341,0.2771113,0.20818776,0.05161689,0.09821274,0.12201283,0.23566714,0.0,0.33861998,0.58691627,0.15537407,0.33015,0.3551179,0.22834812,1.350725,0.0,0.1491977,1.2339742,0.0,2.000331,0.5853554,0.72823644,0.0,0.21677782,0.13095984,0.7178894,0.3947516,0.4670717,0.046103157,1.4161754,0.25860047,0.24355803,0.5236441,0.91453743,0.26056075,0.36317414,0.35439312,0.024026528,0.6727958,0.13341546,1.1478046,2.4398017,1.2836007,0.22330393,0.18527484,0.02920943,0.08625518,0.20164166,0.0039281803,1.337298,0.24363065,0.3701223,0.2596775,0.26435527,0.59707946,0.6456951,0.042978086,0.16842517,0.6070177,0.088794515,0.7792429,0.24190584,0.0,0.0,0.87685645,0.6421125,0.8451108,0.48904017,0.0,0.57972485,0.16105527,0.56735057,0.03539692,0.90938026,0.348849,0.105164796,0.17004237,0.039158043,1.2890557,0.05825405,0.43154535,0.26494244,0.31590152,0.69488335,0.21630135,0.0,1.482136,0.46846417,0.16430594,0.15265477,0.50532526,0.18327054,0.9462742,0.37468016,1.7062637,1.364505,0.020696864,1.0661919,0.081891775,0.25236097,0.25603017,0.0,0.24195081,0.92711973,0.154482,0.37828588,0.22250754,0.13738865,0.08273736,0.27156788,0.16560596,1.0294607,0.12863566,0.7390206,0.10250703,0.88743794,0.94432384,0.12939377,0.02062248,0.0020717145,0.24623486,2.55901,0.32545424,0.5856611,0.25272012,0.23336375,1.8295907,0.33963686,0.54987884,0.27476567,1.0731504,1.9344953,0.41182375,1.0948995,1.4499961,0.06792143,0.11088014,1.197572,1.2974286,0.0,0.37035653,0.043610178,0.44036847,1.5010084,0.6565429,0.016669154,0.14506234,0.5636252,1.137219,0.01730387,1.8542404,0.8084252,0.050798435,0.16902697,0.031043518,0.7047239,0.27868518,1.4175098,0.28775364,0.21141806,0.13592416,0.36120912,0.121898144,0.013869148,0.6394108,0.9935033,0.68628526,0.10840689,0.20347479,0.17368984,1.4766816,0.30306178,0.049039304,0.14817148
0.27147734,0.22237638,0.22740439,0.18750146,0.08531331,0.076853804,0.6566984,0.6248336,0.17339854,0.4015878,1.3156583,0.15121315,0.18092135,0.40761906,0.40299216,0.25485188,0.21467261,0.09878593,0.77511513,0.9635005,0.9689562,0.4383118,0.21372728,0.0037586298,0.36557814,0.0,0.85009795,0.4037876,0.14193933,0.3276057,0.08172773,0.10088304,0.13611682,0.31491107,0.4932111,0.28403783,0.14789088,0.24917969,0.39841312,0.08027146,1.0807524,0.6471484,0.0032664011,0.06795568,1.2201823,0.008355701,0.06797809,0.56937134,0.18681765,0.21953118,0.28947818,0.17391194,0.87386596,0.44540367,0.21897915,0.43910864,0.103913575,0.20641229,0.26234174,0.29991826,0.256847,0.03445688,0.12578827,0.15894163,0.25996387,0.08232785,0.6465643,0.118240245,0.16241553,0.055780515,0.22953053,0.14463118,0.37194115,1.3251762,0.7310413,0.21003461,1.0049891,0.29084128,0.25760746,0.3297227,0.7239686,0.07876568,0.19544071,0.2568707,0.5172098,0.083937906,0.59682256,0.2977281,0.035414428,0.0041072285,0.60399973,0.27762964,0.13311028,0.79019403,0.76688963,0.46712884,0.09934081,0.049967438,0.33360088,0.7992494,0.15032639,0.15976197,0.47569174,0.2669642,0.6538887,0.11927588,0.09875363,0.06577014,0.1667934,0.13001807,0.14597945,0.024101859,0.16122489,0.24077344,1.1145166,0.20179768,0.12768172,0.41712633,0.17493951,0.19313422,0.4595629,0.5556091,0.25906524,0.0975918,0.47674477,0.116685845,0.029059995,0.00032679393,0.26162544,0.6454342,0.15953255,0.39391047,0.040924452,0.37814078,0.20738971,0.11583967,0.2774796,1.0539353,0.2886716,0.61229825,1.3209155,0.2591294,0.087637305,0.16197541,0.5275906,0.34516796,0.6715665,0.8233954,0.40540045,0.021405159,0.22496213,0.17145608,0.17289051,0.6214365,0.832749,0.22754934,0.4819242,0.27161804,1.0165826,0.2652028,0.15103453,0.625551,0.6352377,0.2856004,0.065724365,0.40645665,0.055992544,1.0347443,0.34688747,0.56531507,0.31089395,0.6396597,0.023704644,0.7659763,0.1709981,0.47807616,0.5807073,0.18960954,0.19618434,0.17225343,0.44781536,0.33710337,0.11666465,0.31059697,0.35489225,0.10345385,0.10724595,0.021332838,1.2876625,0.22360289,0.009492639,0.33193573,0.060590338,0.16457464,0.12278689,0.37792227,0.17702651,0.17569646,0.9100554,0.17584042,0.5118596,0.25163582,0.65629935,0.20618653,0.11528739,0.011831304,0.040541373,0.026441839,0.37205023,0.15439703,0.22063087,0.2535304,0.17781645,1.1381305,0.32268268,0.24082813,0.19470495,0.1484954,0.43763492,0.06224613,0.3304875,0.6526369,0.6325053,0.5076399,0.19879062,0.27273554,0.15171733,0.08256262,0.38959005,0.4723822,0.0,0.19231565,0.76778054,0.16685404,0.03700769,0.09676222,0.18067268,0.17107481,0.16790877,0.21247676,0.118995294,0.11473087,0.08806104,0.3955915,0.8656591,0.03173639,0.90741026,0.26116726,0.055697873,0.44947618,0.15403508,0.59803325,0.011944035,1.0269704,0.39616418,0.07422425,0.017929913,0.47151408,0.099851094,0.25796026,0.2754407,0.0028236345,0.36456627,0.57443887,0.18814582,0.64937425,0.34972513,0.15452302,1.6777415,0.25511795,0.33715641,0.5003587,0.21863817,0.19321461,0.12538233,0.65874404,0.16253267,0.19226071,0.12305573,0.22939,0.070377156,0.27870014,0.07318824,0.19320796,1.4286565,0.19489601,0.29562896,0.23241279,0.0728953,1.3608387,0.05601346,0.30840966,0.5035182,0.3563615,0.27006066,0.14131612,0.92325544,0.43404427,0.065693945,0.4418372,0.20125961,0.47252828,0.04815317,0.4434529,0.020790976,0.24086145,0.110920824,0.20935002,0.31855884,0.2633462,2.049173,0.13727657,0.427757,0.597982,0.22550496,0.039356902,0.033041105,0.095047146,0.45501518,0.0735965,0.07449613,0.033816025,0.96561116,0.025260232,0.81549096,1.1330177,0.02387137,0.15598121,0.31783146,0.17562193,0.015407935,0.115982264,0.063291654,0.012872748,0.5053493,0.5814408,0.13548447,0.014421603,0.26092085,0.04146911,0.04855527,0.20921713,0.09182774,0.19107795,0.22359093,0.15858644,0.03883148,0.169018,1.0642416,0.030756792,0.01390061,0.33555144,0.095856234,0.5160262,0.0,0.7186436,0.37116256,0.009036933,0.18502405,0.03523279,0.56837505,0.12325724,0.02371783,0.06300356,0.28296274,0.14901234,0.1524672,1.0414717,0.11966668,0.20434415,0.29531085,0.08686284,0.4049167,0.19813138,0.19413763,0.43667412,0.11702268,0.03235046,0.52657366,0.18272296,0.021311425,0.41822302,0.034149345,0.09938144,0.20600143,0.17990072,0.0037416443,0.46151733,0.1943858,0.11172834,0.026552347,0.04962029,0.29546633,0.07905362,1.0983114,0.068648785,0.0176118,0.33823958,0.06602232,1.7166314,0.5839547,0.11096845,0.09281774,0.13248447,0.34412435,0.4008546,0.33648425,0.45293334,0.003944692,0.07229655,0.38264418,0.24307697,0.671102,0.20815986,0.19096097,0.20946777,0.73313683,0.32141677,1.6322956,0.59056747,0.40609285,0.19601372,0.07721472,0.27386653,0.123867795,0.844229,0.17764336,0.17648442,0.49715158,0.21497749,0.4014663,0.89939696,0.24170777,0.000463699,1.8285954,0.13081554,0.52296937,0.123089544,2.5400105,0.11291881,2.3638237,0.05000421,0.43411553,0.14048588,0.31554362,0.01557726,0.5090221,0.15960841,0.0015270944,0.37855244,0.34288803,0.28092828,0.12244102,0.104063466,0.36986092,0.05646528,0.13928458,0.119716585,0.171341,0.00939419,0.057050727,0.38584346,1.628093,0.39801902,0.7838193,0.06807715,0.0,0.7407271,0.063030995,0.3061915,0.031063365,0.3386791,0.03956739,0.1089376,0.690369,2.6922731,0.7206507,0.100393586,0.3850922,0.080423646,0.5022673,1.3943598,0.11208396,0.19641438,0.24427116,0.05873934,0.6331961,0.021830697,0.1280005,1.832753,0.10902592,0.38763142,0.02806882,0.516569,0.03592453,0.015477974,0.21055107,0.05395737,0.19512689,1.4194486,0.044297762,0.28761655,0.19449389,0.044695966,0.12632209,0.009721299,0.5553544,0.037596058,0.01190645,0.58522,0.09685536,0.0041963565,0.04466501,0.07548541,0.22476947,0.16086912,0.24862936,0.050925538,0.681908,0.06802074,0.0053656045,0.17976692,0.14318635,0.23047441,0.04204256,0.50640845,0.015734792,0.20972414,0.08899729,0.027728913,0.088150695,0.49432176,0.1702367,0.702203,0.43882698,1.7208099,0.35579413,0.46131188,0.11807235,0.00024725593,0.2220185,0.58917105,0.55483437,0.21980765,0.80846065,0.041172367,0.45814776,0.020320594,0.02189909,0.11842171,0.3055188,0.0057207393,0.1576886,0.102208555,0.8754397,0.02136718,1.1505805,0.3364361,0.1596232,2.0424037,0.75647914,0.41562012,0.3113451,0.7388352,0.6963326,2.604945,0.011925325,0.82256037,0.10409186,0.18164629,0.14457588,0.79544115,0.04287245,0.054649517,1.2893596,0.094854616,0.1749416,0.049437344,0.19108157,0.16530517,0.14928576,0.082291014,0.60721725,0.11180411,0.058666058,0.14237937,0.15470335,0.17907155,0.02676054,0.18403022,0.018418033,0.025630634,0.33388114,0.036738798,0.83086914,0.3447805,0.26929653,0.28785968,0.23005022,0.017535966,0.018162588,0.02854649,0.122348346,0.91320586,0.2502507,0.20534186,1.4043198,0.12548068,0.025238875,1.4804007,0.13455471,0.1367358,0.08089958,0.067722686,0.13534057,0.41334292,0.32648838,0.18454874,0.14634752,0.7320788,0.3900693,0.2828454,0.041674856,0.38893652,0.0057481965,0.8523065,0.035288393,0.084134154,0.061966985,0.23700492,0.5688747,0.43104428,0.39728567,0.0,0.39806306,0.017802883,0.44171864,1.4032452,0.18568383,0.03429292,0.16876994,0.14752711,0.602221,0.08891837,0.34210068,0.5933379,0.026055982,0.07917612,0.44076192,0.07007051,0.0682347,0.19488436,0.12197437,0.11768778,0.03600891,0.026393857,0.46691972,0.89340353,0.030425973,0.05809679,0.53553164,0.11062666,0.6787051,0.06969169,0.023635898,0.12912062,0.41839018,0.019751567,1.120975,0.48459297,0.039315473,0.1957125,0.12704614,0.2380722,0.32555926,0.5850419,0.3886379,0.1559602,0.17225751,0.09500341,1.3693067,0.0560887,0.12898885,0.66224086,0.24124742,0.33602095,0.0015609754,0.05970142,0.20590742,0.1981498,0.17009819,0.04713612,0.27167097,0.13075244,0.029996742,0.36714453,0.13013493,0.08711541,0.47041506,0.052671257,0.7403283,0.5875383,0.04352837,0.0,1.1121347,0.26541454,0.07196102,0.27158898,0.048831716,0.9559453,0.62751865,0.51738405,0.040543545,0.28739703,0.22925416,0.37156188,0.09009963,0.077356234,0.58539927,0.84746325,0.40474498,0.18052231,0.030609692,0.040935837,2.6033514,0.12685719,0.82756007,0.0124735,0.2925092,0.05982983,1.5310419,0.2958743,0.13266385,1.0401158,0.108004466,0.5372746,0.7681932,0.097555265,0.008721319,0.19382271,0.026203819,0.067159556,0.48441797,0.4136798,0.23717645,0.104530305,0.74063146,0.33327168,0.15482315,0.4128393,0.02527642,0.46356997,0.17377463,0.37732482,0.025669523,1.2053494,0.3132468,0.078341514,0.2602078,0.115461044,0.06607123,0.6648779,0.04006345,0.19770317,0.02974758,0.23595642,0.5606652,0.23353231,0.025122015,2.023011,0.6589031,0.4074465,0.10477635,0.23383407,0.0299029,0.1567081,0.10435726,1.0036676,0.05361321,0.65362895,0.37465054,0.87178844,1.0350758,0.22489487,0.39499247,0.62491095,1.2008593,0.37212372,0.5901712,1.0479536,0.059876576,0.3006175,0.6540754,0.14065015,0.14897986,0.1720226,1.1645422,0.17258921,0.13659494,0.43911996,0.2706222,0.08753896,0.3117146,0.1039078,0.21690795,0.17998181,1.3727251,0.40274543,0.047626466,1.1783414,0.3241142,0.060310997,0.27089518,0.047577444,0.019535117,0.33085144,0.36266562,0.14452097,0.19370446,0.6408738,0.5797411,0.06802572,0.67535686,0.0355122,0.014694339,0.21866322,0.37539822,0.068799235,0.9933922,0.14437653,0.93628114,0.36042354,0.37741637,0.32462955,0.070252076,0.40358245,0.87882423,1.6506779,0.093709074,0.47652557,0.61984587,0.5674752,0.022880612,0.0,0.88051856,1.1985308,0.14341727,0.0,0.018297201,0.07373619,0.558718,0.09043027,0.5012326,0.09341231,0.7160626,0.008164408,0.16376704,0.5587609,0.12489498,0.17834671,0.2588515,1.2914222,0.08047771,0.09378442,0.01329277,0.15210894,0.13356799,0.062497795,0.122632,0.20881066,0.41481665,0.12922202,0.23614591,0.05837152,0.17676872,1.0166134,0.036137503,0.3569744,0.056174267,0.4835862,0.36794072,0.8958652,0.43567887,0.5789644,0.010398574,0.29895014,2.4099827e-05,0.025545333,0.49685913,1.4345434,0.32067457,0.4205706,8.959923e-05,0.44561732,0.15654403,0.403512,0.80383503,0.088228665,0.09959401,0.2050126,0.22852743,0.09727198,1.4049497,0.34477177,0.16821474,0.38648054,0.17448051,0.09126364,0.17001057,0.18390244,0.15519969,0.54427505,1.095844,0.10268447,0.5650838,0.0,0.302035,0.14877945,0.17849147,0.00072206336,0.45948413,0.09414118,0.05617586,0.39806545,0.30019623,0.068431124,0.20075485,0.022816742,0.23130338,0.25383365,0.059864152,0.12101896,3.0868027,0.09975153,0.29962707,0.596554,0.5019828,0.11903673,0.32533664,0.13370712,0.09405449,0.22588164,0.56173146,0.06523445,0.14213948,0.3031747,0.43470532,0.1750886,0.35336196,0.06667046,0.052098934,0.7311707,0.2742698,0.11349508,0.012888851,0.029270086,0.6288139,0.48809472,0.05697128,0.60894203,0.55607915,0.1516268,0.6405257,0.1913048,0.08876395,0.42329434,0.9731984,0.570686,0.04792568,0.14438835,0.19179899,0.11782956,0.1840154,0.06272855,0.20792209,0.050036095,0.09569168,0.4182098,0.3855247,2.2566698,0.028409624,0.82928705,0.72281456,0.68012345,0.00046167677,0.015110107,0.08122747,0.09764169,0.07617244,0.06753372,0.012150552,1.0008336,0.12623909,0.3815434,0.03805841,0.71725285,0.48664722,0.0097538205,0.25898397,0.66029924,0.16910347,0.37453127,0.29436687,0.93170583,0.0060678828,0.20847389,0.21350761,0.09136233,0.098197386,0.6028194,0.024222294,0.1671163,0.10837894,0.23974001,0.09824085,0.11779238,0.008551371,0.3261319,0.016487062,0.12988292,0.49389133,0.08014734,0.029019376,0.13806018,0.05614689,0.14105313,0.1241665,0.0635754,0.43805668,0.22153082,0.1061974,0.068596154,0.5620473,0.062512346,0.09087699,0.11902846,0.07824368,1.1689111,0.37792233,0.057710897,0.105649896,0.1189411,0.7911001,0.09402718,1.2246604,1.4400911,0.15996858,0.05397492,0.0057047894,0.10956893,0.33172762,0.0,0.20529434,0.14387447,0.6795834,0.050394803,0.08650592,0.1496112,0.85250866,0.103673756,0.07756669,0.34835517,0.06535189,0.16668856,0.36844218,0.19872424,0.15678214,0.048923213,1.0354328,0.025786694,0.006124323,0.23008569,0.7719735,0.67046297,0.7974141,0.038178682,0.25662965,0.39773375,1.3685787,0.057168778,0.39614123,0.0,0.5719155,0.06814115,0.27164203,0.06391521,0.16406949,0.544328,0.13306102,0.002483396,0.018816594,0.26506585,0.105126426,0.46142715,0.19228655,0.1492762,0.0986334,0.03560324,0.0500943,0.27972442,0.2589246,0.22909965,0.0015352446,0.06787421,0.043496847,0.43684828,0.39791262,0.17652938,0.049022183,0.40922797,0.40560955,0.07129379,0.5012403,0.036833685,0.019516222,0.08544985,1.0295223,0.26867524,0.39779302,0.10828342,0.08496675,0.09894009,0.71751547,0.36731464,0.2700245,0.4867202,0.017822277,0.28620172,0.0947434,0.21010968,0.100738846,0.24202266,0.37876397,0.7604803,0.24998207,0.35607824,0.27016085,0.43976665,0.007002661,0.3967145,0.0013654813,0.7372503,0.62222016,0.0015304377,0.33712813,0.4513693,0.06392257,0.06190819,0.03285574,0.27055722,0.44304344,0.024346966,0.22342712,0.17806418,0.19114229,0.16192462,0.012728642,0.01770345,0.35413972,0.10222273,0.14988406,0.015424693,0.24698564,0.5423011,0.5773561,0.3111053,0.07731963,0.012486597,0.09450492,0.10457254,0.020081706,0.2650185,0.04978296,0.26749828,0.10849716,0.25844708,0.018064119,0.17952245,0.1396014,0.13973656,0.016233081,0.046453144,0.21209714,0.09165695,0.6229447,0.14335588,0.009560055,0.0018065841,0.052978173,0.23865709,0.14721406,0.34913376,0.6594526,0.19743934,0.25831628,0.054205827,0.4488953,0.37163562,0.0,0.35992035,0.36585963,0.41526595,0.108135894,0.28759947,0.09791028,0.18781611,0.20017211,0.019428,0.23767227,0.0,0.3427881,0.0011091745,0.18671215,0.72509205,0.13001017,0.2067573,0.41937482,0.0,0.024007577,0.028233342,0.21437946,0.061309136,0.06330378,0.20429108,0.049598895,0.087702096,0.1406577,0.04389396,0.2774451,0.71573955,0.09663549,0.08355613,0.08413601,0.082396805,0.13430758,0.14071028,0.27190816,0.24167192,0.0,0.16535455,0.4291308,0.2786563,0.14387111,0.24649799,0.13269204,0.060154036,0.62153924,0.053369865,0.0074202297,0.14814973,0.2841037,0.3067872,0.48495522,0.2351131,0.1784246,0.08697766,0.20643322,0.05333075,0.3248185,0.05470032,0.574829,0.086651966,0.13885848,0.03132195,0.080713235,0.09357864,0.045507446,0.40955502,0.40246636,0.3055144,0.40619996,0.17340668,0.06219522,0.13108608,0.6103316,0.019119928,0.006415456,0.011878297,0.24007256,0.22115076,0.37843275,0.108532876,0.31229594,0.3047903,0.065592185,0.506721,0.0010718317,0.15195063,0.40077966,0.1306436,0.15919468,0.4513673,0.099410206,0.27390486,0.16298121,0.52914846,0.0,0.042999722,0.006661626,0.66800356,0.06981313,0.17229629,0.034445863,0.115835905,0.0,0.020155882,0.17799334,0.043171376,0.11633304,0.28840774,0.5996393,0.037544463,0.016768243,0.36548823,0.21637997,0.092035145,0.47135448,0.0949842,0.17102987,0.03339452,0.7856549,0.31240007,0.56401515,0.07575763,0.28625172,0.24893844,0.15524265,0.031855322,0.39057928,0.20177531,0.3515695,0.50857127,0.015561921,0.12228944,0.14907496,0.010817576,0.06164552,0.3115852,0.19222443,0.027136976,0.18793812,0.25265896,0.40279096,0.14617908,0.30704528,0.21048512,0.02638102,0.8935442,0.022872997,0.20374635,0.27444643,0.13800271,0.58602685,0.10751186,0.069991305,0.015645362,0.109744236,0.31282413,0.02274658,0.012934728,0.5968622,0.25062346,0.35036618,0.66994834,0.103040084,0.37543404,0.2824958,0.09049619,0.33783084,0.22910118,0.15583107,0.26803583,0.3340931,0.20208094,0.5534468,0.41358596,0.975532,0.05209299,0.5686408,0.23541117,0.16008514,0.09581432,0.03396435,0.49034408,0.06483258,0.39797404,0.1418126,0.01628446,0.021956723,0.10178162,0.01475733,0.60821277,0.7033484,0.23891833,0.210028,0.12502326,0.86591667,0.050271068,0.0010491846,0.17010191,0.5496826,0.18617356,0.31764254,0.0027323198,0.77251863,0.23946053,0.1618194,0.23112479,0.03761038,0.009515008,0.00096935185,0.12547001,0.042443052,0.15882988,0.049423628,0.05706703,0.057162795,0.18931048,0.14806265,0.204236,0.15254769,0.01575081,0.18652542,0.2583859,0.09365471,0.0,0.3670153,0.00058181153,0.030073158,0.14492354,0.4381227,0.14713806,0.1097753,0.24361134,0.09394246,0.19988437,0.08095051,0.21584298,0.19073378,0.07573967,0.20896316,0.4018495,0.025812969,0.0038113464,0.0060575064,0.31107974,0.1786521,0.13094851,0.2606498,0.22714059,0.2085894,0.15605736,0.5504112,0.08631523,0.17053586,0.031192768,0.79298913,0.04522075,0.0010649178,0.7571906,0.23134437,0.029130464,0.18056884,0.230532,0.13400832,0.005373132,0.0039604465,0.17165518,0.23673917,0.007019383,0.19790834,0.028816106,0.4016087,0.0012296563,0.032455686,0.0036134438,0.28846776,0.0031201856,0.39449078,0.21992742,0.08363067,0.5865756,0.18449251,0.067401946,0.30766594,0.13135305,0.0022455952,0.08399269,0.07561965,0.000115770796,0.24172874,0.52920663,0.3042606,0.11717387,0.111438744,0.33234942,0.038891062,0.34955716,0.28388855,0.433149,0.5738286,0.4312483,0.06980507,0.14062577,0.32866204,0.010541292,0.148263,0.15638548,0.015676871,0.30608222,0.1309211,0.44293296,0.0018448466,0.17310867,0.2100102,0.26122302,0.12730055,0.2771836,0.06843539,0.025527377,0.025164569,0.10731426,0.14809817,0.35404152,0.19880152,0.020138867,0.10243261,0.23427925,0.39744872,0.010046597,0.34751606,0.5762418,0.43908802,0.18288603,0.051472913,0.012497564,0.036547787,0.003136971,0.029978298,0.14908126,0.10270952,0.04419949,0.483329,0.00038975736,0.1849353,0.38871515,0.038272884,0.18912233,0.39455736,0.24674109,0.08837594,0.42209917,0.18481508,0.061559387,0.23791364,0.47504646,0.07162739,0.5868104,0.45982346,0.021174528,0.042235766,0.27593195,0.5360433,0.0,0.18905768,0.43789446,0.68756086,0.20303458,0.16010024,0.08588828,0.11650933,0.4040672,0.27179414,0.12729363,0.014609979,0.15547088,0.2437829,0.05353283,0.0080395695,0.6784227,0.0,0.12664846,0.18655625,0.019420523,0.14239395,0.42646408,0.049352273,0.21013987,0.40366355,0.2930907,0.31484234,0.05880955,0.037355825,0.1156961,0.3160627,0.08834677,0.82875556,0.027434114,0.51245654,0.03858846,0.37370336,0.005030942,0.3301047,0.17231882,0.036864426,0.07882149,0.051102217,0.06752591,0.24856341,0.0014490751,0.7326369,0.1498012,0.35123104,0.011440218,0.6277252,0.6605452,0.03776776,0.23761708,0.22570114,0.8121209,0.05809609,0.6043052,0.28870922,0.21386456,0.52684945,0.21032748,0.011464324,0.08618515,0.05863961,0.15537554,0.018129924,0.16696711,0.1275741,0.014906456,0.35733443,0.06612627,0.07164188,0.11334707,0.2410591,0.06094055,0.055611476,0.81112665,0.16251983,0.3355834,0.12019701,0.27149403,0.102158085,0.07167527,0.091848634,0.1292114,0.12445709,0.31552738,0.09405706,0.47137666,0.11553237,0.15212579,0.21079315,0.26338726,0.4102203,0.48215175,0.057134703,0.08739512,0.45976993,0.04936415,0.109576344,0.4279651,0.32397777,0.06211642,0.34164256,0.26726562,0.064600445,0.50765324,0.12156554,0.6131692,0.060887612,0.22152773,0.610971,0.023950815,0.38004187,0.46357697,0.041093923,0.3463074,0.19315684,0.21857171,0.32032627,0.70138526,0.0,0.17997244,0.27155256,0.7372445,0.16934732,0.08722344,0.17407256,0.021535153,0.118961185,0.26926023,0.2632637,0.603335,0.0,0.847311,0.24753632,0.006602098,0.42291167,0.042640403,0.001039678,0.17127803,0.071537316,0.34611502,0.26082435,0.056957543,0.51501334,0.37753698,0.43398944,0.05983531,0.2439247,0.3057719,0.027345773,0.14419018,0.024743306,0.21336864,0.23264477,0.38742357,0.37031588,0.0047187675,0.16800192,0.57084596,0.43385822,0.22755425,0.44263732,0.26084113,0.5250119,0.029767178,0.39105424,0.90876436,0.10225671,0.18402828,0.02089118,0.04497995,0.28520364,0.6977642,0.024880953,0.06744128,0.3020185,0.15190266,0.043343496,0.003936152,0.13224648,0.17975289,0.50360703,0.0,0.396602,0.0001399779,0.18275079,0.10137228,0.052169003,0.8802635,0.07495227,0.40068147,0.7004794,0.18493138,0.035303496,0.00054738746,0.7549906,0.11025603,0.4434067,0.27265924,0.012061242,0.52932966,0.2469534,0.34306347,0.951015,0.78527606,0.06338019,0.06964654,0.23039147,0.027371926,0.052564867,0.0051590754,0.25931114,0.020108247,0.3385992,0.16385064,0.44481844,0.001060396,0.0718365,0.24580674,0.37188047,0.23673135,0.33817047,0.0010426687,0.088538885,0.38700685,0.014853195,0.023139432,0.009331599,0.11112705,0.0,0.1469157,0.33282804,0.5682552,0.053037956,0.17568249,0.20894313,0.19834097,0.0135992775,0.31174108,0.48456198,0.20866176,0.17062594,0.082011506,0.33534086,0.471726,0.1000851,0.11264771,0.25388685,0.3310765,0.48217493,0.44660655,0.4831389,0.49175364,0.051648285,0.0028109704,0.63159996,0.2052288,0.072915584,0.29299355,0.2946965,0.10652088,0.005263322,0.41498846,0.52041495,0.35285535,0.13598633,0.046953008,0.3427267,0.40799633,0.232364,0.53072774,0.6393939,0.0020178917,0.40127152,0.000535039,0.023567151,0.5496938,0.121958986,0.5296116,0.16094422,0.29437023,0.12114796,0.26238972,0.2987666,1.2245419,0.7200325,0.039772537,0.15903786,0.35605422,0.08532749,0.56602275,0.42038935,0.011523581,0.053133648,0.70270646,0.6302019,0.19767672,0.4315631,0.47012946,0.014053745,0.0170965,0.16560233,0.25350446,0.75726676,0.0053192545,0.874934,0.2663999,0.0,0.26009566,0.08974442,0.0,0.12788858,0.008521315,0.14051865,0.0,0.3449034,0.6553284,0.09953916,0.50315106,0.2564263,0.18903565,1.5712981,0.06482906,0.076232836,0.5374217,0.031963956,2.1933239,0.7009321,0.9968146,0.0018927279,0.031551145,0.08805739,0.51207995,0.5877063,0.4682917,0.20881413,1.615178,0.24497056,0.2603867,0.08300401,0.906464,0.52315724,0.31920075,0.11950784,0.26810277,0.28827927,0.18918806,1.355869,2.1217127,1.2334526,0.20747334,0.0349117,0.096909806,0.41443825,0.1081374,0.0041340333,1.4205995,0.08280722,0.017543387,0.623399,0.10358914,0.4288885,0.28038076,0.079754725,0.2832728,0.36178726,0.46427158,0.4953465,0.29180163,0.0077930912,0.0,0.6140388,0.50759894,0.7772354,0.3000013,0.113820896,0.32071418,0.14757702,0.8941977,0.20145488,0.57891583,0.8266614,0.12062191,0.061562374,0.12621725,1.0020218,0.20650658,0.26577955,0.094239295,0.35552257,0.26054275,0.37204307,0.000111472225,1.5603893,0.3563597,0.36462265,0.79704046,0.9724455,0.0011884603,1.1199284,0.29564795,1.8991127,0.9534818,0.051950265,1.2712705,0.24901885,0.26586002,0.28554034,0.030851727,0.12684974,0.93352157,0.28499913,0.24733952,0.1980491,0.2870044,0.0823419,0.08379616,0.25476104,0.40066573,0.034055684,0.21431522,0.2883714,0.89446425,1.3243085,0.009133239,0.0862378,0.060060065,0.47449222,2.0700502,0.32059658,0.30956256,0.45469582,0.25290972,1.5671786,0.4093861,0.7147026,0.24869794,1.1477171,1.3637626,0.61961186,1.4388334,0.8471904,0.0,0.42882437,1.1652033,1.3116908,0.0013321949,0.6559578,0.08532178,0.3580451,0.7710182,0.7333592,0.23731194,0.21155338,0.3393518,1.3068466,0.12985955,1.7114093,1.0384134,0.03604826,0.23348224,0.04004383,0.52537334,0.21605822,1.5395089,0.2287872,0.28105006,0.18485743,0.15898484,0.19809279,0.053022273,0.062068034,0.8548411,0.6263734,0.010753905,0.48488894,0.73085284,1.5766382,0.42651588,0.15032521,0.05820012
0.3667233,0.20486256,0.13511409,0.2915587,0.20336713,0.04696115,0.3529192,0.5988446,0.366847,0.62770337,1.770781,0.26745746,0.19483528,0.5516925,0.38165402,0.3373856,0.21827886,0.16828361,0.84559894,1.0650923,1.5864224,0.28717178,0.43191397,0.010276711,0.3742957,0.008551477,1.1374187,0.7444632,0.053991906,0.4893566,0.0784288,0.18769006,0.19811514,0.33088526,0.5049486,0.5825218,0.071989186,0.15487918,0.47053248,0.19462843,1.2197624,0.563737,0.030786043,0.07433055,1.2307136,0.059038743,0.034798827,0.57471687,0.3054223,0.40410566,0.4839092,0.17730173,0.6683122,0.4999835,0.38338482,0.73821056,0.25163794,0.20843545,0.29766482,0.11147261,0.30107075,0.01634305,0.40828127,0.14956474,0.2404311,0.085445665,0.45265594,0.25678056,0.08465707,0.087269224,0.47989702,0.12452911,0.46772245,1.6843078,1.0053198,0.080816776,1.338236,0.3255517,0.19279262,0.40550658,0.43073073,0.079297975,0.078153335,0.35379124,0.38642144,0.097553544,0.4611507,0.31076357,0.16338602,0.023778215,0.60155946,0.4547029,0.21966708,0.80960417,0.88364226,0.5625839,0.16310513,0.11409465,0.4359951,0.6150568,0.34775162,0.083654985,0.38977432,0.35626078,0.59907895,0.15692006,0.16613,0.12297945,0.072401464,0.11379844,0.085429125,0.051817887,0.053662993,0.20070472,1.0584676,0.26057884,0.3422063,0.54971504,0.12531354,0.14924923,0.31682432,0.7744134,0.33069813,0.17126639,0.6825883,0.24027592,0.053788655,0.026524609,0.25711006,0.5684495,0.41473868,0.33153406,0.12139248,0.53663164,0.18155558,0.12759556,0.36917263,1.2475739,0.3568778,0.6178669,1.0921891,0.28415912,0.043410122,0.36618975,0.5111251,0.34617597,0.7427516,0.8023327,0.66241217,0.057357695,0.27010214,0.07690941,0.24292162,0.585799,0.84981465,0.34152916,0.9294571,0.5685711,1.2686269,0.42491692,0.19652516,0.80906993,0.857319,0.23522194,0.16561046,0.62068105,0.054699596,0.6234119,1.1313355,0.7830497,0.3558653,0.56608343,0.0,1.0370867,0.16090132,0.2948545,0.6227938,0.10916036,0.31813502,0.097024426,0.6205416,0.3180945,0.07919529,0.2310681,0.50261974,0.29760858,0.2006957,0.008033333,1.5291048,0.40323636,0.04126129,0.33135244,0.0881473,0.2571175,0.095069155,0.4816893,0.35327068,0.25256982,0.97428596,0.21249017,0.4990794,0.19730799,0.94730806,0.28719437,0.027298506,0.049221803,0.05279722,0.09585434,0.23786688,0.11269597,0.32671562,0.21582842,0.3412978,1.2597178,0.3558172,0.65573627,0.13210389,0.3160274,0.4784643,0.040178113,0.2861207,0.67296815,0.6440027,0.55810463,0.39730376,0.37342873,0.4233341,0.099396676,0.39282128,0.5271361,0.0,0.039108872,1.1298676,0.16572067,0.06107519,0.09669374,0.43341917,0.26822865,0.23186679,0.23169564,0.12582812,0.10966877,0.08708635,0.55659676,1.3045772,0.06941058,1.9434241,0.2605553,0.113117516,0.59138125,0.18435273,0.5824599,0.006583202,1.3585725,0.29767436,0.11341315,0.06720747,0.49125886,0.06192353,0.31973907,0.5110203,0.0294987,0.5246413,0.4025392,0.25380272,0.5978149,0.3674934,0.20546922,2.2267914,0.2839856,0.3153807,0.53895134,0.4581883,0.3611766,0.17838015,0.39950472,0.13885021,0.15681505,0.2603777,0.09677155,0.1253978,0.029322077,0.10320471,0.42422056,1.651575,0.32201037,0.17051482,0.29155043,0.16898207,1.5744576,0.12073227,0.24922818,0.44945586,0.3819837,0.591285,0.11607097,0.84692943,0.5528684,0.08224499,0.6433364,0.28519553,0.5337906,0.17884275,0.57652473,0.04875162,0.17936593,0.12920241,0.226594,0.2638731,0.1638311,2.138647,0.19712056,0.45532513,0.69912726,0.3200566,0.23689872,0.22369279,0.06923939,0.6778166,0.06341155,0.107828006,0.035025716,1.0669681,0.22499478,0.9381823,1.950386,0.08801049,0.16073807,0.19485933,0.71455705,0.005341704,0.09404757,0.04683651,0.03854209,0.57197565,0.57644975,0.18025157,0.13474302,0.31424713,0.11495699,0.0,0.14754868,0.13914531,0.11362292,0.37127745,0.09044009,0.1522299,0.06453465,0.28496104,0.14281328,0.0042327493,0.4355908,0.2850918,0.40087897,0.08402535,1.1432327,0.20541105,0.12094355,0.16200776,0.11041121,0.8278948,0.3637251,0.021016981,0.176234,0.28327018,0.10313643,0.26270992,1.0929297,0.08163538,0.5741371,0.15640432,0.110103495,0.30757186,0.25133958,0.3252399,0.4394222,0.07156451,0.08470509,0.5976676,0.17027935,0.0013194622,0.30185896,0.07919462,0.32603395,0.7164905,0.34654617,0.001078847,0.73634464,0.18150564,0.0535837,0.053480037,0.0073117055,0.75275207,0.0722257,0.67556226,0.66766405,0.026453856,0.9322463,0.14961743,1.242976,0.60025036,0.28828558,0.1582824,0.22953916,0.5563486,0.40819752,0.56802964,0.24355818,0.03621457,0.19262221,0.54321706,0.44749945,1.2046947,0.183694,0.19783042,0.26794147,1.4145277,0.347952,1.4637802,0.34712473,0.2510842,0.5713016,0.23444533,0.17265497,0.20458534,0.86893547,0.032903545,0.06533108,0.7315285,0.5247415,0.4702727,0.8740731,0.36553878,0.044111613,1.6650057,0.07668512,1.0258948,0.14104109,2.9659262,0.11762596,1.859834,0.18822023,0.54375184,0.34325743,0.3636779,0.05108604,0.9132019,0.24821562,0.024693433,0.39249733,0.21631455,0.36511093,0.31992185,0.8755127,0.6980687,0.44880307,0.40362674,0.24619636,0.16709487,0.0019280715,0.19089279,0.5719255,1.0756899,0.4159704,1.1225104,0.054972675,0.0,0.976259,0.07614601,0.3863892,0.062068634,0.6651408,0.17863458,0.108154535,0.7907886,2.5745213,0.75104594,0.28479686,0.34706855,0.25444382,0.6605487,0.89932394,0.07534907,0.21015394,0.33935043,0.071545765,0.23607945,0.052163962,0.40688416,1.6815373,0.44972062,0.33011374,0.05356691,0.40345597,0.047522888,0.0,0.06307567,0.06921633,0.14916079,1.6427147,0.526613,0.104086906,0.4990024,0.0048359567,0.030159993,0.001961371,0.64213777,0.11793156,0.07314704,0.9524797,0.12692605,0.032027457,0.09398546,0.081582785,0.3094923,0.061178196,0.09134492,0.09363766,0.6860065,0.26951218,0.1407277,0.16784115,0.17642608,0.23790765,0.29116523,0.5646014,0.004853723,0.25202107,0.16598046,0.005518197,0.06574395,1.0996294,0.042236447,0.8269006,0.3898766,1.9349463,0.8705357,0.10864361,0.11879189,0.003455826,0.28271264,0.9161796,1.0948496,0.36544037,1.1764494,0.06740554,0.9843547,0.048342332,0.04389011,0.32010767,0.15181829,0.024343258,0.11381864,0.079446785,0.76622015,0.35834587,1.6707292,0.5266585,0.104279205,2.074893,1.0281749,0.7636456,0.6657019,0.70667386,0.8897563,2.0729098,0.3883248,1.1272128,0.09425107,0.55283827,0.09084325,1.2731334,0.08117124,0.050829835,0.99812996,0.22851807,0.4861583,0.12264485,0.14517924,0.11191568,0.11793597,0.1017166,0.96041703,0.089886546,0.034965422,0.097060256,0.049271517,0.37374532,0.05800259,0.5586732,0.12687573,0.046220392,0.20685038,0.22882147,0.99903154,0.38544452,0.35249388,0.7406721,0.5331448,0.020547278,0.30864704,0.10534723,0.17090544,0.9329357,0.3130074,0.16323858,1.3552122,0.55905414,0.1025576,1.0926087,0.28840268,0.11775993,0.20923404,0.17923939,0.052556857,0.7903466,0.47941422,0.16903424,0.4707939,1.2147807,0.2914392,0.24118525,0.09364383,0.63234466,0.09956694,1.2131019,0.12679349,0.13777302,0.24400747,0.31730318,0.70964587,0.65384924,0.3665107,0.0,0.8023389,0.10715,0.15227789,1.0634195,0.063935526,0.012022741,0.0838301,0.31083584,0.58389926,0.35855404,0.37625867,0.79910564,0.016449776,0.24174166,0.37005326,0.10483827,0.032418378,0.08536045,0.28932762,0.16424099,0.015843147,0.13405798,0.49316445,0.9999431,0.22426698,0.14939831,0.6269447,0.07043992,1.0193644,0.13128015,0.16546464,0.29323035,1.0800078,0.3360212,0.9830202,0.331053,0.28294146,0.31997395,0.19358909,0.41110152,0.4135122,0.8823312,0.42708912,0.2624542,0.100826204,0.33015093,1.3591781,0.079514585,0.08428905,0.4375093,0.4310866,0.65730596,0.042502858,0.122896925,0.43561333,0.21941534,0.47038507,0.06923327,0.3190596,0.60772824,0.058341548,0.24916762,0.3784923,0.20547393,0.2039236,0.0975359,0.48629048,0.60057425,0.12837586,0.005795639,0.7869407,0.6756115,0.08733826,0.35470876,0.015112139,1.0866944,0.9732261,0.6289257,0.100582466,0.18597475,0.19676928,0.54299027,0.21606486,0.027408622,0.76031566,0.65116346,0.66291875,0.23124185,0.052311406,0.0560604,2.309846,0.11068547,0.83656794,0.03862544,0.51817214,0.05222623,1.5902708,0.5784414,0.077550784,1.0817302,0.10241257,0.10177116,0.6059418,0.2693617,0.0,0.06895016,0.06656571,0.04050289,0.19645263,0.40818363,0.38130412,0.0753643,0.9580966,0.4080668,0.34969357,0.627321,0.0049649905,0.34238896,0.10459013,0.5303566,0.079292536,1.3576356,0.47690564,0.19801073,0.07805011,0.22542411,0.15513986,0.9478581,0.016703013,0.21926542,0.09894752,0.38593504,0.40194422,0.27255923,0.00801925,3.0148668,0.90888214,0.24137819,0.30185616,0.41445637,0.033379707,0.12479637,0.098582014,0.5087483,0.37460625,0.8788508,0.4043917,1.0712403,1.3398962,0.069510974,0.4421815,0.5733984,1.0240908,0.80625594,0.27137846,0.93519926,0.069584854,0.45858833,0.76007855,0.0812749,0.14888442,0.2124616,1.3210454,0.27389616,0.123578556,0.39764708,0.39712825,0.045590926,0.0938935,0.508277,0.38803828,0.092224225,1.4658825,0.62544465,0.10312818,0.79667634,0.14437503,0.1357477,0.14487565,0.15464091,0.06787491,0.4371561,0.9321735,0.043931764,0.37583062,0.8332404,0.7993407,0.008870099,0.91438013,0.14551324,0.30080286,0.36290833,0.35107398,0.10357366,1.671947,0.1854442,1.0741477,0.20740949,0.075664595,0.09804276,0.26393747,0.5246513,1.5198569,1.5709281,0.12768741,0.9953939,0.17317036,0.4080853,0.0006983866,0.009584377,0.89653677,1.0880511,0.40900594,0.0032306975,0.03106153,0.032572467,0.39803845,0.095433146,0.61721796,0.15732533,0.89543223,0.013628513,0.2672299,0.98686445,0.29435956,0.15271205,0.21446116,0.9237199,0.12026562,0.10013284,0.01501186,0.38346058,0.15034331,0.052649006,0.47551715,0.40188268,0.50335574,0.04126989,0.5326687,0.052750826,0.25797853,1.8007088,0.08493151,0.49414068,0.05652615,0.5335407,0.1691074,0.691434,0.42361265,0.747135,0.0113801565,0.21455532,0.16339353,0.03475902,0.40751472,1.2750795,0.6140684,0.6785213,0.026348587,0.39932013,0.13845971,0.83837056,0.7381758,0.05698117,0.054765254,0.08131908,0.20596847,0.09582068,1.8067948,0.17528346,0.20005903,0.656707,0.18750137,0.06822868,0.26429152,0.34999967,0.120731466,0.70632845,1.4914591,0.4458301,0.8331332,0.059543993,0.31408066,0.17663148,0.57379353,0.054406837,0.4501759,0.22913957,0.1510892,0.21475098,0.31602532,0.16188295,0.27788222,0.17046045,0.13651094,0.68630147,0.09498324,0.037382543,2.481246,0.37077257,0.18568815,0.65488994,0.94674456,0.101209216,0.20234594,0.5285413,0.1797803,0.18841031,0.4358781,0.14066729,0.12394326,0.3308428,0.53206885,0.14711583,0.4879979,0.117177784,0.15574262,0.6522961,0.20527354,0.26051098,0.06787974,0.16495058,0.8816397,0.5739578,0.13303882,1.065942,0.62080795,0.2411044,0.25288615,0.26840538,0.10342166,0.35935783,1.4123771,0.7724595,0.10921075,0.0138111785,0.034076437,0.31136948,0.12712385,0.058502983,0.1694296,0.14633445,0.1576641,0.43152124,0.39245436,2.3654158,0.0,1.04298,0.92897296,1.2208828,0.049353108,0.35996354,0.12240489,0.1511141,0.12865296,0.08765574,0.08980853,0.7586636,0.10308735,0.26025027,0.04637995,0.3873029,0.74470025,0.11466052,0.5187325,0.90558755,0.14190686,0.7552555,0.29139245,0.78783566,0.005433755,0.31292468,0.44008055,0.20536041,0.10533192,0.4446428,0.067431584,0.34475893,0.04212018,0.2873352,0.113736525,0.074941784,0.0149301635,0.7429207,0.0,0.25831407,0.39418298,0.2512453,0.073660895,0.29886,0.16205287,0.06059285,0.17311667,0.06485257,0.35438383,0.24850512,0.34888935,0.22978114,1.3156054,0.07616283,0.31816208,0.024047434,0.33170286,1.0966092,0.43726408,0.12492061,0.051777285,0.08227807,0.82543063,0.29655132,1.6727853,2.3402061,0.25818825,0.18549557,0.069851056,0.21137765,0.8602338,0.0,0.41248897,0.10689843,1.3301488,0.16883512,0.046384897,0.38485625,0.30235034,0.16743891,0.0026958692,0.22247164,0.11581535,0.11426377,0.2933181,0.16167527,0.101916835,0.19810054,0.5496798,0.121995196,0.03958606,0.48199752,1.0865016,0.8472207,0.78995395,0.15140982,0.3083586,0.26536724,0.8679966,0.088312194,0.34285194,0.0040452485,0.6610728,0.09744424,0.6200864,0.14038259,0.13390285,0.6875594,0.15623389,0.18138063,0.08394994,0.3465396,0.2278913,0.37907827,0.107453346,0.034848943,0.43822056,0.00029036382,0.2496074,0.3150117,0.33284318,0.35148078,0.0,0.18419726,0.36135516,0.3445487,0.18308422,0.24734499,0.02347384,0.33077335,0.30104953,0.15071549,0.41172424,0.29905188,0.018337838,0.36506996,0.49693537,0.34090847,0.00027230787,0.120513245,0.3895144,0.36770692,0.60681105,0.36975825,0.27117577,0.39246202,0.08350779,0.044555128,0.5424528,0.20525515,0.21691099,0.45904607,0.22777437,1.1646705,0.51762986,0.34215814,0.13551557,0.19708951,0.040972337,0.12779588,0.009557788,0.64791864,0.54579705,0.0059814462,0.33201358,0.52389663,0.06414242,0.051352,0.17258981,0.19951354,0.11424374,0.018009312,0.24464072,0.24085687,0.25390494,0.14836542,0.13967325,0.14328954,0.682177,0.2300197,0.10201898,0.24723968,0.38640052,0.43656927,0.42220414,0.14508766,0.123889,0.18923903,0.3262919,0.47817922,0.06383111,0.45717126,0.07841217,0.43282858,0.19911452,0.21169883,0.17226696,0.3247084,0.38764697,0.14025393,0.17861421,0.08934898,0.33343413,0.34222892,0.47376215,0.32607308,0.07457246,0.0,0.29250887,0.11977796,0.2665717,0.47992307,0.7107429,0.98189574,0.27532795,0.048683543,0.26950002,0.53918415,0.01427857,0.14476931,0.30710787,0.51575667,0.2567129,0.22215998,0.09979513,0.32811776,0.34467432,0.06845191,0.2311039,0.02203978,0.46576315,0.20427166,0.4971484,0.73748624,0.23692062,0.28849277,0.2550027,0.08271313,0.089599445,0.030491136,0.2021482,0.06727588,0.42260402,0.5668675,0.020928258,0.026854621,0.09737989,0.23096064,0.33290005,0.9853707,0.08101548,0.30273205,0.21659964,0.030947017,0.21098843,0.28247887,0.7881433,0.39010125,0.015853688,0.10637697,0.64748466,0.2766679,0.09727004,0.5105519,0.14709434,0.28515682,0.2643805,0.15932243,0.09313205,0.1339732,0.23353882,0.11618441,0.5990689,0.31367213,0.15774171,0.20394985,0.3123332,0.16518246,0.98590815,0.0015075596,0.62641984,0.34312478,0.30181634,0.31904334,0.16257407,0.30562547,0.010207081,0.56012905,0.27526444,0.4058058,0.41007364,0.094188616,0.19148895,0.46370643,0.6586258,0.39716777,0.07892537,0.027132828,0.22624436,0.21316569,0.62576306,0.29020762,0.4719183,0.3288051,0.08287044,0.23527166,0.049885355,0.14920805,0.60323876,0.07612657,0.57109725,0.0740305,0.24924216,0.5559918,0.3638273,0.68045247,0.04223095,0.19295782,0.030469673,0.951799,0.21013363,0.57554054,0.17994684,0.57857823,0.05461649,0.27614963,0.5008513,0.4331699,0.3920152,0.36591876,0.3613507,0.27783412,0.266417,0.3154385,0.09921621,0.28270394,0.6147038,0.038885854,0.057599172,0.05220433,0.356542,0.5507628,0.42395747,0.16317767,0.31054664,0.09166257,0.16984381,0.14124666,0.26513654,0.4508826,0.39692825,0.30068776,0.02639736,0.117722064,0.4295311,0.21023305,0.05757628,0.15689501,0.20725381,0.16042002,0.6064271,0.59199274,0.044579845,0.056587003,0.48755616,0.47258487,0.020807877,0.5209541,0.29428113,0.10352067,0.13947752,0.016751196,0.6353134,0.10293718,0.3819639,0.076657504,0.062845245,0.013682218,0.06805083,0.040194776,0.42802382,0.20738871,0.4573984,0.91723096,0.08853795,0.48615247,0.15217312,0.027334135,0.8123984,0.24349327,0.16377877,0.22184375,0.42907286,0.102889314,0.3193643,0.3400387,1.1482666,0.09849511,0.41427237,0.07672883,0.23952316,0.11940959,0.104573235,0.36095366,0.057579752,0.33292094,0.099627584,0.036382563,0.150229,0.1871359,0.018179294,0.93237764,0.43516165,0.24012677,0.15565482,0.19906335,0.73203206,0.09857999,0.08417984,0.14071459,0.530434,0.58433294,0.59113765,0.088631414,0.51124966,0.25130773,0.39014855,0.5228277,0.24264434,0.024935402,0.0019193235,0.16494153,0.4254641,0.3919301,0.12411118,0.14012468,0.36712846,0.31431043,0.16500378,0.25330842,0.13399208,0.056541532,0.08101732,0.12932429,0.41428304,0.0,0.41480225,0.01678266,0.018667303,0.18379681,0.29951516,0.57937676,0.19530359,0.6776129,0.1626499,0.29682297,0.6647552,0.086959556,0.22481513,0.09389134,0.47848785,0.58322805,0.4908718,0.0018404847,0.011455024,0.04839371,0.23820366,0.34890485,0.25011203,0.30033147,0.1707154,0.11027473,0.9223832,0.33938682,0.22607759,0.010353652,0.24625199,0.039158497,0.1465187,1.0166728,0.7938697,0.557801,0.10199189,0.094295956,0.27522454,0.20649952,0.016468436,0.07741188,0.065980904,0.06423378,0.21769415,0.034318585,0.2512411,0.08573949,0.027853023,0.15296774,0.08586569,0.054434434,0.73525536,0.5557625,0.054924544,0.8689998,0.3180285,0.18819454,0.55591404,0.08649286,0.07290175,0.22020096,0.19234957,0.11738542,0.22636172,0.6824974,0.5481421,0.2066836,0.043315575,0.40557516,0.2981874,0.10093566,0.35570833,0.508355,0.75551903,0.44484335,0.030132389,0.12042152,0.3756954,0.051706966,0.31586212,0.06691552,0.103964195,0.21573812,0.25832793,0.4400382,0.1282371,0.2209124,0.3094005,0.26398867,0.102246374,0.3285823,0.12932914,0.6650654,0.02622768,0.17589822,0.29258212,0.27946138,0.29058802,0.028716605,0.21200606,0.061938196,0.5723,0.124933206,0.44294152,0.5624726,0.18193619,0.19880363,0.41015434,0.36441776,0.22556344,0.030066142,0.25861335,0.50487995,0.38346985,0.28026712,0.26359898,0.0,0.7602116,0.30567044,0.03689244,0.2206231,0.56982946,0.11723871,0.27450836,0.8516089,0.10431896,0.1561661,0.14638278,0.11419398,0.022971282,0.7244293,0.36166954,0.37698156,0.14504623,0.3548266,0.16830792,0.02696593,0.22898562,0.42844725,0.38098186,0.07934692,0.15810144,0.2533132,0.17951241,0.26958817,0.22355144,0.3100337,0.0,0.0031613386,0.5640328,0.26542935,0.074316755,0.7127074,0.0042498945,0.23287538,0.1054441,0.28727823,0.031049231,0.42165825,0.13833842,0.7509274,0.46963483,0.42880976,0.34940028,0.072522804,0.24969518,0.6933781,0.035315797,0.12621471,1.0377876,0.18739994,0.3605222,0.09577848,0.4687099,0.0029745386,0.14205764,0.10555263,0.0,0.021627221,0.056501407,0.043652583,0.9445274,0.020808894,0.41011596,0.4082208,0.7294855,0.042254172,0.59728926,0.18810509,0.09913434,0.3208145,0.32453492,0.64296174,0.01727236,0.4969585,0.125478,0.3375988,0.3884526,0.31372994,0.18767764,0.2614162,0.27965742,0.5043414,0.266695,0.2114591,0.22364137,0.03844642,0.3151508,0.01759594,0.05916503,0.09728033,0.10332263,0.24669594,0.049199093,0.84331656,0.24853987,0.51976085,0.39679986,0.16872266,0.093899965,0.056868978,0.3610305,0.1451638,0.045282364,0.20444578,0.1500687,0.13200757,0.18479878,0.115616366,0.23845625,0.28761664,0.116738595,0.5884205,0.15736647,0.26382345,0.3953376,0.13998267,0.1944817,0.3562121,0.50663614,0.064946026,0.90106034,0.7872021,0.22121167,0.10364156,0.066423774,0.71638507,0.07722842,0.27725583,0.81920457,0.21190073,0.2791825,0.34481245,0.132869,0.67062217,0.1441351,0.3196097,0.5537655,0.43252295,0.014296299,0.27835733,0.15990803,0.20250663,0.22325908,0.116297424,0.22972879,0.012426093,0.12906806,0.3251341,0.3588098,0.501317,0.4132167,0.48332536,0.058617927,0.28699112,0.2272493,0.0029605916,0.11618923,0.41857812,0.37132618,0.2573563,0.12507513,0.15644027,0.41601557,0.38617623,0.7073569,0.091786355,0.36339164,0.26442152,0.05141104,0.2634009,0.18257415,0.30141047,0.15450603,0.119549595,0.5769601,0.1049027,0.47507983,0.25766277,0.2919616,0.28377923,0.50735605,0.12146801,0.4997813,0.194758,0.99948657,0.91522014,0.09468326,0.26009053,0.011733921,0.4197999,0.26532125,0.60888124,0.13420859,0.11556791,0.6334959,0.068559006,0.31212473,0.023756815,0.48555964,0.4058835,0.623564,0.04940162,0.065980606,0.045691654,0.3781663,0.12120767,0.010876965,0.87444067,0.46372032,0.22870338,0.751594,0.619017,0.042844545,0.107975975,0.5318861,0.20193154,0.67664504,0.66397315,0.11580858,0.50118846,0.32737583,0.06355403,0.96462846,0.9668628,0.26999325,0.13973574,0.3062897,0.10123944,0.21881503,0.15497519,0.18170647,0.14394602,0.21543917,0.15780723,0.50070906,0.01677631,0.2666675,0.21328552,0.7463362,0.07365642,0.27806458,0.008639001,0.1163626,0.29817837,0.2741233,0.18683003,0.20755923,0.305246,0.10526516,0.08173853,0.31958276,0.57196933,0.12916908,0.15726876,0.19779333,0.2983823,0.09775154,0.3831858,0.67121994,0.34922963,0.38777995,0.37374023,0.7282439,0.6522213,0.46311593,0.03095344,0.30642566,0.55614847,0.22578022,0.5328023,0.61288476,0.24330439,0.22345163,0.18456596,0.465626,0.02509287,0.15125218,0.2951159,0.5160727,0.3033833,0.036346108,0.76217675,0.8068007,0.18206075,0.017153624,0.033824924,0.124456406,0.37069958,0.18877622,0.97782934,0.267092,0.19740173,0.2596315,0.0,0.056469645,0.71966034,0.02237661,0.8992272,0.31359625,0.21770564,0.2345171,0.74658906,0.049267795,1.5395525,0.5458842,0.23565593,0.0812466,0.7127894,0.011963407,0.5798658,0.62669253,0.09488877,0.012083359,0.84180874,0.85396576,0.3390227,0.9050449,0.60982037,0.03946722,0.0,0.19461343,9.935659e-05,0.67568284,0.027781432,0.82135475,0.3562225,0.0,0.6662837,0.09998165,0.0,0.12228028,0.0092250025,0.26162413,0.0,0.26230007,0.57141995,0.09655014,0.91394186,0.28236732,0.08400759,1.450872,0.0,0.0915957,0.73995596,0.00086855394,2.079144,0.5684058,1.1251364,0.011126172,0.0146971755,0.04071849,0.5766391,0.83014256,0.46401405,0.42536885,1.4270067,0.0735496,0.48233414,0.5346385,0.9794544,0.562014,0.2212776,0.11771676,0.30772313,0.26894078,0.36922163,1.8155943,2.2999423,1.2575226,0.72163725,0.27567285,0.109962836,0.4900722,0.06464227,0.042662874,1.2757758,0.5148349,0.15076777,0.45531964,0.14777848,0.32327217,0.22532646,0.08581275,0.5642251,0.63004553,0.70084065,0.93389183,0.43421292,0.012771094,0.0,0.8823432,0.45617038,1.0730016,0.41734707,0.083937466,0.50558794,0.10122034,0.78399837,0.22128072,0.38614634,0.43168223,0.15850268,0.111423075,0.114358194,0.9545384,0.5498124,0.42540464,0.10737922,0.13137996,0.31896478,0.30210996,0.032135494,1.2984598,0.8066767,0.30361938,0.5796138,0.9411574,0.035030387,0.93474686,0.3749464,1.6196222,1.1488132,0.04702528,1.4668915,0.1330419,0.23565327,0.5637186,0.07533972,0.33010477,1.0831025,0.62695843,0.33967942,0.19573413,0.46784016,0.060582023,0.23283944,0.1264356,0.68098783,0.39901954,0.33796072,0.19839984,0.99307925,0.91797924,0.083355054,0.075173125,0.17761783,0.827335,2.4942079,0.06330397,1.4981518,0.6089339,0.22891392,1.6740931,0.12179433,0.75774145,0.38603723,1.3438333,1.1248376,0.5522579,1.255687,1.3167536,0.0,0.31441247,1.6016247,1.3579433,0.0,0.5908854,0.25731266,0.5247923,1.0160244,0.7171807,0.30764318,0.5160988,0.66741335,0.82240844,0.063380934,2.1622791,1.0860097,0.18009663,0.18194139,0.0179607,0.43092427,0.17914777,1.897012,0.23896971,0.17873019,0.101166844,0.094835006,0.41321817,0.03657192,0.14857066,0.8032887,0.7690104,0.28128555,0.3530144,0.5553008,1.5681657,0.18080455,0.11528583,0.15369195
0.21926199,0.1896766,0.09290262,0.18607664,0.21538049,0.057748377,0.2986639,0.92010695,0.44971257,0.9164667,1.5421748,0.23035625,0.10216352,0.6417402,0.4962647,0.24919522,0.28133398,0.13572179,0.77147686,1.0294887,1.2667599,0.26767793,0.38023776,0.005040927,0.3566946,0.04735125,0.8886656,0.7661115,0.15316431,0.7398871,0.032234043,0.3217862,0.24521208,0.35749233,0.36086002,0.42679456,0.035602517,0.05310478,0.70751965,0.35377234,1.2309916,0.6435269,0.02689345,0.04693406,0.76079404,0.059504088,0.07235417,0.7399913,0.2906443,0.3789661,0.47206676,0.21022739,0.6315409,0.3838808,0.28121626,0.6235784,0.13782068,0.1964913,0.3886078,0.07103972,0.48994142,0.024738748,0.22542013,0.130537,0.26397812,0.041914053,0.49065232,0.044913583,0.28699982,0.13780697,0.45578933,0.19299906,0.38723657,1.7941355,0.9971866,0.23943934,1.2839539,0.2762075,0.13605878,0.37705767,0.36841583,0.053223643,0.21593939,0.3844828,0.36667717,0.059503414,0.4873713,0.234822,0.21511006,0.0989478,0.81774825,0.36047608,0.33579695,0.6161531,0.7731699,0.40838304,0.09935851,0.17163825,0.44817153,0.71633047,0.4781456,0.08470976,0.27389753,0.29396343,0.5195987,0.13227941,0.05541815,0.025218312,0.19253394,0.14865161,0.167721,0.024093661,0.08033835,0.14493948,0.98929274,0.19219172,0.30409917,0.37477833,0.1708071,0.29663664,0.20732802,0.61157703,0.42672536,0.27113992,0.56971437,0.34984487,0.063906856,0.11220734,0.28930733,0.49644518,0.44391912,0.2918558,0.07841073,0.3403653,0.28570184,0.19299151,0.45550206,0.8522534,0.35076314,0.72984564,1.2597506,0.3239677,0.006011444,0.41623932,0.55026567,0.38555628,0.5999696,0.68331903,0.5585637,0.027146932,0.51552486,0.25228417,0.44694892,0.42081773,0.92606825,0.17556766,0.8242414,0.25914985,1.011694,0.24775499,0.22439225,0.9803207,0.5672538,0.14625591,0.09984833,0.3950243,0.01214853,0.548113,0.9099444,0.6892476,0.38032985,0.40532294,0.033618852,0.87437505,0.2131835,0.26417202,0.5066403,0.18559603,0.08202526,0.22407953,0.5640551,0.25353843,0.07468873,0.36711773,0.5406021,0.39887163,0.16498823,0.13289271,1.4315237,0.4647174,0.09727491,0.32033837,0.08764989,0.23130873,0.009779207,0.30911174,0.122460805,0.14322193,0.8859465,0.26393643,0.7274302,0.16156203,0.8778484,0.44896197,0.032696687,0.068665095,0.11020689,0.19744837,0.29625466,0.06659864,0.513159,0.21536398,0.33515528,0.95364076,0.37620267,0.6072398,0.09675487,0.22564012,0.48020363,0.06261419,0.14912927,0.6986144,0.93147033,0.40272677,0.5035916,0.42967522,0.48881382,0.15525886,0.3234417,0.4036575,0.0,0.103416264,0.60511416,0.1673632,0.1334429,0.04567011,0.43477464,0.23306285,0.23119396,0.11450752,0.28736496,0.03379342,0.11760453,0.5191159,0.93324226,0.07790244,1.7067736,0.48238426,0.30965996,0.40443256,0.15995887,0.5445606,0.0067137443,1.0682824,0.2814731,0.09362629,0.23745441,0.50946784,0.10208721,0.45366937,0.3893942,0.012428194,0.43815088,0.40156606,0.41099375,0.419587,0.4834311,0.1316053,1.8611922,0.17944899,0.32013384,0.5860281,0.42228112,0.3339775,0.21134552,0.39897782,0.23557425,0.20188108,0.12554172,0.18161261,0.20038664,0.21992639,0.13581884,0.24635652,1.4745562,0.5331994,0.26326987,0.2143812,0.12889542,1.4667013,0.068329155,0.3324216,0.32733,0.4218892,0.55134547,0.16229385,0.5589473,0.41730762,0.22538099,0.71370274,0.2395789,0.38151044,0.1635897,0.49092543,0.05563194,0.3037501,0.18780598,0.2529778,0.24951959,0.25513855,1.9158432,0.17319982,0.50786185,0.42874065,0.33910733,0.32126927,0.41750318,0.051717516,0.7663558,0.14446223,0.115615755,0.0023967174,1.4098988,0.12246543,0.5732442,1.3584682,0.052194186,0.15308915,0.25771743,0.43121484,0.08096104,0.19971055,0.08201095,0.010626391,0.8315184,0.80070037,0.0039694193,0.10080742,0.25718516,0.20010406,0.062274605,0.27051973,0.017682295,0.23887105,0.46213213,0.108840324,0.1733607,0.132377,0.4388241,0.29456198,0.0036314963,0.60997206,0.40711725,0.41794282,0.02239836,0.6744312,0.1866149,0.01681669,0.3994403,0.13001642,0.759471,0.37440503,0.10839754,0.21221128,0.36756498,0.073146604,0.17175955,1.0286384,0.023318382,0.8381149,0.35810995,0.120902374,0.3292667,0.13131958,0.49162486,0.21912195,0.021070808,0.38560596,0.36602712,0.26499534,0.12121148,0.290511,0.027260378,0.10698347,0.32419083,0.41619948,0.00016676605,0.5069401,0.10929249,0.09928503,0.018984048,0.109984174,0.7371807,0.06462664,0.8551549,0.16864848,0.11438831,0.98765785,0.19759658,1.6058772,0.4256997,0.087238275,0.068561174,0.35042408,0.48541415,0.43484324,0.2751815,0.37878755,0.057248123,0.15122262,0.3424398,0.33153653,1.043066,0.21118967,0.14694187,0.20819691,0.82853585,0.40971398,1.284512,0.55509937,0.2131773,0.38115036,0.18820822,0.18891151,0.46868765,0.69533515,0.18860574,0.100949205,0.67503583,0.2634005,0.34908497,0.85944974,0.21259488,0.037994243,1.5974979,0.13033499,0.8554261,0.12620507,2.592588,0.4175892,2.3788552,0.3410799,0.44350725,0.26653707,0.494962,0.03442216,0.90511775,0.24944282,0.072217025,0.4474311,0.34783342,0.16601048,0.41431347,0.43454576,0.7721894,0.39579666,0.3197629,0.37891027,0.2293762,0.06661911,0.08012564,0.25486946,1.6931151,0.2460492,1.2289127,0.13426094,0.0,0.77714306,0.021889636,0.48607275,0.051982876,0.4313504,0.28000623,0.045190595,0.72684765,2.4978652,0.90438825,0.76961064,0.38048756,0.38272846,0.6948718,0.885264,0.04512968,0.49883252,0.21181178,0.03979552,0.19414641,0.014736494,0.4764364,1.641578,0.32971385,0.08060697,0.13895708,0.66989124,0.016102143,0.0014841041,0.15506342,0.0023406942,0.23889565,1.712678,0.8642984,0.016651837,0.11187259,0.02620246,0.10990889,0.0,0.6485119,0.1859375,0.0025099732,0.67977005,0.24978162,0.04750198,0.22401375,0.11939391,0.2658009,0.18336326,0.044621713,0.1421333,0.51956886,0.0462698,0.037453435,0.1097814,0.21617086,0.09470137,0.23668057,0.5048617,0.005164603,0.22659996,0.21406104,0.04167866,0.09834244,0.7941751,0.1934,0.658553,0.3557315,2.3813019,0.9097023,0.17394346,0.36334798,0.023484413,0.1992827,0.7456455,0.87679136,0.21809123,1.2943004,0.12185088,1.1425595,0.055334136,0.0069905324,0.24187592,0.22837856,0.1276263,0.14120336,0.18240735,0.69839936,0.62731206,1.7420485,0.50264055,0.11121205,2.3372502,0.7191614,0.6344747,0.44066676,0.8420968,0.503991,2.7670255,0.16749462,0.89691174,0.4511707,0.6571609,0.0891247,1.0002662,0.27262846,0.0703058,1.1932998,0.21472816,0.45509744,0.35820568,0.06342841,0.23160526,0.11481135,0.06741883,0.77972203,0.11981748,0.06256638,0.02397503,0.010569712,0.23883153,0.06646253,0.47743195,0.14161722,0.067313336,0.44014394,0.17436188,0.7886717,0.26816598,0.2852676,0.51536524,0.43067974,0.008394321,0.14064345,0.23494308,0.34538627,0.84303427,0.42031097,0.23314059,1.1535625,0.17529202,0.1935811,1.53211,0.24376366,0.29958168,0.034519996,0.118211135,0.14388858,0.67097926,0.6988947,0.20907304,0.34853995,0.9179167,0.2933016,0.4041682,0.03974148,0.33307627,0.026255995,1.0826278,0.110940926,0.17967778,0.15832296,0.40208673,0.51327777,0.51757896,0.23072965,0.010095358,0.69787824,0.15325622,0.362964,1.1033587,0.012683754,0.0014578692,0.18779689,0.09140557,0.7892472,0.12101598,0.6828716,0.47646326,0.09960263,0.23348407,0.38922584,0.14622663,0.07604136,0.19125265,0.37679493,0.22805263,0.0,0.07270911,0.6923156,1.034984,0.119624615,0.051025428,0.51602125,0.053010784,0.75133044,0.21241999,0.037991427,0.410527,1.0191019,0.23568574,0.95467544,0.2832425,0.2359357,0.28230125,0.12150458,0.1851644,0.46714932,0.91715765,0.5838093,0.1689641,0.14381333,0.16087997,1.5506828,0.039571967,0.30259478,0.43592152,0.29723787,0.596369,0.025118722,0.22016454,0.4990983,0.12314241,0.30560946,0.27635956,0.33409783,0.36269373,0.028235849,0.3514256,0.4083684,0.23514096,0.114958376,0.14784285,0.9553426,1.069862,0.12144304,0.0050343666,1.1435467,0.5415288,0.114779636,0.41609097,0.06612395,0.98692274,0.7473806,0.847956,0.023137987,0.19540048,0.27745786,0.72951925,0.1860193,0.030943174,0.577681,0.7187655,0.6315985,0.235423,0.7725152,0.05112083,3.2680387,0.20121297,0.5533371,0.0631799,0.36648208,0.03777194,1.5814235,0.5193328,0.22275731,0.953263,0.05942013,0.09282983,0.48284835,0.1634475,0.038015187,0.079241715,0.16401911,0.07916967,0.15623793,0.6029868,0.31466618,0.1228371,0.9347043,0.39701945,0.4085951,0.5584749,0.011754721,0.3715173,0.18281342,0.5979572,0.084370546,1.5714759,0.2018832,0.3121764,0.09742506,0.23045206,0.06974541,0.72447276,0.0100926645,0.28796035,0.16629562,0.44749635,0.5263929,0.5791681,0.15773413,2.4765472,1.0679276,0.28852296,0.24043322,0.2634104,0.09927606,0.11836646,0.06443262,0.9105412,0.36528158,1.2733592,0.25935912,1.5699198,1.387019,0.04923711,0.19528122,0.40670455,1.3180845,0.6283881,0.31186497,1.4464366,0.0443978,0.25927496,0.9585625,0.059226923,0.09219502,0.29995248,1.629769,0.08904373,0.14490846,0.2893651,0.32436824,0.029437505,0.17948316,0.693908,0.16143359,0.23279396,1.0950589,0.56487864,0.20105489,1.2673683,0.3783731,0.023165736,0.21596903,0.0919099,0.007324145,0.25643104,0.8130556,0.16604163,0.46400905,0.6477381,0.66229725,0.03888636,0.8352883,0.060689606,0.07840448,0.35718194,0.23839712,0.17168608,1.6189009,0.2692005,1.1081557,0.40917063,0.051502924,0.21614532,0.10287143,0.5903611,0.92324364,1.9349456,0.11334857,0.6988269,0.23905337,0.4813719,0.0029618957,0.035073854,0.9774343,1.2606952,0.17647953,0.0061655953,0.21951248,0.082427904,0.47963274,0.11187829,1.2161664,0.18839265,0.893407,0.14323564,0.1372737,0.5739882,0.32598472,0.19593106,0.5019289,1.5549197,0.17802909,0.2757536,0.002489436,0.4270546,0.24046762,0.1777249,1.0181239,0.35688344,0.49159083,0.14013664,0.4135008,0.042068586,0.13875219,1.3707507,0.03502239,0.47966892,0.1376443,0.52066183,0.24530423,0.97226036,0.44022664,0.81511116,0.070346326,0.35258693,0.6210138,0.0096193915,0.38280213,1.3379157,0.5138282,0.5297458,0.047548864,0.4356718,0.21068582,0.44519532,0.7779846,0.024752032,0.058599893,0.5824896,0.51857984,0.113057606,1.8102063,0.18798043,0.13479081,0.37765062,0.20955044,0.06565328,0.386209,0.1726371,0.25581264,0.64752996,1.1905084,0.53087044,0.40179694,0.027645554,0.37649292,0.27372998,0.20942411,0.15653244,0.3957575,0.1585026,0.20322311,0.34998715,0.09245428,0.13941424,0.19291359,0.05574306,0.3122577,0.70034873,0.09348072,0.1554275,2.7621756,0.40830106,0.11984515,0.8178284,0.44633472,0.13998829,0.25442752,0.19378841,0.10439196,0.19887549,0.71879256,0.1135194,0.22320029,0.12420218,0.2661172,0.13403887,0.13712388,0.050559346,0.20551136,0.4819657,0.1673001,0.2381445,0.07166858,0.020854034,0.61727047,0.4487356,0.2378841,0.5747298,0.5402653,0.19585463,0.4555478,0.35763675,0.14480829,0.39073324,1.0387765,0.697631,0.037278123,0.26431143,0.06519871,0.15829009,0.34614587,0.009793298,0.3109037,0.12413354,0.34076437,0.3395537,0.13970679,2.812007,0.057762574,1.0663979,0.6547052,1.3292258,0.065714896,0.7636186,0.051416982,0.27127868,0.084913634,0.20690101,0.07347622,0.9147662,0.17416829,0.23087081,0.04056721,1.0539938,0.70505035,0.14441915,0.45776248,0.9826052,0.10031163,0.8003477,0.22393663,1.1901906,0.23427716,0.2795709,0.5122238,0.16093469,0.01947486,0.628168,0.026502404,0.24113193,0.08817031,0.46292818,0.16547701,0.24445388,0.0,0.47617626,0.032953467,0.19054693,0.44644204,0.25687686,0.05863172,0.42843443,0.06670028,0.078838244,0.21907732,0.18994154,0.5180199,0.20324127,0.5087307,0.080050886,0.9522537,0.10170913,0.5098281,0.19937885,0.4105339,1.545506,0.5733247,0.24063995,0.063261926,0.058038443,0.82721686,0.46246952,1.4787384,1.9604447,0.21469834,0.07892004,0.23565997,0.060135175,0.7689488,0.02429502,0.31007275,0.039956976,1.1161754,0.21424122,0.2856444,0.16561808,0.7467396,0.15036257,0.02670182,0.29560393,0.11396219,0.09806266,0.18240611,0.3723318,0.13041571,0.067623466,0.94657564,0.1113597,0.041787885,0.32567003,0.87138546,0.6427453,0.892331,0.068379015,0.43143472,0.3176257,0.9621372,0.09024297,0.14976119,0.040001474,0.44282377,0.10350366,0.48460883,0.090299085,0.2512934,0.4861278,0.12539522,0.13534103,0.19289747,0.19150494,0.04816422,0.4175322,0.09952334,0.0028050551,0.38339287,0.019784857,0.11079039,0.20207526,0.37697542,0.22030947,0.0018540433,0.1400864,0.19039863,0.27163723,0.21614632,0.20385636,0.08166443,0.3867721,0.21123302,0.42094523,0.272994,0.6468158,0.00048654887,0.20927587,0.3537662,0.4479412,0.02825876,0.07981905,0.34196135,0.3207678,0.6105786,0.23406929,0.20706315,0.22145344,0.12323103,0.1028626,0.8012792,0.08689903,0.12788843,0.4035831,0.49692935,1.071954,0.28469265,0.28360435,0.17598364,0.4363584,0.21958727,0.1581007,0.008156358,1.0083432,0.8120917,0.042517815,0.22938578,0.4836669,0.19051036,0.21445055,0.0966184,0.24652612,0.3711707,0.008682563,0.18003559,0.2526711,0.17521754,0.12361195,0.29811716,0.24916968,0.82411313,0.1870526,0.058478996,0.25212747,0.5846735,0.41705585,0.26914465,0.20886853,0.17939943,0.27055255,0.1864456,0.20032585,0.02198511,0.14787915,0.08463078,0.38257775,0.27658513,0.21196064,0.060982566,0.38157845,0.318259,0.20002028,0.06048881,0.042272426,0.1767905,0.05302005,0.25010496,0.33362117,0.05989262,0.0072515896,0.17466216,0.2738098,0.091142625,0.5516062,0.42086932,1.301457,0.21560627,0.024163036,0.2353962,0.33803374,0.054315455,0.15466487,0.49868125,0.3252163,0.3656268,0.061269775,0.10296101,0.32523897,0.24779958,0.06713705,0.32744664,0.014174694,0.29458597,0.027472427,0.3786094,0.6156924,0.42102408,0.39343166,0.27303088,0.20479873,0.11280279,0.013959566,0.22012258,0.09695682,0.4500492,0.28687865,0.0027311891,0.081620574,0.102216735,0.22862494,0.3890729,0.81821233,0.12204798,0.44071245,0.27641883,0.029048916,0.067915246,0.24074301,0.6313138,0.30331966,0.032853365,0.08860334,1.1001701,0.101657376,0.03313364,0.49296817,0.15068588,0.5080554,0.4095586,0.06289911,0.035867214,0.17538528,0.14953989,0.3725298,0.56148833,0.3310269,0.12159827,0.16942818,0.6951844,0.08997287,0.83920723,0.05779604,0.31826505,0.24966979,0.2515204,0.06648274,0.14182638,0.1758501,0.004856485,0.3293296,0.13446634,0.33509558,0.6733674,0.24605072,0.1585459,0.16641444,0.51222557,0.19171727,0.063821666,0.005941537,0.28133786,0.08252231,0.27457517,0.39889336,0.2291487,0.35789126,0.002923414,0.2696984,0.082696944,0.12951216,0.5104492,0.08161092,0.22810823,0.14987841,0.27215642,0.2863226,0.1942781,0.488477,0.10154018,0.095733,0.06345614,0.73719066,0.114423335,0.4536417,0.22392759,0.34309176,0.29548854,0.1684123,0.24644563,0.28874204,0.36490607,0.2930519,0.5561249,0.12875506,0.26064584,0.26886594,0.07098685,0.30814385,0.5342901,0.059434183,0.14740206,0.13351378,0.39923024,0.5158128,0.3429783,0.13824947,0.29577315,0.19407512,0.23291175,0.13356233,0.25348306,0.4271716,0.12658137,0.18230614,0.063310176,0.08619531,0.10879508,0.08715738,0.028700331,0.51951444,0.16634594,0.074424945,1.0669906,0.49602813,0.06964128,0.12700197,0.7266755,0.22677636,0.036008682,0.34235597,0.3071447,0.17180042,0.19645952,0.055515207,0.7157469,0.26177716,0.13322854,0.057786778,0.097442605,0.14220834,0.03450615,0.06412401,0.44246626,0.31238288,0.3425026,0.8104745,0.06951381,0.59243083,0.12799352,0.1926253,1.1784534,0.43690324,0.117716275,0.12352823,0.39792866,0.2069717,0.38003945,0.2636119,0.9402095,0.06937991,0.43706366,0.19044271,0.1664111,0.10434366,0.045337405,0.32502705,0.04889316,0.37130576,0.10057536,0.05682181,0.16258293,0.4326413,0.02449977,0.8098264,0.2978909,0.12947619,0.055279825,0.26815397,0.6785655,0.04401973,0.068785846,0.12238005,1.0290321,0.37788588,0.45864156,0.06430322,0.54525304,0.24635212,0.20901373,0.3156008,0.1169468,0.047927678,0.0028602686,0.13230193,0.4590377,0.45387322,0.091045305,0.12952566,0.58212745,0.2620948,0.14702018,0.21705982,0.022413548,0.0020698805,0.058279067,0.054694515,0.30050534,0.0022621246,0.3049135,0.0,0.042690482,0.07664241,0.35817325,0.33817688,0.36544457,0.71517277,0.12418759,0.23272331,0.28524402,0.10960527,0.273673,0.20848285,0.44117904,0.33407933,0.579517,0.0,0.028914751,0.1190529,0.11630666,0.26452586,0.22932935,0.53367066,0.2047537,0.19485825,0.7241906,0.29934037,0.12781924,0.10352199,0.37505114,0.05001741,0.29955697,0.9272631,0.36028087,0.34818316,0.01044714,0.09838888,0.40789613,0.11212022,0.043476764,0.066351354,0.088673666,0.010463994,0.15141758,0.015529633,0.13526693,0.045499157,0.046250336,0.0076807328,0.07094017,0.1446076,0.4499296,0.5891492,0.022049492,0.5741095,0.22719178,0.24146792,0.5241407,0.12012989,0.27366984,0.5081017,0.32033285,0.04460213,0.112624496,0.644233,0.7535448,0.21682651,0.062121004,0.2015895,0.21826112,0.23350425,0.42027703,0.63208735,0.45823872,0.6320424,0.0014650697,0.13692504,0.48236713,0.00097298366,0.2616691,0.048292495,0.45680076,0.27512068,0.2279614,0.2209243,0.11901781,0.15369079,0.28083855,0.23943642,0.23008975,0.36351144,0.20838769,0.72126126,0.01091787,0.28523183,0.3771804,0.3519591,0.42801273,0.0,0.02844045,0.05141007,0.5890124,0.042186514,0.22117388,0.45682725,0.19418484,0.10633632,0.4842819,0.42303994,0.092993155,0.1734592,0.25181434,0.45174438,0.34941074,0.06419914,0.13476104,0.0,0.3740545,0.24513672,0.047268488,0.46127874,0.69443685,0.13256752,0.24169797,0.6980704,0.09647329,0.066469796,0.29117423,0.18479085,0.019804556,0.4628979,0.6730608,0.42906022,0.059202645,0.4535131,0.41301155,0.09812063,0.09072232,0.44184113,0.31427896,0.1400647,0.23975071,0.1800883,0.21716595,0.23661238,0.15701556,0.1490362,0.05179439,0.03466864,0.52086806,0.04147291,0.103372335,0.6902993,0.017330693,0.3346336,0.05826539,0.40371197,0.049266864,0.13452937,0.16920233,0.51173794,0.26354933,0.22773102,0.18448196,0.025835294,0.22937,0.7541312,0.123908386,0.023520589,0.86868906,0.038893916,0.13212535,0.22100528,0.7250296,0.025861925,0.13287032,0.08585369,0.051800463,0.054360732,0.10027179,0.23123315,1.0130491,0.0098976465,0.18322428,0.56577736,0.8618103,0.012757983,0.5350846,0.27517158,0.17038497,0.16528526,0.5361254,0.6708165,0.06540354,0.42241842,0.14024347,0.21050441,0.30176198,0.1563369,0.08726645,0.095626995,0.11201503,0.24737431,0.093762554,0.2029433,0.25928235,0.10313623,0.27967116,0.059095517,0.15279293,0.11344976,0.017922921,0.33968765,0.012190312,0.94032526,0.5304098,0.31626272,0.46601158,0.22311841,0.03378294,0.101904154,0.086772814,0.23172764,0.21708086,0.26355842,0.06358368,0.033275716,0.41435382,0.17570657,0.30980507,0.2118702,0.058004312,0.5331468,0.20488812,0.15466863,0.28297856,0.032964133,0.338771,0.43499073,0.3160723,0.22733143,0.7377783,0.4842128,0.1279921,0.0823042,0.40243262,0.6657085,0.12089996,0.1939383,0.7202363,0.26482636,0.25116527,0.31321174,0.16729215,0.8402373,0.504239,0.30586326,0.53374183,0.43435717,0.012169311,0.20960784,0.0996586,0.20012431,0.22434612,0.08651163,0.58611196,0.01867025,0.1333521,0.2570538,0.25167823,0.37933433,0.124824345,0.2871428,0.04173758,0.4176026,0.23376074,0.0059614046,0.064305745,0.42705777,0.24624556,0.20575827,0.21436001,0.10007026,0.17367384,0.6306296,0.6708718,0.07057372,0.3954463,0.3747901,0.05544179,0.1899278,0.5073432,0.16293426,0.17917114,0.16960126,0.44270727,0.0,0.34953377,0.24717984,0.39985782,0.16832265,0.96720314,0.23849227,0.49425185,0.7483256,0.76711607,0.5773411,0.0726777,0.25677958,0.06829254,0.64150864,0.22932509,0.31098548,0.13910398,0.17848708,0.32628387,0.11079833,0.256743,0.014102889,0.3526384,0.27050418,0.3451842,0.002019222,0.05085835,0.03075846,0.2432126,0.18130282,0.0,0.7369206,0.45511281,0.28839278,0.36224425,0.2940293,0.2250866,0.25545597,0.5727668,0.097849846,0.57126546,0.5385846,0.07574908,0.21167222,0.23869148,0.03632124,1.0326018,1.3723965,0.35821566,0.02786982,0.21612865,0.25811437,0.28332302,0.24047938,0.521314,0.044903886,0.15927477,0.24048227,0.4540203,0.041722268,0.1136923,0.21365632,1.0316489,0.023957964,0.30092645,0.011665771,0.08371126,0.20117539,0.10461476,0.066146076,0.33247924,0.1077794,0.062453836,0.04867723,0.18828848,0.47633624,0.05823391,0.25155467,0.26997405,0.36199188,0.07664342,0.25412047,0.72754455,0.33123887,0.4979468,0.16106033,0.5739172,0.7586957,0.44316944,0.103728265,0.19168083,0.5613021,0.45651674,0.7262374,0.7928985,0.2694737,0.057780482,0.27059942,0.4240604,0.023598194,0.13692595,0.07236827,0.30748045,0.16101837,0.025835335,0.42445785,1.1256964,0.14554988,0.03913555,0.061295196,0.45565134,0.17072308,0.07290366,1.1504264,0.3482602,0.62834007,0.3111658,0.0019713163,0.019793745,0.5519849,0.05969546,0.8408228,0.2220583,0.12989558,0.103253245,0.76786864,0.04322917,1.2879493,0.2719676,0.15109852,0.1945351,0.7424481,0.09343206,0.6226747,0.44701988,0.021007076,0.07007484,0.81642854,0.5484273,0.19693324,0.96599495,0.45964286,0.02612466,0.09947278,0.1834772,0.33027756,0.15791515,0.10373092,0.43883222,0.54033077,0.01670186,0.742695,0.11409037,0.004445315,0.14721906,0.0,0.14340241,0.0,0.19425792,0.79818714,0.053391255,0.53611016,0.19573522,0.010004257,1.3010987,0.027253456,0.1581381,0.6740898,0.03598422,2.2131715,0.886815,1.2995169,0.034983248,0.039385855,0.03322143,0.6420978,1.0290636,0.7149607,0.11990288,1.3290867,0.16373652,0.3090975,0.50509804,0.97826916,1.020722,0.61259854,0.22522712,0.19746952,0.22963154,0.37760875,1.3604887,2.5318604,1.195612,0.27551192,0.21060136,0.2298036,0.5723028,0.16863668,0.07357847,1.8179967,0.12105107,0.001567854,0.42890579,0.26765746,0.66915524,0.1348246,0.13017336,0.5589144,0.37002102,0.5932413,0.6131088,0.64465404,0.04895436,0.0,0.612215,0.29010198,1.4368122,0.11660607,0.116191834,0.8868453,0.04077421,0.9121672,0.035341486,0.5384972,0.4259232,0.2288855,0.16169024,0.2923649,0.5523591,0.31354475,0.46586305,0.12119021,0.114598766,0.1667238,0.4024468,0.013005749,1.3425372,0.8194698,0.3548171,0.9839907,0.80440485,0.0077212416,0.7925683,0.48112416,1.3088316,1.2398946,0.074909985,1.5529368,0.12981023,0.39226425,0.30419362,0.29079443,0.34788245,0.8433336,0.59398687,0.22832745,0.07384309,0.5615941,0.17834398,0.25899935,0.23382328,0.4920332,0.2827363,0.7483268,0.46477985,0.7618811,0.71627057,0.044404358,0.093645066,0.14092119,0.32823855,2.68545,0.30488473,0.94532204,0.4899109,0.20754385,1.6915706,0.6258762,0.6839145,0.18577723,1.0200894,1.0862303,0.6180843,1.4106869,1.1129245,0.018535204,0.4051472,1.5765696,1.0604005,0.0,0.5177703,0.23577447,0.29881567,0.96301425,0.6743311,0.2256719,0.5354187,0.642905,0.8401098,0.09425782,1.9187682,1.1856678,0.324728,0.3955562,0.04907131,0.50572896,0.15101251,2.0220637,0.1957427,0.31971896,0.12328223,0.15982495,0.49328265,0.028021261,0.5908459,0.88755006,0.682894,0.06671254,0.24175921,0.6258451,1.7125454,0.14984383,0.13213634,0.38705015
0.15981588,0.13292976,0.05551447,0.15038581,0.09834221,0.13582076,0.2704374,0.41817364,0.45265758,0.23991832,1.5986018,0.14616233,0.17195286,0.52722824,0.4521789,0.24992311,0.22075908,0.06528538,0.69789666,0.84053767,1.477984,0.28912133,0.18311715,0.041228086,0.42887723,0.016742626,0.5802141,0.661466,0.08772606,0.31710312,0.025830368,0.11371126,0.14456685,0.28425175,0.52585584,0.23718241,0.056750193,0.18131639,0.2279314,0.18587303,1.1934096,0.3264204,0.022984095,0.08782759,0.8634681,0.040396303,0.039450936,0.6878874,0.0490486,0.15449917,0.13653636,0.08119979,0.55777395,0.30342144,0.27050614,0.5338784,0.11935992,0.21111326,0.26525986,0.017157532,0.35624015,0.0072464715,0.37130177,0.07952315,0.2540329,0.050575558,0.29581186,0.039750524,0.008348811,0.056913145,0.25517267,0.3198656,0.37706316,1.1095471,0.92235607,0.22769696,1.1072942,0.33292133,0.13587567,0.14189696,0.43322134,0.079477996,0.18893641,0.2847712,0.26869184,0.08521042,0.37780166,0.14513543,0.16062835,0.009673316,0.60118145,0.45456788,0.22830625,0.45405626,0.5191415,0.3518594,0.053279087,0.10393895,0.52449644,0.7663551,0.23330854,0.030621147,0.4376909,0.24493642,0.61477304,0.1529726,0.035516918,0.0068357345,0.26547313,0.09929252,0.07477963,0.010989736,0.019931365,0.17085555,0.8384559,0.17851272,0.18397796,0.740149,0.1114131,0.06890227,0.25909957,0.93662095,0.20764908,0.15493959,0.31820625,0.25497785,0.0108872205,0.040671412,0.30434,0.454057,0.10825726,0.2852862,0.04627362,0.42883644,0.16260533,0.20539577,0.31137642,0.52314216,0.34460294,0.38092905,1.1914021,0.10232195,0.006849797,0.24196178,0.65488124,0.50414747,0.59085196,0.4753677,0.47633743,0.002806533,0.27275127,0.14986928,0.21987544,0.3720738,0.77008384,0.12862799,0.5449072,0.24062267,0.77039003,0.38804537,0.27275658,0.610053,0.3351252,0.17801471,0.11993634,0.16335148,0.059396125,0.7309948,0.9370073,0.49492902,0.30827904,0.33424965,0.02378395,0.70265996,0.10981876,0.38761616,0.5674425,0.098095484,0.07018395,0.1492702,0.51161945,0.18245248,0.04216857,0.37736118,0.36816865,0.42741653,0.116834745,0.017448269,0.9842004,0.36909994,0.05691569,0.36107394,0.026370771,0.09663178,0.053134978,0.19687612,0.21054938,0.15482694,0.75379694,0.08302098,0.3255139,0.07832067,0.5811935,0.28943002,0.011588572,0.07966556,0.022743002,0.15210333,0.11647415,0.11428514,0.24365819,0.16823605,0.37429768,0.95812505,0.2688052,0.36453548,0.1024375,0.15318441,0.2755228,0.23426436,0.28905624,0.49901164,0.63986284,0.3197046,0.34805977,0.49668762,0.17735142,0.07613094,0.3530848,0.43917245,0.007935693,0.044976585,0.7350466,0.17264812,0.039900187,0.024254503,0.4303302,0.22035432,0.121105246,0.16726446,0.05565935,0.12653878,0.051958818,0.42774004,0.7072035,0.054076605,0.917428,0.2901787,0.16933563,0.43849397,0.14046246,0.41956496,0.00477415,0.9969772,0.2865618,0.042380303,0.060597032,0.16923475,0.11503187,0.13393156,0.38329512,0.0040627485,0.34984356,0.22719732,0.23196322,0.5239754,0.26441452,0.18075094,1.8087332,0.22475997,0.24529272,0.30310696,0.21706828,0.2685848,0.1930606,0.39109832,0.1081888,0.17287534,0.089439325,0.26066273,0.0394594,0.17894824,0.04292758,0.31246594,0.7672345,0.18185471,0.2529873,0.23487195,0.25175506,1.0665709,0.025828164,0.16437349,0.4479717,0.034769986,0.36227965,0.14005488,0.6768482,0.43812647,0.06735343,0.36691254,0.38146767,0.26096994,0.14400917,0.29987523,0.022796249,0.26201582,0.23601654,0.23790795,0.20567916,0.16354312,1.9534518,0.15304151,0.36054444,0.5481515,0.17732923,0.2907498,0.14359996,0.040502343,0.21972118,0.077989615,0.011061106,0.033061054,0.86814183,0.041441705,0.8351579,1.107009,0.07533794,0.11311746,0.16087645,0.2150985,0.027318373,0.19195929,0.023817476,0.09509879,0.55709016,0.39896518,0.010543801,0.031741694,0.17153686,0.06657462,0.0,0.092939705,0.048444606,0.3913039,0.18320268,0.13813439,0.028629681,0.024342217,0.73761857,0.028458944,0.008992589,0.3201493,0.06341929,0.36253846,0.009910127,0.45567918,0.21234597,0.05863916,0.34881356,0.19621152,0.43163124,0.1690934,0.009524167,0.0021631992,0.33062536,0.06986573,0.017389663,0.91966426,0.02046135,0.22878724,0.24198106,0.013782542,0.3321823,0.013122233,0.2770152,0.32717603,0.0022821482,0.015276475,0.22574328,0.14833874,0.13679719,0.30239588,0.0052590277,0.012364254,0.22496536,0.13252968,0.019370895,0.5963265,0.15638182,0.032372985,0.03230729,0.049900025,0.26064983,0.0,0.4970883,0.067144096,0.06588343,0.2287263,0.11552186,1.3464787,0.5064527,0.20277381,0.0,0.16064811,0.35708356,0.14436132,0.2891741,0.3190331,0.00594897,0.2615384,0.107086435,0.32284757,0.79203105,0.30203122,0.028366007,0.13613783,0.7936071,0.29248232,1.2378213,0.368949,0.33007228,0.22313455,0.08700722,0.058132213,0.09793768,0.6652001,0.02159106,0.074444205,0.23928618,0.2216005,0.20421347,0.63365805,0.18245453,0.0,1.8414049,0.069694355,0.5415029,0.10615865,2.2708657,0.0151724825,1.6859105,0.14597185,0.22752602,0.18974772,0.25122547,0.041633114,0.49489418,0.3441553,0.0024041329,0.26636887,0.21047845,0.38409036,0.24612209,0.05326207,0.4039685,0.17738175,0.1379513,0.14130817,0.09188537,0.0,0.04157356,0.2824777,1.1207651,0.296277,0.92519534,0.017844342,0.005193861,0.6243581,0.0017925337,0.048462454,0.016024679,0.54820347,0.029641211,0.03875351,0.17448582,2.4284387,0.75264335,0.029416338,0.11768872,0.08409734,0.5069895,1.1273012,0.016783716,0.1152503,0.07914418,0.011285795,0.2704466,0.009305032,0.16556494,1.2431505,0.15105036,0.29746848,0.028142769,0.4937365,0.015518222,0.0009042328,0.022958495,0.033976275,0.26678342,1.164479,0.0664897,0.04239335,0.031412575,0.10477308,0.029835459,0.0016206125,0.77835345,0.066798426,0.0063702734,0.2363744,0.07820162,0.005778423,0.051326644,0.059377313,0.09812744,0.14425802,0.21704096,0.16238329,0.34631315,0.06657575,0.012252305,0.109464996,0.13562685,0.12841035,0.015744928,0.46029344,0.0040273936,0.18857616,0.2454232,0.007051174,0.051770464,0.8522865,0.26159728,0.4864819,0.19993675,1.3557456,0.43907344,0.050700855,0.14189593,0.013387898,0.110991895,0.24613461,0.25875127,0.2332371,1.0920925,0.03936621,0.37818828,0.0,0.057515465,0.06643468,0.19124204,0.007828965,0.09080751,0.04620558,0.54438186,0.15422466,0.9049085,0.06249706,0.06692798,1.7657709,0.5629541,0.38676214,0.2920753,0.8259799,0.36940914,1.9405737,0.14155038,0.9722605,0.2598404,0.28159857,0.06744328,0.38725007,0.09150742,0.01621368,1.0141716,0.06293872,0.12693849,0.02226838,0.17350237,0.17045876,0.053613305,0.007739749,0.6755904,0.15564549,0.13125278,0.15892026,0.028541546,0.1157358,0.09620099,0.17957577,0.022345604,0.069280155,0.54908574,0.021835273,0.56285256,0.25233877,0.23230529,0.19774143,0.16714624,0.009401525,0.04075739,0.033580743,0.10867214,0.9100499,0.23236817,0.14887825,0.7156418,0.13419408,0.2238135,1.5827562,0.05684222,0.062386744,0.0006691538,0.03179566,0.21367368,0.30328614,0.45408997,0.15326361,0.31525305,0.6152291,0.20188285,0.32577816,0.09516621,0.27334988,0.033888623,0.42991745,0.113751575,0.06350804,0.040123504,0.31539452,0.3911348,0.5086327,0.15613094,0.042069852,0.28438914,0.08072397,0.31331035,0.7342773,0.0035745678,0.007286614,0.09313832,0.036282264,0.42521724,0.18574189,0.224197,0.25311053,0.046826076,0.07767974,0.4224342,0.13730946,0.12353715,0.0909178,0.25419292,0.040245846,0.007203199,0.06307537,0.5215177,0.8387705,0.007134205,0.1168606,0.49308908,0.024846047,0.61713886,0.0901152,0.11568401,0.31696635,0.37982544,0.005476424,1.7509543,0.22019127,0.048924036,0.20277153,0.14115629,0.026242178,0.27242976,0.3478179,0.3372891,0.105771504,0.33027822,0.19356054,1.2560115,0.059182707,0.05687004,0.3030283,0.42879838,0.21162212,0.020297732,0.06530968,0.11718061,0.21279874,0.2262181,0.07709845,0.16608779,0.24210878,0.06341469,0.11871645,0.12700012,0.01939713,0.24043931,0.05430667,0.48302674,0.5471239,0.0046812342,0.0013557393,1.0176039,0.5070142,0.028134499,0.3119832,0.006201666,0.633261,0.42062673,0.34584564,0.052617192,0.1106172,0.04241484,0.2245932,0.069115326,0.046787634,0.32268858,0.6545394,0.2971799,0.15692613,0.0016454305,0.00335159,2.3045082,0.1145373,0.6991811,0.033247348,0.29590088,0.033606976,1.467385,0.26507828,0.058677696,0.807657,0.08528665,0.10008137,0.36582977,0.35915363,0.012159758,0.03587976,0.007453925,0.044728365,0.24707642,0.18669143,0.04574694,0.16141523,0.45662573,0.36701494,0.11790719,0.6147885,0.017006956,0.2815886,0.05190265,0.25314617,0.021473315,0.85649514,0.36067253,0.27855557,0.051731616,0.24091996,0.05864677,0.5352486,0.0,0.13553318,0.11726879,0.21238378,0.32587183,0.39563978,0.06580321,1.5886691,0.63694113,0.17521827,0.13378102,0.09703337,0.06351943,0.08957388,0.045911618,1.0018502,0.08855608,0.69150275,0.24615328,0.8794366,0.5416448,0.12115143,0.31279975,0.30740774,1.2126782,0.32636818,0.1911121,0.9079211,0.023382444,0.30618328,0.42658794,0.07665355,0.09818658,0.15342486,0.994301,0.09073164,0.18696901,0.21692117,0.2548347,0.14329815,0.17699149,0.053297393,0.27618706,0.040580213,0.89671236,0.21583772,0.08820045,0.9178476,0.046167906,0.04212244,0.09162625,0.029649721,0.041567672,0.2845096,0.7835797,0.11404024,0.16380778,0.42441475,0.27314463,0.020925682,0.5296105,0.014316756,0.0054386314,0.18494603,0.2769025,0.09620397,0.72252434,0.15861657,0.7951387,0.3063861,0.10785809,0.11606501,0.023791965,0.40223527,0.7165644,1.2853246,0.0594027,0.31738132,0.35305387,0.52734524,0.009842875,0.00020634533,0.5825099,0.6362985,0.15808147,0.0041688173,0.0056778174,0.05602137,0.40225506,0.038565196,0.7617112,0.12539333,0.64998525,0.008630709,0.11211955,0.42805004,0.2693569,0.030509092,0.34459174,0.9030244,0.06302406,0.011295058,0.05994289,0.11287844,0.14415853,0.013472502,0.062693655,0.24204497,0.35056454,0.117865235,0.20960143,0.054764193,0.17727901,1.3160436,0.067565,0.35469624,0.030456595,0.12977159,0.019913215,0.7653383,0.30650365,0.4679579,0.0210472,0.09383065,0.022315549,0.023330454,0.39245188,1.0651914,0.35827702,0.48909914,0.07855742,0.2780355,0.16281746,0.37629852,0.7471968,0.041706473,0.041885067,0.15319243,0.3603236,0.04462883,1.3983293,0.08172707,0.099276856,0.26832026,0.15380771,0.056717265,0.18377243,0.16853443,0.108177945,0.39871737,0.730117,0.124915056,0.50546366,0.014667202,0.34462282,0.14844118,0.06391615,0.0,0.42987263,0.14592536,0.07778421,0.15281798,0.10960261,0.27487797,0.19775844,0.08640465,0.067597464,0.19516613,0.07411106,0.1477789,3.0769784,0.046960954,0.36229038,0.45686835,0.30494934,0.08864924,0.26486075,0.07850244,0.09993132,0.053949714,0.5238874,0.07140407,0.17003018,0.13299018,0.35204533,0.12678297,0.39934295,0.134292,0.20934907,0.3007571,0.06344949,0.016636603,0.10315745,0.03203703,0.47690612,0.31796396,0.05233905,0.5179582,0.32250157,0.05071958,0.4122661,0.0810668,0.09164931,0.24818279,0.9120101,0.31169054,0.045249514,0.023517303,0.10881157,0.16386393,0.15735146,0.03711691,0.13913193,0.13173477,0.048881926,0.23437436,0.2730801,1.8126285,1.2429815e-05,0.56614566,0.59671354,1.049184,0.16587733,0.2781659,0.0416594,0.06809115,0.16140948,0.062334925,0.015468854,0.6478179,0.09243044,0.35920775,0.016166534,0.44437695,0.4432147,0.006682691,0.13878347,0.43504322,0.16107497,0.34349754,0.28075475,0.74275696,0.002210807,0.09727138,0.2953294,0.027364597,0.099577084,0.31172657,0.07022421,0.39718726,0.03383254,0.1922647,0.031051325,0.12964301,0.01326463,0.18869296,0.035331074,0.08956711,0.22894633,0.025151879,0.00019772399,0.09040854,0.0029423588,0.12520769,0.09902321,0.015264805,0.62990546,0.120980546,0.038533874,0.07385043,0.34410477,0.063828856,0.072009325,0.10137978,0.059622705,0.9097974,0.32898742,0.09671797,0.03440258,0.068338074,0.6072072,0.04122834,1.1142952,1.0762169,0.17641395,0.025621463,0.031105893,0.090606436,0.21465354,0.12093614,0.1824953,0.04979109,1.1559466,0.07340918,0.03772911,0.23070975,0.46424064,0.11270934,0.018475475,0.34105802,0.014627656,0.08445841,0.2332047,0.25137976,0.035506982,0.068462804,0.6827971,0.01059416,0.025364554,0.09373869,0.6131896,0.32880148,0.79892147,0.05767835,0.23603323,0.21686928,1.0643039,0.01318577,0.25001967,0.0032154832,0.3966447,0.100878924,0.21087152,0.03980357,0.16156957,0.24464005,0.21580307,0.2163085,0.069020234,0.30383682,0.16571087,0.41226804,0.1670417,0.2456042,0.2128605,0.12022806,0.1521226,0.2694865,0.25594437,0.17500332,0.02563018,0.16750655,0.050082155,0.31028187,0.336463,0.106064886,0.08154091,0.33937442,0.26234835,0.27429906,0.26747683,0.15616374,0.039940305,0.07107499,0.39764684,0.105301306,0.22035582,0.15785939,0.26918715,0.18582442,0.8243356,0.19487654,0.39869505,0.5291838,0.010285307,0.17659207,0.3900851,0.031245235,0.12969515,0.57894653,0.113840185,0.646482,0.2878284,0.16479689,0.57346505,0.19850641,0.13035531,0.22655722,0.05388496,0.50804996,0.5083212,0.015116913,0.09986887,0.28331912,0.049795985,0.14229554,0.09692849,0.21786213,0.1693817,0.09731305,0.23547187,0.19763494,0.22236532,0.2299461,0.08157695,0.016622048,0.36530527,0.35231778,0.23144221,0.028263718,0.45554996,0.2972343,0.31640565,0.19384515,0.11106463,0.28685334,0.2019234,0.20372689,0.15715167,0.38659608,0.029514782,0.45063555,0.2146939,0.20062527,0.16374978,0.3703295,0.19967814,0.23896056,0.040017504,0.10197915,0.3781015,0.14155518,0.48732543,0.49280018,0.1726489,0.0015418903,0.10345544,0.03553312,0.15382071,0.5011878,0.41873565,0.6703412,0.10120632,0.0428195,0.14187865,0.3240264,0.003007051,0.21659115,0.2227403,0.35756975,0.3814854,0.03428933,0.013865303,0.16820036,0.07139003,0.10401745,0.20909242,0.10543279,0.35071346,0.11343923,0.23711768,0.47267383,0.27811864,0.16866136,0.26011893,0.02688133,0.011202606,0.08825569,0.18898061,0.12764062,0.13454789,0.12713057,0.016620724,0.007206274,0.16060168,0.0058435984,0.37055743,0.46217588,0.07262103,0.10597468,0.26215398,0.093452916,0.06726699,0.077087454,0.5926577,0.42871737,0.02386214,0.15822947,0.6955643,0.31032923,0.20028281,0.2895495,0.130096,0.14668156,0.21859287,0.19320455,0.022476904,0.10727222,0.38909462,0.44464993,0.3222807,0.38571262,0.05512042,0.071102776,0.1535789,0.15510935,0.5255324,0.026064178,0.33511668,0.049874693,0.11819044,0.09389435,0.29574555,0.117236376,0.009747159,0.653245,0.39267653,0.23572202,0.3897542,0.26034576,0.22950852,0.2129583,0.7280563,0.2625326,0.0411107,0.026045583,0.18427892,0.032579035,0.21153617,0.23243064,0.42429155,0.38616484,0.056645334,0.6299182,0.15869139,0.15253483,0.35697964,0.15905237,0.18932158,0.08669688,0.33039552,0.250525,0.34005797,0.6469048,0.20844781,0.058003187,0.07425305,0.37152976,0.14862505,0.30180043,0.083354615,0.3140092,0.05826036,0.19472337,0.1450221,0.09700932,0.3129893,0.11873096,0.21066165,0.26317272,0.21777894,0.16743734,0.15795676,0.19923134,0.26079744,0.16160448,0.16513559,0.07642567,0.4761696,0.30088344,0.24483001,0.093285695,0.17169932,0.21575531,0.065367445,0.023320708,0.29252088,0.33720052,0.09325547,0.28456807,0.13759956,0.15900795,0.2248658,0.3008513,0.023287337,0.2976669,0.055782825,0.108394735,0.32728156,0.39241743,0.07656654,0.15369587,0.32940716,0.30364537,0.0129269045,0.5994116,0.13980824,0.14154044,0.18639283,0.20679095,0.3992735,0.22862537,0.29354617,0.048110347,0.4236349,0.19638678,0.011970558,0.057146456,0.3736232,0.18879583,0.6274589,0.9323993,0.02498971,0.5483203,0.1294259,0.24334016,0.41443434,0.56244886,0.02841894,0.18997952,0.06858735,0.051059388,0.31047487,0.25201985,1.0172999,0.041803934,0.49281278,0.1387007,0.21626519,0.26540124,0.012979751,0.16964719,0.080118775,0.59968686,0.282256,0.083754964,0.086250976,0.082447596,0.0064115054,0.7882997,0.5428584,0.24481319,0.089587286,0.3997965,0.72605807,0.03192849,0.08686638,0.2957126,0.45960677,0.29241067,0.16589636,0.0959159,0.55470186,0.23093654,0.16532853,0.2750079,0.111618996,0.08518876,0.015064992,0.28556705,0.47049254,0.22600228,0.06592461,0.05675698,0.3079231,0.3574295,0.021304257,0.25571823,0.15156342,0.07658946,0.22764732,0.13391344,0.32220376,0.011914808,0.23017634,0.057236716,0.071248315,0.23668742,0.3110865,0.27165025,0.05813822,0.22812726,0.05914106,0.17437103,0.4514881,0.116788484,0.3763466,0.103635184,0.36279696,0.64149106,0.25554365,0.0,0.05427519,0.22419557,0.23801856,0.29497778,0.1844728,0.31535077,0.31038064,0.33880147,0.5226359,0.31916323,0.29858196,0.21946345,0.62119865,0.11512679,0.21979487,0.68040085,0.6400976,0.30508786,0.058362037,0.10876815,0.17395937,0.09849266,0.0,0.11384195,0.032554824,0.13370857,0.34783795,0.09151809,0.15962139,0.007941342,0.06733294,0.05971489,0.28420582,0.18970144,0.36125228,0.37548745,0.029553507,0.37257385,0.32866222,0.165564,0.42288023,0.34323102,0.007676021,0.30954868,0.2496043,0.045852587,0.06970641,0.31866848,0.58142436,0.26140457,0.025878554,0.26303822,0.055826746,0.21995696,0.58027965,0.4660781,0.5707506,0.21055914,0.0021297182,0.11325273,0.12064417,0.10868974,0.27435157,0.12547413,0.21265267,0.103842184,0.18251187,0.46152487,0.13948539,0.12211214,0.3189456,0.40705603,0.20225023,0.48903298,0.09715213,0.18122631,0.0026740502,0.20947166,0.38583466,0.30483612,0.2666001,0.0064759697,0.34250608,0.042779367,0.47904223,0.07943503,0.30776942,0.40955418,0.2855074,0.08393699,0.0876002,0.3350639,0.2074514,0.14849392,0.11137014,0.25476378,0.1172518,0.08354533,0.43473822,0.021963168,0.2879445,0.45235857,0.18070096,0.27509344,0.4921662,0.21922547,0.2061063,0.32548302,0.02023741,0.03488575,0.34987587,0.25041416,0.12225604,0.53102016,0.44458795,0.09636099,0.12398755,0.17776722,0.18457192,0.032371044,0.26586407,0.5898559,0.29849178,0.36564755,0.11896792,0.31534678,0.47562867,0.13534966,0.25871968,0.24797562,0.034573372,0.053248018,0.23820531,0.15181327,0.10808408,0.6655289,0.008360955,0.24861571,0.090407476,0.2558893,0.09193388,0.16754866,0.090247475,0.26110166,0.29420805,0.31426138,0.2084285,0.01646382,0.16171491,0.3653471,0.17392911,0.046513993,0.606304,0.13942175,0.26262593,0.28230947,0.3646842,0.010049129,0.14162712,0.17646553,0.03749628,0.11775229,0.027091067,0.23135486,0.72090805,0.02192323,0.25348732,0.28185287,0.7248627,0.15367006,0.2381405,0.48628354,0.06741926,0.18159515,0.25497207,0.5150435,0.032637563,0.4570408,0.27449745,0.41009665,0.25100088,0.16638154,0.116338864,0.1978685,0.23677099,0.036788974,0.021963999,0.46347433,0.062215324,0.16092476,0.25636035,0.10938634,0.3519482,0.21816064,0.040720165,0.17672062,0.03801205,0.56565535,0.06830025,0.22268498,0.3670162,0.25851732,0.11531885,0.0438658,0.12549472,0.1711106,0.17724723,0.20212018,0.21025226,0.18927367,0.20369273,0.0228594,0.2785096,0.13151036,0.16907863,0.5960073,0.25702992,0.32285172,0.27641344,0.099663086,0.34909743,0.31268507,0.18342374,0.08358102,0.5608674,0.42564148,0.17850381,0.08663228,0.20729007,0.41771263,0.04779025,0.21267298,0.47354534,0.23810422,0.35935503,0.16145603,0.14727882,0.7490994,0.23897365,0.2724577,0.26629144,0.48546118,0.026415136,0.43428284,0.16597107,0.4440736,0.42053807,0.16298051,0.1457667,0.040692136,0.18793258,0.21785763,0.44820452,0.20265377,0.11171055,0.49556506,0.09446788,0.124632396,0.56418145,0.018499525,0.019201431,0.26379943,0.021085674,0.1554274,0.53730077,0.044549704,0.4577493,0.43105116,0.5831327,0.078709915,0.37947482,0.48653433,0.09419195,0.40799576,0.12938142,0.2414473,0.11314601,0.4332152,0.30016875,0.013952348,0.21047327,0.16024786,0.3169009,0.4678142,0.3979966,0.26168674,0.414447,0.20270681,0.48673752,0.5961815,0.111923404,0.37493986,0.02940679,0.22470458,0.04153023,0.41254005,0.07878058,0.18215187,0.24376082,0.046576865,0.39115202,0.15562518,0.19687343,0.17321256,0.77631474,0.012809938,0.08555098,0.012749912,0.23963153,0.065590724,0.002532053,0.6468932,0.19216318,0.5381233,0.6559942,0.31492108,0.22988296,0.016038422,0.40025675,0.30666152,0.78723055,0.4161926,0.043804757,0.2508462,0.260277,0.119764835,0.965199,1.120394,0.15610355,0.1486584,0.23891401,0.078076206,0.19985852,0.025387254,0.3147993,0.13085103,0.49921593,0.17293073,0.33260578,0.051322944,0.08920655,0.21489559,0.9218929,0.15504798,0.12445247,0.0051826406,0.02987018,0.17763254,0.17087191,0.03319644,0.1295446,0.10262565,0.06369733,0.038905963,0.3612745,0.42913884,0.081605054,0.14097822,0.17162628,0.15844274,0.077956654,0.4691224,0.30632,0.3466003,0.28285125,0.14126033,0.56630725,0.24028939,0.12104364,0.12746195,0.16723709,0.42222583,0.3930019,0.2847278,0.47462416,0.11025746,0.1797288,0.13624308,0.39195794,0.10574666,0.03889387,0.420042,0.4214215,0.26099595,0.0015210392,0.4615468,0.80378693,0.12306463,0.12166902,0.096257836,0.34153274,0.165347,0.093008794,0.6928748,0.1872682,0.029954419,0.31182784,0.028841984,0.13534647,0.4854154,0.07149988,0.2940005,0.24672869,0.104318745,0.22161809,0.33463174,0.12112929,1.0946231,0.28826421,0.11495763,0.22091243,0.6064334,0.013728507,0.35004222,0.27928,0.0,0.0,0.8073549,0.20548332,0.04443869,0.907862,0.40247944,0.062081017,0.008256419,0.08055629,0.1337865,0.35453638,0.05916276,0.61677814,0.34592807,0.0,0.31128484,0.2606572,0.12630877,0.07974009,0.0,0.06362136,0.0,0.24024051,0.5330382,0.013953843,0.31361645,0.31117415,0.07179806,1.548052,0.0,0.13547307,0.7146306,0.009646025,1.2307239,0.58523786,1.1704005,0.010096763,0.050414555,0.035643026,0.1695379,0.58273125,0.4252966,0.0068908315,1.1893842,0.083277434,0.24200968,0.27466965,0.829435,0.79604816,0.32548696,0.13398635,0.085098684,0.37190992,0.25929996,1.2999492,1.7072991,1.3906996,0.16645595,0.16059068,0.17424163,0.29742602,0.19433764,0.005308907,1.6611323,0.08218147,0.020155536,0.36670902,0.12025265,0.6143893,0.4814171,0.08549589,0.06506477,0.35966122,0.25828815,0.3078531,0.093020596,0.017441552,0.0,0.67501444,0.27653855,0.86629397,0.45454264,0.030702092,0.07016455,0.10016497,1.0756534,0.067267895,0.45383915,0.28383228,0.14614953,0.4310641,0.121967465,1.177553,0.3051234,0.19622263,0.224258,0.6077386,0.29861283,0.25259036,0.0035683117,1.3456705,0.33164936,0.33972645,0.6440135,1.189466,0.028549569,0.7574113,0.511646,0.9443927,1.3233925,0.037777863,1.2347975,0.09893097,0.2770995,0.31953377,0.19358292,0.08225076,0.66359484,0.23767537,0.19331966,0.12583408,0.35744265,0.058697112,0.24726382,0.14072807,0.48812264,0.03224792,0.53043056,0.12688026,0.7106362,0.97668123,0.09488217,0.1205682,0.04269114,0.36584818,2.6685286,0.120768666,0.27016917,0.39474866,0.11460552,1.6350352,0.741727,0.7419161,0.33702478,1.1981877,1.4786354,0.4909301,1.2815906,0.5781301,0.015595105,0.3706532,0.88343483,1.6961389,0.0,0.37671134,0.018347679,0.30473828,1.342294,0.25208867,0.11432153,0.13570336,0.51747495,0.74918664,0.07968621,1.172409,0.837265,0.16654584,0.38504946,0.001495151,0.432901,0.105947584,1.8306051,0.14505076,0.21537843,0.0934245,0.22063722,0.25703946,0.008431409,0.3248632,0.6374645,0.5900606,0.12161849,0.13944402,0.6205777,1.6751864,0.25841337,0.07119748,0.018920533
0.18087442,0.10982562,0.04803566,0.16007127,0.15540761,0.11127823,0.14879958,0.6760811,0.6202051,0.2037087,1.6449983,0.19091287,0.16034421,0.5111307,0.6203335,0.07829706,0.19996296,0.12504196,0.41646555,0.4247396,1.6790476,0.080452405,0.46142402,0.030300133,0.68133307,0.03227479,0.2713341,1.0096475,0.020432571,0.6203234,0.015720319,0.102398574,0.29064214,0.22074075,0.4789576,0.52504635,0.036212847,0.13758875,0.34898004,0.08064635,1.2161536,0.3063799,0.00055943127,0.3480342,0.4963996,0.05900413,0.017204534,1.0699722,0.09834332,0.1871779,0.1920254,0.13112643,0.640455,0.4348337,0.26903456,0.52115273,0.12807581,0.129529,0.18695986,0.043425445,0.4909881,0.0,0.25023344,0.14885952,0.089042395,0.1288481,0.36003864,0.003579029,0.009508248,0.041990712,0.4043852,0.23565027,0.25539762,0.8803257,0.9387524,0.27410597,0.9830678,0.1183705,0.17438072,0.09133478,0.15565962,0.13857433,0.39171395,0.21894878,0.21131817,0.19614182,0.8859621,0.09296924,0.099766165,0.0066950857,0.758083,0.6924119,0.25059333,0.39436322,0.6294368,0.4293239,0.070111424,0.15009601,0.37222543,0.67275244,0.32210696,0.037322532,0.48387498,0.29150376,0.9505348,0.101052016,0.088053554,0.024029162,0.54390424,0.18126492,0.113452576,0.009647468,0.029404745,0.19131821,0.907737,0.21388638,0.33180672,0.96319455,0.047556072,0.06310928,0.19009227,1.009485,0.08130476,0.17307825,0.3087621,0.29459667,0.002254565,0.05441513,0.30979264,0.31433165,0.22823511,0.14031148,0.04147227,0.41514903,0.2768318,0.3541443,0.09633664,0.38882184,0.43138367,0.76197064,1.1926461,0.20433322,0.04604323,0.0830185,0.844789,0.79737335,0.51229066,0.5555408,0.53527045,0.0091398535,0.44146174,0.17974296,0.2211074,0.10064061,0.98863363,0.06053472,0.6310096,0.08495133,0.9287352,0.36409056,0.20239332,0.67805034,0.21195914,0.102260344,0.29819906,0.117289156,0.042626135,0.7344114,1.1436793,0.64303637,0.10292984,0.16186434,0.0063754823,0.64167774,0.048643317,0.27986428,0.72088873,0.11575207,0.058048934,0.16179645,0.5373578,0.35896945,0.14676741,0.5796185,0.3335393,0.69682443,0.19474444,0.008561788,0.875197,0.14434561,0.03768486,0.70917517,0.03911037,0.11807588,0.0087625105,0.26687688,0.1150737,0.15916054,0.9950495,0.1310293,0.42028373,0.0827003,0.45703003,0.4568834,0.05283387,0.1260234,0.039783172,0.27069962,0.14232804,0.01006079,0.15012494,0.21448886,0.55922854,1.2975392,0.15146655,0.70602703,0.1287111,0.19367373,0.367588,0.28425026,0.20846054,0.26510406,0.8917,0.28771144,0.27034435,0.3230934,0.33065864,0.102270015,0.07756755,0.17221186,0.023581699,0.04132593,0.80153275,0.23295307,0.039088972,0.025388688,0.31299943,0.20255774,0.13537289,0.04568805,0.017291484,0.12052331,0.08987232,0.50201684,0.5333518,0.025093311,0.96683127,0.43322116,0.12687132,0.40918723,0.12971812,0.5352869,0.0040231915,0.5771147,0.2227032,0.055826865,0.15838644,0.35100088,0.19217585,0.38998342,0.24714549,0.040428154,0.26981857,0.2637948,0.29692304,0.48890626,0.33579046,0.34512067,2.109385,0.27034378,0.16428873,0.43263808,0.18432184,0.25694543,0.16643742,0.18282276,0.083624676,0.11791657,0.13175514,0.18497106,0.016266132,0.085729785,0.011797581,0.13332427,1.0096676,0.25875646,0.36687487,0.066376455,0.31509584,1.0169699,0.02801516,0.13450861,0.83469075,0.044515148,0.47269064,0.19114825,0.7229647,0.63676804,0.2351743,0.5643553,0.37446916,0.3355521,0.116725326,0.17689902,0.05551297,0.3297658,0.22630137,0.12947266,0.08716203,0.11024738,2.3578973,0.24824762,0.50157267,0.5387625,0.03295612,0.23249502,0.21774478,0.15676373,0.40443558,0.0002221145,0.20483229,0.05435331,0.63994086,0.28604037,0.8977171,1.2085731,0.012970774,0.22226915,0.1563382,0.41376925,0.005761643,0.31112427,0.016822634,0.04209016,0.70306283,0.5723278,0.021484613,0.07997656,0.3620826,0.15981276,0.0004556477,0.30486286,0.06853941,0.36513585,0.19061756,0.23740949,0.14946446,0.16243276,0.5730264,0.06910322,0.0049030725,0.30298704,0.18514284,0.21599978,0.004597556,0.6632365,0.46555135,0.13701895,0.22337972,0.5705464,0.15108538,0.15017144,0.042233642,0.22994852,0.14319788,0.24470021,0.45977747,1.0050551,0.029722149,0.3327887,0.32139316,0.071174204,0.12599474,0.11732108,0.2913893,0.1419411,0.025318336,0.14872637,0.29147908,0.07891587,0.38014364,0.32533625,0.0033008268,0.08137676,0.3975048,0.1363774,0.014857259,0.74104774,0.27850857,0.01496713,0.06312551,0.021354038,0.34337312,0.0,1.0195946,0.091382585,0.018186372,0.26085347,0.13779604,0.9507301,0.40746397,0.23104003,0.010501194,0.15973565,0.49068967,0.26555145,0.3175785,0.4697346,0.031039145,0.3787158,0.45225614,0.20404758,0.29030043,0.19682819,0.0910597,0.11703016,0.8229946,0.24801944,0.58669126,0.4569384,0.59405625,0.0688906,0.17606637,0.07288046,0.044032764,0.38507175,0.019068517,0.03588479,0.20616601,0.19896889,0.5654753,0.6317998,0.32538465,0.11150792,1.7592244,0.014454679,0.25955474,0.15115173,1.8757025,0.08037546,0.96035767,0.25652653,0.12115376,0.4962528,0.5520596,0.0,0.3775907,0.24390912,0.046457,0.29301322,0.5956456,0.7870139,0.50459796,0.12742898,0.80186355,0.4045135,0.13379896,0.2607576,0.4025216,0.03892923,0.124597244,0.35481256,1.1409929,0.3353666,0.7681191,0.12231146,0.008825662,0.43421835,0.06689892,0.22444099,0.12660508,0.64714926,0.24703066,0.011825059,0.19649197,1.1669302,0.20267566,0.22358058,0.20089981,0.3249282,0.3703019,0.663698,0.11463486,0.14375484,0.19581956,0.039101966,0.11636785,0.045269333,0.1337015,0.81100744,0.21880059,0.374841,0.025899827,0.46184343,0.19695154,0.2208122,0.06049796,0.022526812,0.04859291,0.69505847,0.3048721,0.09933396,0.031601556,0.2788033,0.1134674,0.0010918154,1.1538496,0.072865024,0.012847116,0.36073917,0.13729025,0.06918288,0.18102361,0.010601514,0.12569785,0.036366604,0.18709113,0.24407177,0.3818349,0.14804038,0.029805094,0.09246737,0.09539972,0.097563215,0.11811054,0.2739342,0.010004181,0.13949393,0.5464698,0.027569667,0.057540834,1.2345893,0.0009071499,0.5063156,0.3524822,0.8844702,0.3173591,0.005459545,0.21747011,0.014124981,0.29113162,0.36824444,0.41315645,0.37324902,1.7798386,0.15465626,0.5600761,0.005850143,0.08568126,0.10241487,0.22258228,0.035328954,0.22666547,0.30094326,0.6302329,0.43405765,0.76995265,0.2407982,0.049200267,1.1594598,0.84977186,0.39985508,0.18522274,0.23100531,0.2508063,1.6826829,0.06561928,1.372094,1.0380212,0.46856666,0.20845129,0.54478097,0.26414013,0.01546669,1.1515001,0.34033233,0.28977272,0.007734911,0.5102175,0.21207026,0.016585771,0.07641457,0.7517692,0.22953865,0.16521138,0.30529094,0.09409344,0.0865068,0.038546965,0.19959608,0.03946411,0.11591883,0.023698289,0.21637246,0.39233303,0.018303514,0.43431163,0.24399935,0.36236563,0.35041654,0.16442293,0.31764317,0.13237348,0.40635794,0.43891147,0.20620576,0.22144586,0.11403567,0.102990896,1.8952065,0.25595814,0.063683294,0.0,0.18200193,0.5045636,0.29039085,1.1474204,0.16094866,0.4986158,0.86739635,0.10088137,0.20493352,0.09977204,0.3895898,0.09918908,0.56927556,0.073783286,0.10219765,0.017958466,0.55537105,0.16823313,0.22868039,0.075912766,0.02458615,0.2328032,0.16350926,0.007957923,0.2228104,0.14076164,0.052867424,0.0707273,0.070644766,0.44271475,0.18202123,0.45732254,0.3334297,0.096275955,0.1591212,0.16429937,0.28330088,0.12939477,0.10344284,0.49879226,0.06384723,0.016324952,0.0036430932,1.1645625,0.72630763,0.019859977,0.06754424,0.38413304,0.04938398,0.2969685,0.04881167,0.14595088,0.24632163,0.35409766,0.047298804,1.0752932,0.028897282,0.031958,0.29667968,0.31755581,0.02802974,0.28496024,0.42130977,0.4369403,0.31815636,0.13154127,0.41402376,1.0624216,0.04723491,0.03002432,0.10700684,0.50291324,0.22817104,0.0,0.033405144,0.36927953,0.22070076,0.2379766,0.13343596,0.115477905,0.39600787,0.10139545,0.10969999,0.031990435,0.14009665,0.12876865,0.11452174,0.382779,0.6980762,0.022558186,0.01452914,0.82720435,0.2745223,0.057403438,0.32125098,0.0,0.41285264,0.75330573,0.6143689,0.037896283,0.29655316,0.09283522,0.3576482,0.13609235,0.22321801,0.31930083,0.44974533,0.29175338,0.1426039,0.0042507965,0.008815906,1.9501514,0.36208588,0.6115615,0.044205457,0.5721158,0.11414647,1.4184611,0.653664,0.12312508,0.53195864,0.15482351,0.038218092,0.847283,0.5362609,0.013615813,0.10957408,0.16849138,0.016349437,0.35207257,0.6413554,0.19887221,0.14785248,0.52007145,0.6983713,0.13561048,1.1033813,0.0,0.47162667,0.011420434,0.18184817,0.027614754,0.7101215,0.46485275,0.242248,0.14811271,0.40890452,0.09899508,0.22365935,0.0108864885,0.048339635,0.29993874,0.45252216,0.748686,0.5973836,0.002260231,1.3258646,0.2981487,0.266878,0.31240118,0.26713726,0.15784813,0.022311723,0.092029214,0.96693337,0.14444883,0.5935916,0.3570223,0.75333494,0.85036755,0.012814854,0.07202912,0.23370773,0.6381508,0.52340627,0.10800522,0.61674887,0.12695864,0.16432226,0.46825925,0.10963716,0.470653,0.07388678,1.0361719,0.09204563,0.11276923,0.1787132,0.33644044,0.05834808,0.49225384,0.27349016,0.9687971,0.3138188,0.8544378,0.36921975,0.056991175,0.48871928,0.42384577,0.053492185,0.14210495,0.14423735,0.079161346,0.30517027,0.79673636,0.18651068,0.20503259,0.53327656,0.20331924,0.019233696,0.49310166,0.06516693,0.0023465573,0.29606703,0.36211345,0.20993362,0.8823576,0.06992853,0.5682276,0.19709645,0.06333485,0.034424976,0.072657704,0.56558174,0.7118883,1.1333412,0.049168758,0.40537038,0.15926567,0.3474636,0.0,0.0,0.8200109,0.67824113,0.27771586,0.01895746,0.04977061,0.009360808,0.6354256,0.03203461,1.2508678,0.12487684,0.31993717,0.013197066,0.033816256,0.31715703,0.3374164,0.14557466,0.45772815,0.53265846,0.21457453,0.10754526,0.10153997,0.4500019,0.11632587,0.026268749,0.2571097,0.1441707,0.13092798,0.5063397,0.13579483,0.06282949,0.13520345,0.7751665,0.36007616,0.3338306,0.17574196,0.2043052,0.15736121,0.9066582,0.22578771,0.4102779,0.17360704,0.49941364,0.06196012,0.07667273,0.32749635,0.92269194,0.5185193,0.6698446,0.038910836,0.19081149,0.27425945,0.36992633,1.240247,0.0513339,0.13063182,0.11320413,0.30815116,0.18226054,1.5984685,0.06888915,0.26697338,0.08403143,0.2469298,0.09426901,0.21372621,0.03450744,0.18981552,0.18953115,0.65210414,0.3357838,0.31089127,0.025050892,0.5148301,0.09855878,0.20260102,0.06933605,0.481615,0.24771978,0.035143167,0.081414424,0.3247181,0.39219853,0.34851637,0.0588274,0.2769128,0.101666376,0.032790136,0.010447244,2.976897,0.07281162,0.25411034,0.21515225,0.42945507,0.16246927,0.17029274,0.073534615,0.19574961,0.2360337,0.55662364,0.28988737,0.3057344,0.05936932,0.4572228,0.21756335,0.40733653,0.08766823,1.1120555,0.40478948,0.09209593,0.3666953,0.101610765,0.065306,0.1999756,0.5718545,0.07743997,0.8891915,0.221216,0.1507545,0.2155172,0.14638254,0.18202958,0.096321665,0.4480772,0.26505426,0.10228285,0.019887798,0.20838827,0.3231569,0.48878956,0.14518976,0.21679373,0.20826435,0.19179426,0.345838,0.12395385,1.5033125,0.04323812,0.65897745,0.5386262,0.5935799,0.45435867,0.3745619,0.09207265,0.076330185,0.28829283,0.15332323,0.0140262265,0.35830617,0.10232824,0.53160053,0.07734649,0.32652768,0.34308952,0.08890838,0.16088468,0.45804143,0.490859,0.4097789,0.48013213,1.0138631,0.03501489,0.08567172,0.24129698,0.118082166,0.11551893,0.43850073,0.08044085,0.47399065,0.025851607,0.18682612,0.2053093,0.30540568,0.043003846,0.16330478,0.1592639,0.04466006,0.14779426,0.19461833,0.0036608675,0.3131789,0.07930462,0.24628884,0.57264394,0.0853634,0.8842588,0.15836583,0.09724265,0.13778624,0.8476504,0.05191292,0.4424089,0.08396232,0.021679856,0.94970936,0.08890181,0.2165314,0.31965107,0.1513825,0.4048056,0.040894516,0.9226473,0.9560901,0.14027745,0.21506256,0.08008977,0.06847833,0.35595542,0.12866363,0.25637296,0.024961557,0.6835621,0.2233231,0.100232065,0.24421668,0.25870237,0.0016025642,0.0,0.15354735,0.02386083,0.21980873,0.15821174,0.45117486,0.08897842,0.050599,0.43596336,0.074048795,0.025108099,0.057818107,0.48922077,0.33981782,0.9606857,0.15696476,0.13548894,0.33092314,1.1206751,0.12790251,0.4951705,0.09886504,0.5943916,0.08853335,0.18553022,0.03831753,0.2575587,0.21680422,0.64792895,0.12303431,0.27097344,0.4010602,0.24711215,0.27958792,0.10565293,0.3618813,0.17426272,0.4152254,0.28128773,0.4481975,0.61777556,0.29454082,0.05800032,0.2165286,0.1413563,0.11716661,0.727005,0.40912372,0.38782105,0.51777875,0.41748106,0.2547916,0.32635146,0.3325633,0.0040812423,0.15500532,0.6777378,0.21993339,0.25524625,0.30585846,0.48542416,0.5247916,0.6129006,0.30599213,0.6969067,0.7364192,0.010458333,0.30179584,0.5246068,0.14373204,0.25663632,0.6747974,0.29980952,0.63276124,0.3261682,0.30593616,0.20352238,0.9180201,0.26455736,0.16989376,0.26269764,0.72853,1.1241989,0.023540568,0.2506793,0.50590086,0.25861618,0.343274,0.22592422,0.16977164,0.5973369,0.047044475,0.19665329,0.12296725,0.3224794,0.403378,0.06506789,0.10765931,0.6258252,0.41877508,0.3244564,0.17747574,0.41785783,0.1947558,0.23332192,0.20987183,0.34515706,0.6541297,0.21792662,0.19491908,0.24760085,0.9760245,0.11928575,0.30584723,0.22856785,0.9842563,0.4409273,0.89301276,0.06993226,0.24427676,0.06999847,0.17958039,0.40662956,0.48860762,1.039478,0.752043,0.2757982,0.09562128,0.32411447,0.18372835,0.44188622,0.8437321,0.6444451,0.9465203,0.05272033,0.26906052,0.22058061,0.91324276,0.2231403,0.2747392,0.16686526,0.4189899,0.2649958,0.16373342,0.20663683,0.26947963,0.22386542,0.034649815,0.1193001,0.25306454,0.9371563,0.09483592,0.30239624,0.75841546,0.41481334,0.1443452,0.21488598,0.2775439,0.13979322,0.115452856,0.18339369,0.14959556,0.20233318,0.5903017,0.3312465,0.10969079,0.0997544,0.08715121,0.34365615,0.52158797,0.13253835,0.7020031,0.4906359,0.13956109,0.3773518,0.08216153,0.55405134,0.5133104,0.32190302,0.25960058,1.0379193,0.33661768,0.29990733,0.24850447,0.20271894,0.6614547,0.204137,0.4802762,0.17267847,0.23087381,0.9282652,0.16821438,0.85882515,0.3328842,0.22266513,0.12140359,0.15701634,0.5219382,1.0126529,0.06331946,0.442554,0.017558396,0.24743284,0.2629071,0.44718724,0.30294558,0.0,1.676965,0.5801027,0.15760955,0.31559122,0.60599303,0.31892538,0.40042368,0.843964,0.30922863,0.44259903,0.2356319,0.064492434,0.058874372,0.1975258,0.5137831,0.2997555,0.32042557,0.00062293484,0.8836626,0.2462621,0.29901868,0.662772,0.30891293,0.46175534,0.05515107,0.48317313,0.58694255,0.58178926,0.704425,0.36361018,0.27801794,0.116582915,0.65202284,0.1382411,0.41343412,0.5246457,0.65036845,0.17542537,0.3564849,0.24156402,0.2600011,0.3493396,0.16101253,0.7388376,0.25490594,0.47883883,0.22795174,0.1319284,1.0316751,0.52601707,0.31266758,0.5709207,0.1461628,0.46865976,0.14532201,0.27097988,0.58008873,0.41137558,0.14528951,0.1560215,0.2819085,0.28838044,0.29271063,0.3300648,0.39167476,0.54170287,0.22546282,0.24855736,0.48186648,0.03495495,0.45699927,0.50359136,0.12732911,0.35394645,0.37468505,0.18641251,0.25215304,0.63303816,0.7133071,0.03478663,0.7365564,0.15478605,0.37650403,0.19537158,0.36201006,0.7927755,0.26878574,0.61384594,0.1800085,0.41460854,0.32617438,0.22584692,0.10255578,0.3426163,0.11295237,0.7512733,1.3502605,0.13052464,0.7892825,0.27017352,0.58734,0.19821636,0.46108308,0.07779063,0.24309187,0.4023726,0.025396561,0.25323954,0.4057446,1.2666663,0.18963893,0.6076906,0.39005637,0.17345616,0.20306063,0.32758445,0.21794486,0.3050652,0.5141897,0.46759045,0.24297944,0.08902983,0.36730883,0.11625985,0.9517679,1.1219858,0.56296027,0.19370961,0.42128557,1.3858627,0.07704506,0.2176595,0.3678457,0.33527187,0.09903374,0.17875531,0.054856315,0.85400766,0.64656746,0.47310784,0.6779622,0.36708468,0.105322406,0.0013422387,0.22166039,0.8752315,0.33397737,0.19262019,0.0007565493,0.60978484,0.48605174,0.37958047,0.21735637,0.20429274,0.2048718,0.3589299,0.26190495,0.28019542,0.0,0.46062395,0.21826538,0.097775355,0.4593428,0.326221,0.28415543,0.09710598,0.5846684,0.4205103,0.17993677,0.62209153,0.23135605,0.73721683,0.11859241,0.5286752,0.21631572,0.3147642,0.07598276,0.26214454,0.04025211,0.3062238,0.7530105,0.20098102,0.30630088,0.22486824,0.17274325,0.7162256,0.33653483,0.47081903,0.02598838,0.8828417,0.2145227,0.09489696,0.5470538,0.8303713,0.8629657,0.23514375,0.11226118,0.6539342,0.27188683,0.0,0.519061,0.031450503,0.21627523,0.33928013,0.1319748,0.28006822,0.0016814228,0.21219529,0.28007454,0.43634897,0.25963664,0.6294948,0.33688948,0.07846094,0.31164187,0.23561369,0.21464524,0.296097,0.41644958,0.22691707,0.5623619,0.4995218,0.12222321,0.41615844,0.55842906,0.9398917,0.4327162,0.05869938,0.45102623,0.11865884,0.039377175,0.1292568,0.44279018,0.8597896,0.1560326,0.16059288,0.37021846,0.25391358,0.1185103,0.2506767,0.27746415,0.65208715,0.21142666,0.2113454,1.1438613,0.13391186,0.08549107,0.43571162,0.55939096,0.18553133,0.4031626,0.12848482,0.1655301,0.009154221,0.30721062,0.5396325,0.14713365,0.32884496,0.12551457,0.34947023,0.30022845,0.5811175,0.19938456,0.21856415,0.38595808,0.60266286,0.20472348,0.14337058,0.39675152,0.20636599,0.050331388,0.1645515,0.6407326,0.09730153,0.20982686,0.81940764,0.06874268,0.56970334,0.4546916,0.3556186,0.14692062,0.5368252,0.28888142,0.43162996,0.17285454,0.023922302,0.1622407,0.3843328,0.13904116,0.18934737,0.74433637,0.29256898,0.3304456,0.24813071,0.34613955,0.28236392,0.16834015,0.555554,0.53693223,0.46823165,0.6881459,0.29459786,0.5755578,0.4896355,0.18367358,0.42522606,0.5272126,0.11177062,0.09501141,0.24976963,0.36843932,0.22447675,0.7625226,0.10671207,0.6074827,0.08211058,0.23760271,0.08897439,0.578459,0.3450932,0.39929986,0.5986922,0.49874517,0.26822525,0.016601823,0.6369655,0.90908,0.19704162,0.044746123,1.1918623,0.26554555,0.4725663,0.37251577,0.1370998,0.014700385,0.06508987,0.2886721,0.21533354,0.2423644,0.30658466,0.29957768,0.7498687,0.03546871,0.48208255,0.6728406,1.0384334,0.014442274,0.59725,0.3964944,0.121350646,0.792691,0.39024973,0.5114407,0.152207,0.7727895,0.5733008,0.4069324,0.37162915,0.15291315,0.021412443,0.1619342,0.56409085,0.34164947,0.18030429,0.5614683,0.16127543,0.27970698,0.3841076,0.2754621,0.17340703,0.106805444,0.1160357,0.5063189,0.0896195,0.6391127,0.60532814,0.3734219,0.5647172,0.4442496,0.33628255,0.012270513,0.4935571,0.2272977,0.052434795,0.32629043,0.28708464,0.36605167,0.19263716,0.020299483,0.08324029,0.16923907,0.21121302,0.684582,0.27868003,0.42107502,0.5475279,0.31707725,0.37929714,0.66940975,0.038685743,0.052631214,1.0127218,0.9790278,0.079463616,0.18161343,0.3464759,0.76765907,0.46587253,0.12571216,0.9536157,0.11445115,0.7566531,0.19612226,0.06603162,0.9667839,0.24768575,0.4671156,0.54946154,0.6734469,0.10213637,0.47584987,0.24727856,0.576787,0.7386114,0.25192785,0.4359442,0.2997286,0.4666811,0.1910916,0.3501706,0.55029655,0.18465215,0.95395255,0.08515357,0.444245,0.80416644,0.11917938,0.24404687,0.25478825,0.0029585443,0.36123973,0.9040265,0.07198095,0.5871655,0.6283221,0.58058226,0.38812795,0.4795853,0.7612756,0.22286731,0.64793634,0.18115073,0.18247026,0.2668813,0.32299048,0.4402683,0.083726555,0.22989967,0.38196203,0.43819183,0.56931955,0.23112538,0.36287284,0.32347083,0.4089567,0.6947309,1.2571291,0.11142149,0.8500005,0.03173428,0.39492714,0.1344658,0.48148894,0.40763953,0.45594412,0.35229367,0.052896984,0.17516416,0.34124416,0.019956537,0.31215245,0.97870386,0.080146074,0.23978184,0.035833094,0.17605722,0.2823664,0.031414054,0.7101283,0.26388392,0.6911139,0.8541437,0.81588006,0.18491027,0.1866981,0.2609756,0.59107316,1.2674828,0.50373995,0.5062172,0.66614366,0.33230835,0.13412061,1.0817188,1.4330723,0.31552607,0.3884408,0.4286105,0.082584724,0.12796272,0.16848959,0.29350573,0.25185463,0.50289357,0.36275482,0.37212738,0.043132465,0.008052455,0.38625953,0.7214857,0.31166038,0.20064917,0.020357043,0.14930941,0.36720115,0.4590782,0.10201718,0.209973,0.4957746,0.10370789,0.42205155,0.5121149,0.088404134,0.35546395,0.14626765,0.22331671,0.32341582,0.2151511,0.7507664,0.6570712,0.92464817,0.49590224,0.2754654,0.58250606,0.310893,0.07772225,0.15892419,0.22872928,0.15629001,0.40958434,0.41507775,0.14422068,0.19095786,0.5180445,0.46172434,0.6197858,0.31245106,0.14300275,0.2685293,0.28581488,0.3221769,0.051877506,0.52927876,0.65630865,0.07558682,0.083526656,0.13368051,0.4778864,0.28899983,0.07053736,0.5614735,0.12657245,0.16061175,0.23296922,0.046658996,0.31662226,0.51228493,0.16276343,0.39272135,0.1903334,0.37390518,0.736257,0.79909414,0.21663141,0.9032223,0.31419367,0.052293338,0.27774784,0.46706465,0.061800126,0.6435523,0.4481939,0.015069518,0.035537332,0.5364833,0.19947669,0.25341803,0.7256212,0.6888133,0.00800428,0.094131455,0.0632524,0.40514112,0.7553168,0.04344241,0.39599067,0.23957562,0.020049501,0.8070215,0.5410797,0.009238192,0.11053832,0.09416327,0.03249612,0.0,0.23965825,0.64724267,0.06227526,0.15442045,0.12449286,0.18741694,1.6358612,0.0,0.32299623,0.8583015,0.0035064768,1.6376145,0.39487857,0.7495563,0.0,0.2624805,0.366542,0.14802492,0.591687,0.22330146,0.0075553795,1.5564263,0.05167014,0.27660817,0.5105658,0.7507998,0.6188929,0.4774793,0.14130698,0.1359018,0.671137,0.2854966,1.1227983,2.0267758,2.14441,0.2434676,0.41689068,0.30203798,0.087674886,0.19615297,0.0,1.2955554,0.12164395,0.03905704,0.34117353,0.033721127,0.4225518,0.78744435,0.059166245,0.21865422,0.5130257,0.10213485,0.6503639,0.32407987,4.4751523e-05,0.0,1.2612402,0.53896827,1.1274576,0.50937593,0.06862343,0.068043604,0.059578747,1.1541553,0.0877671,0.54815495,0.24812624,0.3451469,0.17724589,0.12758645,1.2198005,0.12272922,0.23987934,0.34660554,0.5862058,0.22870618,0.17269388,0.029141832,2.0057182,0.49898916,0.21005338,0.48338866,0.74326456,0.0,0.5753141,0.93300724,1.1648633,1.2958286,0.0053868503,1.2355411,0.0,0.17503484,0.14243454,0.1736354,0.13864534,0.3557803,0.26488674,0.2580852,0.47536296,0.38942778,0.14846383,0.45839053,0.019148361,1.0156779,0.0,1.3628504,0.1361883,0.9308174,0.66110194,0.037107892,0.24920648,0.00067807105,0.09657569,2.4309008,0.36614603,0.16862509,0.08442002,0.27298325,2.24725,0.94907576,0.5635309,0.47123027,0.6607429,2.1185143,0.99142504,1.1881725,0.7231984,0.019515548,0.18129322,1.1327406,1.7632238,0.0,0.7237211,0.015786525,0.116729625,1.7988312,0.61531764,0.018756986,0.3123021,0.6530409,0.7362826,0.03123665,1.5786351,1.5445282,0.36381668,0.1559051,0.0,0.8321054,0.06460709,1.7056077,0.27692783,0.14139503,0.00038491425,0.4726142,0.285411,0.007287074,0.7697729,0.8717896,0.8967097,0.09405163,0.10341003,0.065349415,1.1775527,0.2535626,0.14716122,0.18463892
0.16895357,0.14301436,0.14718631,0.1690698,0.119117685,0.012479903,0.34912214,0.6362024,0.30166364,0.42272395,1.4513276,0.1821003,0.2537562,0.54579365,0.34690976,0.30641016,0.35664913,0.23318096,0.64741576,0.64089453,1.4429737,0.21616308,0.25952235,0.056695435,0.272067,0.009088197,0.43466264,0.62369764,0.0793093,0.59211,0.05035542,0.07139751,0.28313977,0.2347311,0.35068843,0.4136144,0.105532,0.24587886,0.31614897,0.17308319,0.94825006,0.27466688,0.020345258,0.07011448,0.6256541,0.025974952,0.070636645,0.81310755,0.15215823,0.40121475,0.35470986,0.19068791,0.74900055,0.48552388,0.25116214,0.69414943,0.14758833,0.18613687,0.14959916,0.08524969,0.38613105,0.008768289,0.18180153,0.032154746,0.30190748,0.08448345,0.29923722,0.084109865,0.059446678,0.033524606,0.12663414,0.094065934,0.2584781,0.6913438,0.5988319,0.09097281,0.68348,0.21839225,0.24342811,0.10579748,0.17598817,0.2278834,0.11283388,0.3630947,0.3136317,0.09942679,0.5296936,0.20457506,0.066654794,0.0037608657,0.61639035,0.40902728,0.5474938,0.38488647,0.69062084,0.5922488,0.100707844,0.03261309,0.24903116,0.26344827,0.14305653,0.123351716,0.34029657,0.29748243,0.5678058,0.11842884,0.047276825,0.10363208,0.18932962,0.08580938,0.09828764,0.011260495,0.0346119,0.05903653,1.1126356,0.15192033,0.25676626,0.7213509,0.17461726,0.077491224,0.34191984,0.8066857,0.18792683,0.2578792,0.18080908,0.21406913,0.033232383,0.001995341,0.35972998,0.41825116,0.39004833,0.05565099,0.1410436,0.48301816,0.1460193,0.15646008,0.200517,0.37528414,0.23866089,0.503899,1.0907536,0.17837927,0.05617542,0.14424857,0.7338152,0.356462,0.50278705,0.77082276,0.32761663,0.049661893,0.2528296,0.16907808,0.23782942,0.31254122,0.97236085,0.10927723,0.76207316,0.10687337,0.8111543,0.22657761,0.21817803,0.52704513,0.59180784,0.37801722,0.05456818,0.19583938,0.017918568,0.43185234,0.7222477,0.97736716,0.21575625,0.46448553,0.012275818,0.88125676,0.11927074,0.47104192,0.6290684,0.2704954,0.09787902,0.2711165,0.40976757,0.29764384,0.11640915,0.48496744,0.5057237,0.36716583,0.13364819,0.014045444,1.0459654,0.44649687,0.040211257,0.7649046,0.025575694,0.23151824,0.0,0.24807091,0.15296222,0.08268953,0.9598429,0.12209237,0.29085863,0.078299925,0.8420204,0.41363972,0.018407356,0.08455707,0.020142082,0.07795149,0.29370588,0.054914266,0.10529043,0.23480462,0.297288,1.1640987,0.15732352,0.7079779,0.093643926,0.06347732,0.3168041,0.041526068,0.16344117,0.5682044,0.39723772,0.47351187,0.24385647,0.102906965,0.17854634,0.13566038,0.1553146,0.56782675,0.007907013,0.20057452,1.0631304,0.19604102,0.08070865,0.018110063,0.14931165,0.19886804,0.35413337,0.13273153,0.097868815,0.041646685,0.06857613,0.2712107,0.7618892,0.040544312,1.2315776,0.2398556,0.07252361,0.4807226,0.15879299,0.5483464,0.0009994755,0.6092653,0.18054342,0.05599808,0.09148606,0.46846032,0.1381831,0.41823503,0.24466234,0.0,0.28838593,0.26758367,0.27939218,0.5270456,0.39822018,0.23319212,1.9489063,0.4364606,0.10353823,0.46173406,0.31729716,0.27800018,0.05029197,0.49027258,0.14513984,0.18394667,0.12830663,0.30477777,0.07238883,0.19407324,0.0,0.17977798,1.3482307,0.17121485,0.27494323,0.2817927,0.13536546,1.0465176,0.049065292,0.20855086,0.40358806,0.10237447,0.20942472,0.38944006,0.6765126,0.42495328,0.11162101,0.29994136,0.22385709,0.4758426,0.18715289,0.38333803,0.04031038,0.19125395,0.32262868,0.16018024,0.09273413,0.21433535,1.4433563,0.2082739,0.41969782,0.3780812,0.14151807,0.18929519,0.20419487,0.0908013,0.39483964,0.1074592,0.00524284,0.047573462,0.6837248,0.07465407,0.52621245,1.1689777,0.032069426,0.36819714,0.27262342,0.5248425,0.0,0.12609072,0.0649423,0.05266411,1.179029,0.34253883,0.118881896,0.24723807,0.6398335,0.04159636,0.0034781517,0.3202779,0.05162345,0.3182373,0.06708614,0.07319753,0.026794884,0.040450387,0.49368578,0.114141785,0.0,0.34535864,0.05628231,0.25903225,0.0,0.6973151,0.046985887,0.00066688407,0.07460188,0.16900808,0.15545624,0.16608462,0.075530715,0.07535408,0.31704563,0.031584285,0.095961526,0.47985166,0.060096603,0.16615522,0.3109364,0.10609664,0.15126216,0.2355029,0.50659835,0.395122,0.0069450736,0.012128301,0.14493293,0.13181442,0.02852122,0.73359156,0.053360783,0.24391207,0.34133637,0.18030441,0.02241439,0.6585752,0.27790225,0.007343525,0.0023887493,0.01319326,0.21354523,0.03765331,0.82241344,0.013529376,0.044670336,0.57937783,0.035529707,1.1799214,0.10804102,0.17946842,0.07757354,0.17895874,0.6475538,0.20817235,0.29845572,0.2443616,0.08527048,0.08063379,0.16796382,0.2555866,0.35104954,0.07929952,0.03874967,0.2833911,0.99830014,0.25248912,0.63307744,0.42030272,0.21916142,0.0914661,0.071904294,0.16226365,0.023494212,0.5958519,0.12016477,0.22150831,0.41152173,0.35683885,0.21362616,0.4638139,0.42175555,0.0,1.6055924,0.019825019,0.27869353,0.14289439,1.9413946,0.037971456,1.8438283,0.040316135,0.09562638,0.1460678,0.20564394,0.024474202,0.77919376,0.11875935,0.0,0.120722115,0.23611404,0.28050897,0.11447355,0.08626662,0.55838406,0.099546745,0.43988413,0.03126898,0.09356931,0.010167551,0.061055556,0.42034355,1.4790463,0.32914132,0.8092036,0.24883716,0.010289436,0.3744818,0.041265544,0.20396331,0.047480285,0.5563737,0.07709411,0.10028087,0.258421,1.2513602,0.24003232,0.0306268,0.1859234,0.027069606,0.4771865,0.79513454,0.044841588,0.1668995,0.18366772,0.13453847,0.137503,0.010144468,0.113669306,1.052994,0.19463691,0.32716274,0.12333348,0.42047858,0.0,0.05100199,0.179604,0.0123085575,0.1440779,1.0749086,0.057674855,0.024947407,0.10434901,0.03653439,0.054722298,0.0013376364,0.38979483,0.074395314,0.03203444,0.22708635,0.095732436,0.05961534,0.12259148,0.14445274,0.23095663,0.10365269,0.059057277,0.17371231,0.28708816,0.30253115,0.05655886,0.17366473,0.004257685,0.2780526,0.0041746115,0.35930574,0.023610648,0.27266443,0.111175604,0.0033372198,0.07391312,0.5035837,0.05747685,0.60051733,0.34931237,0.9890066,0.90051204,0.011990935,0.096066326,0.06269505,0.5330614,0.67333597,0.53713787,0.32553995,0.6964914,0.005570817,0.627038,0.0008080352,0.05457704,0.18668479,0.042543538,0.008030652,0.13375565,0.062624395,0.977499,0.07833012,1.0634432,0.2651141,0.020447168,0.8901337,0.678642,0.84786737,0.3548694,0.13699418,0.26308915,1.5580835,0.023400452,0.93330365,0.25186527,0.2407983,0.14560659,0.73598593,0.12970605,0.08931382,1.0441875,0.26056975,0.08709057,0.09301801,0.04858816,0.047626983,0.00984188,0.070804216,0.5716526,0.03979999,0.008014027,0.15607917,0.016784137,0.12024301,0.026700545,0.33366364,0.022089077,0.08743265,0.1618776,0.026879113,0.332435,0.01861599,0.1188892,0.3625406,0.22027794,0.07212178,0.062463433,0.0015797104,0.3207491,0.1566231,0.14281832,0.034020837,0.71566206,0.075427644,0.08063018,1.3457453,0.022037797,0.09883363,0.1206968,0.070660174,0.113310166,0.575353,0.29897195,0.21146125,0.20839445,0.7052638,0.28047472,0.24536231,0.14431636,0.28774768,0.17846443,0.7461768,0.13489795,0.04235333,0.06234721,0.3590679,0.40973276,0.42892748,0.10994415,0.060252476,0.43884325,0.029585078,0.15543847,0.8701229,0.069849014,0.069979586,0.043214798,0.08370504,0.73774695,0.3648637,0.5176726,0.42554983,0.09310551,0.19421127,0.1189691,0.14953041,0.21780197,0.010188503,0.10546141,0.109952,0.061474543,0.021625211,0.44398487,1.218359,0.04884243,0.08567798,0.6415885,0.100777864,0.58296174,0.16175738,0.08878383,0.3359587,0.3876592,0.06927472,0.70052683,0.105164275,0.046280276,0.16535474,0.10948977,0.038096406,0.26620346,0.18675329,0.5472847,0.30817214,0.123835504,0.1295652,1.4678448,0.09510332,0.2678622,0.14712065,0.49385908,0.2984178,0.0,0.06773115,0.15459807,0.15850325,0.4706393,0.07427032,0.11634152,0.23055997,0.20976073,0.16221301,0.14925253,0.14006844,0.20211351,0.038654137,0.69116783,0.28885937,0.16413319,0.01219698,1.259815,0.45269203,0.006208186,0.28141284,0.053375944,0.700104,0.650893,0.91836035,0.04455109,0.035056595,0.38571566,0.71199083,0.21224493,0.046502236,0.5127885,0.5662851,0.36194974,0.07070486,0.028232528,0.056994587,2.117957,0.19829609,0.60478294,0.013453471,0.23015612,0.06882527,1.5445126,0.5178544,0.1625024,0.80115926,0.018733129,0.029318174,0.33358768,0.14101829,0.0002841541,0.15527514,0.005373126,0.04944953,0.14153218,0.82118046,0.14342998,0.23167896,0.80322653,0.33778182,0.24811915,0.95633096,0.0,0.4226783,0.059829816,0.03757488,0.010580042,0.97731566,0.2453581,0.0,0.10381442,0.103057675,0.086015046,0.69424975,0.007080041,0.032810878,0.12975362,0.045420963,0.5459682,0.47007787,0.13650279,1.4265778,0.1763821,0.35329294,0.19059733,0.38741195,0.022098215,0.0050912737,0.28039193,0.9860147,0.025403596,0.8346564,0.42678177,1.1031086,0.58629155,0.010190919,0.3090588,0.5344768,0.8187871,0.4617368,0.16245699,0.43149245,0.03188764,0.23496272,1.0406889,0.10337843,0.18291953,0.21904443,1.4073347,0.09449116,0.19516176,0.23715067,0.17296019,0.043233946,0.25800318,0.31446937,0.09944682,0.13605393,0.7020253,0.2534656,0.020859582,1.0322394,0.23715387,0.075477436,0.14381222,0.023123063,0.0018089032,0.40952045,0.72419983,0.122435816,0.23394714,0.4355043,0.17487732,0.04530184,0.28483075,0.110024884,0.0010522298,0.4495594,0.09002417,0.07403602,1.0204645,0.06152992,0.72368884,0.4026751,0.011816414,0.16521665,0.056353554,0.30995297,0.8636113,1.4779893,0.026817886,0.47025818,0.23582657,0.28034163,0.0,0.0,1.1198691,0.7821077,0.14421126,0.0,0.024219401,0.056514587,0.43782294,0.044159118,0.39186078,0.23420517,0.19649255,0.0,0.37881285,0.23652828,0.066994175,0.3416856,0.48013112,0.8062076,0.08876441,0.0731884,0.013569299,0.19722274,0.061130352,0.018716004,0.25130674,0.42331693,0.22448143,0.30519518,0.45822865,0.046336595,0.07221179,1.1105876,0.16579823,0.22337402,0.057076015,0.34313393,0.25263733,0.52513087,0.359941,0.8337637,0.062000785,0.6155835,0.0013866968,0.057841532,0.25648716,0.7042857,0.48062003,0.77610636,0.045782715,0.13333248,0.23579855,0.36501503,0.79491913,0.024480011,0.099543914,0.028507005,0.13877204,0.06519139,1.2817874,0.36390567,0.11795209,0.14784858,0.3118728,0.03661772,0.083439715,0.022389531,0.19916254,0.33716708,1.0165865,0.16679356,0.41297954,0.007963332,0.20503286,0.058817826,0.20194629,0.09854377,0.5396484,0.33306512,0.036585543,0.062303856,0.087759785,0.10592881,0.35477194,0.057704374,0.26674676,0.15904963,0.07001217,0.10802923,2.2978196,0.090655036,0.050788846,0.6734736,0.36525875,0.06377871,0.049730096,0.16028328,0.1312649,0.4257797,0.72424257,0.13637486,0.111078985,0.20304665,0.71965706,0.016405862,0.25206614,0.07082841,0.12248005,0.2607714,0.111831315,0.10175962,0.0056712683,0.06660128,0.19543023,0.20042656,0.10227844,0.27684814,0.06955601,0.22194755,0.4607698,0.057058923,0.06648163,0.29864013,0.6845329,0.22185983,0.012110842,0.0047970456,0.093140304,0.58240193,0.119253434,0.05524844,0.053354792,0.044995338,0.14852627,0.4344128,0.14662863,1.2438115,0.0,0.9278528,0.6087947,0.64128244,0.06861577,0.06321251,0.0208836,0.13052687,0.12204613,0.16607624,0.062092744,0.5290173,0.05434571,0.416506,0.009049217,0.686894,0.4689534,0.010690676,0.25437826,0.47191605,0.122788414,0.4099901,0.35871708,1.15051,0.01083621,0.12534097,0.25231642,0.17883688,0.02222425,0.37907624,0.010634565,0.27945065,0.07238263,0.23712583,0.13161057,0.038059577,0.0,0.36038083,0.02921502,0.055609744,0.32740754,0.34969297,0.018888962,0.028534723,0.010818799,0.07606121,0.1607061,0.005657018,0.30406284,0.13683973,0.2116177,0.13990188,1.1098886,0.025630679,0.32218254,0.15660796,0.03339111,0.6110993,0.09688073,0.05436819,0.018434366,0.13546637,0.5022028,0.06895074,1.0494764,1.225677,0.2736563,0.06926657,0.0674518,0.015832301,0.3878329,0.0,0.24996765,0.15192538,0.7322688,0.052461818,0.12182994,0.1364791,0.08540427,0.00017172757,0.13061139,0.0871133,0.14774325,0.07447128,0.19393225,0.34825888,0.058694467,0.017236548,0.6039828,0.19445929,0.025138127,0.19808798,0.5928596,0.4138879,0.51740646,0.040953938,0.17629087,0.47091365,1.2958262,0.014719817,0.4333869,0.014857067,0.25160238,0.05286011,0.10481928,0.09254901,0.141181,0.3494696,0.22312841,0.031006088,0.16506815,0.30472213,0.1130465,0.28594652,0.044370934,0.021414213,0.17691845,0.1154611,0.15840864,0.4440413,0.0717078,0.36512762,0.0076875226,0.14843565,0.09183241,0.43323588,0.21082544,0.2728225,0.1100184,0.30948794,0.30968326,0.3067922,0.37847674,0.13842902,0.0,0.09793563,0.50364095,0.268775,0.090144604,0.22764294,0.2901594,0.49872684,0.45380142,0.27284956,0.65434885,0.7086335,0.041942637,0.2027573,0.42260826,0.11840368,0.13188209,0.31758147,0.25018287,0.81945074,0.19238636,0.10868235,0.01702632,0.40308523,0.07983462,0.3535607,0.099304505,0.5532037,0.5179,0.05235432,0.1839005,0.38041025,0.12787086,0.2317455,0.020565134,0.13052282,0.25488418,0.0,0.14332987,0.5157556,0.27477235,0.52617395,0.03817305,0.15594617,0.056008954,0.14296035,0.12658025,0.28503203,0.612166,0.2217775,0.34062415,0.16327283,0.121383004,0.1969863,0.10469967,0.18954256,0.11908418,0.33994895,0.05393374,0.3286851,0.1990721,0.6180837,0.32978705,0.38118297,0.03903868,0.24815333,0.08854499,0.06756721,0.3036364,0.28955045,0.49631116,0.35613808,0.15896311,0.07730327,0.10520312,0.20898645,0.18750855,0.22797357,0.71755815,0.47528315,0.056702703,0.22001894,0.29898652,0.54598624,0.10441637,0.22853787,0.34994453,0.31291074,0.15568726,0.11915115,0.09478001,0.2523649,0.065054335,0.029940354,0.18919933,0.04022783,0.4162889,0.0,0.13799766,0.5577598,0.15085685,0.23773317,0.2344754,0.04443352,0.05684475,0.066045694,0.06176313,0.16626555,0.18337491,0.22130348,0.23709598,0.019276757,0.04822143,0.10681214,0.3132416,0.51357853,0.18941416,0.28124166,0.11943049,0.025749246,0.3878861,0.0907765,0.2988153,0.39109296,0.20854492,0.082336925,0.50754964,0.25158083,0.22147526,0.6168723,0.06329918,0.07848428,0.45829844,0.17332362,0.12197569,0.18980849,0.38761377,0.28577825,0.6755084,0.34290934,0.13099808,0.10689815,0.14570251,0.21795067,0.47433424,0.005889359,0.30681926,0.16347653,0.13539864,0.16935988,0.20598114,0.19783476,0.0026227478,1.0716121,0.19114697,0.100403726,0.128721,0.40119916,0.25575522,0.2731562,0.72859186,0.34599355,0.1800124,0.028943185,0.07403128,0.00055151427,0.2097369,0.33409792,0.19582945,0.2978058,0.01721301,0.5275831,0.02503247,0.39719737,0.36593837,0.14630368,0.19936278,0.052000992,0.23226102,0.62151194,0.36153603,0.45234257,0.04305286,0.2626269,0.006181221,0.62861955,0.00496336,0.3308115,0.4039997,0.13559353,0.015701007,0.13672954,0.2779954,0.043170594,0.5041492,0.16007662,0.17751682,0.27391344,0.11807014,0.20174849,0.13102856,0.31872922,0.15357393,0.39933428,0.22718623,0.13963109,0.45698437,0.26479378,0.4600579,0.19986662,0.37934288,0.06572304,0.056954406,0.062486947,0.090088665,0.40179065,0.37779906,0.20176879,0.3550895,0.17742744,0.14503464,0.1346704,0.0055202846,0.20417982,0.2141695,0.10996934,0.16890055,0.35336548,0.29536957,0.10200845,0.5092503,0.3698057,0.061085075,0.5930462,0.34284258,0.13348754,0.019877154,0.06207538,0.46193174,0.17171875,0.25070137,0.05419977,0.0855917,0.17425814,0.048234504,0.11565866,0.34729505,0.13241032,0.46776983,1.0772457,0.021940634,0.2577533,0.11273384,0.26708233,0.40151095,0.53168976,0.15419641,0.123143256,0.1510108,0.036358267,0.22129786,0.2804262,1.1490802,0.17060567,0.26927072,0.0811175,0.07516067,0.21584597,0.22094588,0.572828,0.109196275,0.27822548,0.08729643,0.2896839,0.26222906,0.12376728,0.025467712,0.7109899,0.86030155,0.43127567,0.10712146,0.23627606,0.7903665,0.016409054,0.012714297,0.22858374,0.4113413,0.51043856,0.33007044,0.030682655,0.43929785,0.1492128,0.31434947,0.12176238,0.06387262,0.0018854842,0.0,0.1549577,0.5417756,0.24492088,0.22901124,0.16490963,0.21173349,0.66342485,0.19640565,0.44359484,0.13240048,0.21543556,0.13027723,0.463389,0.5211104,0.0,0.37194294,0.1809975,0.02162532,0.19079006,0.28635412,0.39751488,0.02886147,0.41298854,0.018430395,0.24515253,0.27706122,0.19988841,0.34621277,0.15136127,0.46827066,0.29564273,0.116045736,0.008731495,0.026930545,0.07678482,0.3190087,0.14312313,0.1608928,0.115759,0.111077026,0.11684707,0.7414683,0.5661584,0.11641772,0.06441489,0.3910088,0.071295165,0.20029986,0.85053957,0.41859955,0.3801071,0.2813783,0.22565149,0.23164706,0.27176028,0.008818702,0.3265126,0.0,0.14776045,0.2989043,0.09597386,0.30730385,0.08176011,0.05616,0.062266707,0.17139274,0.18012606,0.68529093,0.22049248,0.085421905,0.38364804,0.2421009,0.14872085,0.42721134,0.19432026,0.040831536,0.15717474,0.20591381,0.08883257,0.18418133,0.5647844,0.29218924,0.3675764,0.013271656,0.22588103,0.1950486,0.13763751,0.16114217,0.40701985,0.754678,0.4768457,0.11073348,0.22213411,0.24431649,0.043067086,0.2567569,0.1855895,0.16051728,0.33699906,0.27897936,0.51460767,0.00524814,0.032021962,0.49338645,0.17742756,0.15680847,0.1762023,0.03944659,0.18096086,0.015562563,0.27346665,0.4666385,0.17238615,0.25007737,0.08614111,0.19960403,0.06398756,0.79206765,0.21246456,0.22728641,0.21081418,0.09565717,0.25681227,0.054139182,0.48524636,0.05025295,0.006748109,0.054936994,0.4451617,0.4830147,0.08446989,0.297307,0.12437976,0.4287525,0.4770497,0.053724956,0.31818178,0.3813876,0.055133425,0.28354618,0.34418032,0.11733444,0.008333371,0.40285933,0.1328899,0.056130484,0.68352664,0.5761823,0.14096677,0.20040385,0.34067506,0.3271834,0.013240795,0.44849217,0.51753116,0.21553795,0.4344963,0.23026061,0.12358141,0.17613271,0.2548193,0.3974905,0.1421674,0.0036227822,0.03243868,0.2447677,0.17312104,0.08701463,0.49325436,0.13048804,0.2813727,0.021425253,0.12521775,0.10463202,0.34340006,0.1646087,0.17777859,0.50337374,0.40809,0.32867926,0.082476236,0.3346904,0.5168626,0.21384327,0.037318956,0.7432081,0.09943187,0.2583186,0.07965578,0.18462619,0.028097503,0.20495123,0.117017485,0.038172316,0.09163898,0.030861828,0.13680643,0.9076638,0.06967834,0.39193076,0.25315034,0.83175457,0.01210599,0.80377865,0.24308711,0.07572118,0.5974875,0.4197612,0.4506845,0.09035732,0.2701316,0.355789,0.48092747,0.46311712,0.18986695,0.04052929,0.13063039,0.3368194,0.16996294,0.10079833,0.36331338,0.15413962,0.036555283,0.36577418,0.25575304,0.042204216,0.052485414,0.19625717,0.13400313,0.15947467,0.39231342,0.22931184,0.3459162,0.35339487,0.3754611,0.1437543,0.20814377,0.15839249,0.09075682,0.031096322,0.44936162,0.33898395,0.13525826,0.10860604,0.02496649,0.02758587,0.05881072,0.20232049,0.41944772,0.1766367,0.21270587,0.37460193,0.42683774,0.53569293,0.5105852,0.28959993,0.07258125,0.7394676,0.41811746,0.24001068,0.13032867,0.24350703,0.39766994,0.273897,0.07206652,0.82105756,0.073686846,0.38889876,0.46030575,0.18531638,0.42569283,0.11700888,0.45208287,0.3958915,0.5909337,0.08674191,0.44215754,0.1257081,0.38385516,0.29004854,0.16211954,0.2172885,0.18905485,0.71543586,0.40448546,0.29510808,0.52624786,0.12740998,0.7059106,0.023081843,0.2765364,0.28149337,0.050583236,0.28791344,0.37056267,0.18805303,0.1934295,0.48226124,0.12050728,0.3710943,0.1640193,0.55984735,0.13155703,0.42094707,0.4075226,0.08252859,0.25491673,0.010271488,0.20133501,0.23409212,0.17798285,0.235134,0.007053527,0.20970869,0.35710752,0.17847592,0.21819004,0.3600795,0.06471329,0.21460186,0.103480935,0.7188884,0.51138973,0.10185565,0.41184554,0.063894935,0.33160743,0.1855001,0.3550821,0.20097771,0.1987171,0.22852333,0.067676574,0.04235053,0.06652572,0.15404592,0.1483244,0.6760677,0.06570913,0.034484427,0.11365629,0.116089076,0.10199883,0.026250921,0.95510876,0.13093115,0.47578436,0.5268113,0.25550961,0.22739202,0.05167312,0.6028359,0.222404,0.6539979,0.38119423,0.1577553,0.5125962,0.2622728,0.09312588,0.8821916,0.5236679,0.13252567,0.18014485,0.3259729,0.07466169,0.059381418,0.0035086637,0.20978442,0.054276876,0.14065301,0.23901764,0.09429379,0.05514663,0.058843337,0.22153497,0.65328,0.100724846,0.27854994,0.06367116,0.11879373,0.10107678,0.098847196,0.0746101,0.0883397,0.4229803,0.1677723,0.15557295,0.4419756,0.08243042,0.20352098,0.12997289,0.09790683,0.30775756,0.1152127,0.29100442,0.47600642,0.51720405,0.42241168,0.19423056,0.38315672,0.47644004,0.0465654,0.017360324,0.2189543,0.28932047,0.3464223,0.5519122,0.16488051,0.25201672,0.15149602,0.2020498,0.29947618,0.15791796,0.27234885,0.43752956,0.26242098,0.119850025,0.0046310443,0.3679526,0.38319442,0.085532546,0.043986987,0.17203274,0.33337945,0.30197364,0.072200626,0.63964146,0.36134142,0.06007574,0.32755235,0.1116726,0.15511267,0.39117703,0.13432601,0.490841,0.37447333,0.3078782,0.63184166,0.4592407,0.439377,1.2311347,0.14271367,0.050473608,0.07688413,0.76087797,0.00093976903,0.5383017,0.3397236,0.0,0.13075271,0.66088957,0.49883178,0.32687202,0.3835292,0.51157075,0.26223344,0.044574924,0.059716184,0.22921932,0.48575434,0.043415897,0.6498172,0.5411495,0.00061892066,0.75647205,0.3329956,0.055182494,0.12908009,0.03264016,0.019626169,0.00810861,0.31246668,0.5980363,0.16169469,0.25001433,0.4716263,0.3143975,1.5267205,0.029443327,0.15789656,0.5441516,0.024184376,2.1935153,0.5930438,0.8831046,0.0,0.032407816,0.4193415,0.10656226,0.2349496,0.20662695,0.0,1.2933888,0.01965829,0.25121686,0.21026918,0.4174199,0.4839557,0.52191347,0.22097892,0.19711782,0.44935745,0.120698795,0.9759861,2.4775865,1.2933488,0.33154625,0.1574561,0.06921682,0.14514068,0.18811291,0.0,0.96367717,0.22814757,0.0,0.4906426,0.1725359,0.3465526,0.54542553,0.027195627,0.33474964,0.42496789,0.45102108,0.46944994,0.105891064,0.0,0.0,0.6879163,0.45473325,0.73558736,0.47419453,0.024728995,0.44596872,0.1923767,0.7345816,0.110057324,0.43791792,0.35463598,0.31751007,0.11074925,0.61462003,1.2457728,0.24827312,0.20423363,0.12783697,0.46814752,0.3493162,0.32233623,0.0047603077,1.2216445,0.28127933,0.12965062,0.4682902,0.59616923,0.023711137,0.58706295,0.51994354,1.5384935,0.87622285,0.020365069,1.1774601,0.08161968,0.037193727,0.10732841,0.025789015,0.09592761,0.6976717,0.28330058,0.34305137,0.4403047,0.43946445,0.18358994,0.3138878,0.23295563,1.0052356,0.06769778,0.28763843,0.24422604,0.69018596,0.86149156,0.21245858,0.18041971,0.08949399,0.21439451,2.5699892,0.45713,0.29552162,0.37429494,0.17883281,2.3704622,0.40234023,0.70229477,0.7847478,0.93137896,1.6350707,0.48421735,0.8517479,0.55615616,0.03233058,0.18596336,0.8643883,0.98968947,0.0,0.4245652,0.032600135,0.30605528,1.1534317,0.803671,0.14582816,0.015224775,0.74724233,0.440281,0.031099284,1.5157087,1.2229007,0.14995119,0.26017112,0.0,0.52914566,0.2805047,1.271055,0.3624967,0.075948946,0.13408646,0.32856914,0.27062136,0.0,0.2627535,0.99495906,0.50007284,0.20455253,0.25326198,0.5839789,1.1227471,0.3359222,0.41601926,0.2649704
0.1666841,0.14906111,0.17561276,0.35159853,0.14731544,0.062523,0.5076548,0.81421256,0.25122282,0.48841345,1.3962703,0.15395704,0.25310418,0.5954427,0.3091522,0.26581752,0.23678438,0.2628757,0.8210025,0.593594,1.1921904,0.34858483,0.30699787,0.031727813,0.41407323,0.00048724588,0.44261226,0.68809557,0.28060377,0.6824763,0.06841567,0.09251861,0.44126034,0.43524984,0.3258471,0.42837322,0.02371706,0.12356057,0.42638257,0.10550583,1.0158077,0.3395245,0.018428056,0.03941182,0.7185943,0.009188759,0.026390813,0.4582743,0.22511177,0.30682474,0.29896474,0.23062363,0.73871326,0.73344564,0.15551825,0.75541806,0.10572237,0.14741778,0.20148602,0.16619395,0.302098,0.037280437,0.2229103,0.110837236,0.29189909,0.16542584,0.45810008,0.04932225,0.07678488,0.07538591,0.24303225,0.45038325,0.42150027,1.1942704,0.9845456,0.067557395,0.826252,0.48852533,0.18642832,0.14152515,0.22237393,0.2271341,0.10583776,0.22300844,0.40901688,0.058446817,0.34694803,0.2097162,0.08051669,0.0,0.77429056,0.24049705,0.35099512,0.6659783,0.79589957,0.480918,0.026692772,0.088858895,0.32023466,0.35664135,0.08573611,0.14526623,0.53444684,0.23528942,0.62324077,0.23140682,0.029051939,0.022923466,0.22104454,0.04380589,0.14875439,0.016379766,0.04879474,0.119409606,1.0442749,0.111143194,0.24357337,0.5001492,0.12640846,0.07818719,0.42322117,0.5917622,0.24144909,0.18864089,0.35630924,0.30086982,0.035586607,0.0045361416,0.56721985,0.52240604,0.4185715,0.109533936,0.2008222,0.35068685,0.31755936,0.19161144,0.362229,0.46061042,0.29889354,0.61904126,1.2051033,0.32822314,0.02232312,0.16597214,0.66676086,0.51347846,0.42899504,1.1515839,0.24060243,0.09492615,0.35055894,0.121107064,0.17246658,0.5852788,0.7959591,0.21362437,0.65982056,0.0910669,0.86095214,0.3027121,0.119995534,0.51954603,0.6040745,0.23210041,0.19321433,0.32809418,0.0041287285,0.4389369,0.74499106,0.5624876,0.47661847,0.5770091,0.009893273,1.0233005,0.10166439,0.37353125,0.591694,0.267079,0.19630146,0.31292576,0.4963234,0.29588687,0.11960079,0.30534363,0.4592379,0.41995284,0.15506788,0.0021146042,0.9399665,0.27143976,0.06731548,0.2948989,0.07377456,0.36743757,0.033886053,0.3231496,0.14046109,0.14265053,0.79924583,0.23975033,0.34029585,0.11551766,0.47812265,0.24237135,0.049767874,0.06251771,0.09250741,0.036531057,0.30092198,0.04085367,0.20943365,0.23301537,0.3265708,0.73333454,0.34344244,0.40709704,0.25821254,0.08547893,0.23534821,0.016607817,0.2128842,0.39839956,0.29021126,0.37866032,0.23234464,0.26040584,0.06076084,0.30367163,0.29202068,0.57921493,0.017825179,0.12397469,0.83217967,0.2872818,0.09981536,0.014524616,0.14364997,0.22090945,0.1839807,0.12244333,0.087083355,0.041615047,0.19460985,0.34465152,1.0096197,0.08637229,1.1874633,0.15891021,0.021385351,0.32852802,0.1242199,0.44584692,0.0035529183,0.8056412,0.09623299,0.023273041,0.1897447,0.30776653,0.15752555,0.39622113,0.2518078,0.00011161115,0.6844391,0.39343148,0.1480617,0.56296706,0.64867383,0.37898195,1.6197767,0.34036154,0.3890197,0.5647658,0.44407535,0.35209095,0.10695175,0.55378205,0.160941,0.19053003,0.12111122,0.19617628,0.03638969,0.22532825,0.003314713,0.2055713,1.4912152,0.26492327,0.21807086,0.5805987,0.26123062,1.3278009,0.0356422,0.35959706,0.51434195,0.1603966,0.3306158,0.17187983,0.68504834,0.45995852,0.050037403,0.5917756,0.07847737,0.38262016,0.14424036,0.4886401,0.003767116,0.14448315,0.211674,0.17208986,0.11507425,0.39882708,1.7162995,0.25962913,0.6528455,0.7241061,0.26599938,0.118725754,0.23958932,0.08064671,0.24691711,0.24437691,0.07287249,0.0918652,0.6727056,0.04589977,0.51503193,0.6256228,0.0027750952,0.30984712,0.17221147,0.45900887,0.054702803,0.07933542,0.019119753,0.010541238,1.2504201,0.42454875,0.3219595,0.1750986,0.46870232,0.009795259,0.08272106,0.54188323,0.119466774,0.13530008,0.26740512,0.37117308,0.027061779,0.09422551,0.38480294,0.03629724,0.0047358386,0.2159617,0.31461477,0.4341284,0.0043465295,0.8197015,0.28243932,0.04784905,0.28387523,0.29519206,0.54892504,0.11408143,0.04409367,0.019894727,0.31759137,0.123524934,0.4538657,0.47782832,0.08354194,0.393607,0.52842253,0.06793393,0.13161534,0.28305385,0.37303486,0.5561824,0.027750665,0.03963571,0.7049808,0.31697822,0.050972544,0.79085594,0.037821315,0.13626729,0.40605006,0.3697247,0.016809575,0.6769384,0.42819798,0.0386141,0.07894762,0.058356512,0.5272558,0.09155269,1.2004733,0.15663409,0.16478911,0.4577207,0.29461193,1.016789,0.35892826,0.4449446,0.10533717,0.21958768,0.32353845,0.14740103,0.12453648,0.39027676,0.070923164,0.037239056,0.09605443,0.52070796,0.39914426,0.20127022,0.21458493,0.27257362,0.98524654,0.23528409,0.7561746,0.4820879,0.33977938,0.06805299,0.17220841,0.037722677,0.11905658,0.4195356,0.21739551,0.17932506,0.6853775,0.19765621,0.15067911,0.9700223,0.19601566,0.0,1.1406835,0.067809224,0.46055204,0.15289074,1.9323685,0.04038293,1.1615814,0.074885815,0.41804639,0.55092525,0.2285871,0.14656405,0.769647,0.26249576,0.007404345,0.15198295,0.5054407,0.2842792,0.4022134,0.04885311,0.18387252,0.2762977,0.327303,0.21685088,0.32057694,0.017495375,0.043724228,0.19574259,0.9164676,0.39664555,0.61143166,0.21231508,0.0,0.52034056,0.10680203,0.2770182,0.056040622,0.43710452,0.3708247,0.19102018,0.5122401,1.5410968,0.48021337,0.2579448,0.32883617,0.14294872,0.31187695,0.7559507,0.0469117,0.4927899,0.35178065,0.12880108,0.08284159,0.008223763,0.16806945,1.003822,0.24096334,0.6779895,0.16541956,0.2370753,0.045141432,0.017879859,0.25400385,0.10771837,0.4715488,1.2797852,0.21322814,0.013330324,0.07009594,0.00057252793,0.10889545,0.0,0.82523,0.07471494,0.14763603,0.27221942,0.3040287,0.0013382273,0.1730523,0.15092814,0.100694455,0.15375352,0.121480756,0.25989264,0.5723869,0.27024367,0.08241965,0.16235697,0.1696732,0.40338504,0.047623158,1.0982955,0.05406358,0.4162671,0.32142982,0.059328683,0.0,0.5247637,0.20640528,0.9897046,0.559913,1.68712,0.6910343,0.06321722,0.08923805,0.022948572,0.38616174,0.5962269,0.71487224,0.36800188,1.4612277,0.09806226,0.5739337,0.037300155,0.10428794,0.3668962,0.2764662,0.13720046,0.2121598,0.11282785,0.964552,0.30163628,1.1263331,0.17283845,0.04001476,1.3514078,0.45098418,0.5530884,0.5382631,0.32900032,0.19294173,1.5325897,0.115922935,0.8105211,0.10174059,0.5293709,0.09071872,0.58195126,0.05216337,0.068728454,1.4486687,0.33520868,0.20598578,0.022300918,0.1704655,0.06742289,0.045149095,0.13804112,0.52522993,0.16384557,0.050532904,0.22547674,0.04578443,0.073230624,0.16907415,0.28370595,0.027195983,0.025919825,0.5481338,0.020668492,0.44677907,0.019877758,0.31396684,0.250785,0.26605734,0.08636535,0.07115476,0.018781496,0.1688433,0.5701506,0.22558424,0.15822473,0.6913824,0.05009903,0.12615044,1.504875,0.06305236,0.4343934,0.14890441,0.107644305,0.1852378,0.7482195,0.89111626,0.26658052,0.20690425,0.4082714,0.18189353,0.37876952,0.17835811,0.41346192,0.25422305,1.0619688,0.041256756,0.11327623,0.03032255,0.4920622,0.7289053,0.66236305,0.10653709,0.05988017,0.4722774,0.022668704,0.46226978,0.6807134,0.05172033,0.046392277,0.008698385,0.10702248,0.7264545,0.4258461,0.16205677,0.4832429,0.29663515,0.219577,0.15103112,0.2980416,0.318783,0.110132664,0.17265694,0.17238039,0.011023635,0.07905652,1.026326,0.54865575,0.03644517,0.068740614,0.92312676,0.09555145,0.21857758,0.3500094,0.15760182,0.18354352,0.33441383,0.12320328,0.8235992,0.24366665,0.2962609,0.30559474,0.14089602,0.11349185,0.5019187,0.48626533,0.46643424,0.24249265,0.019702442,0.7013454,1.0077838,0.04459875,0.19599451,0.42116067,0.2580871,0.43904918,0.00044589507,0.18380329,0.16322084,0.18588854,0.32055825,0.023261733,0.24184343,0.3151316,0.024563624,0.22678766,0.041937083,0.14138262,0.26292658,0.084905475,0.6055055,0.25505295,0.12341331,0.030113142,0.52583474,0.32526827,0.008268897,0.27103382,0.12322497,0.63660336,0.8179993,1.0705528,0.11831924,0.30047673,0.60603666,0.7014471,0.2583163,0.095722444,0.5223265,0.6574513,1.1947373,0.2410797,0.0363543,0.20319557,2.1311846,0.14467785,0.6245407,0.0,0.386857,0.37326252,1.2900864,0.6222449,0.24532183,0.4937048,0.17019248,0.112644106,0.91070557,0.18909544,0.0020081257,0.48734233,0.08286276,0.017376864,0.25189918,1.0468153,0.16664279,0.04124981,0.861593,0.73850524,0.19933532,1.1601182,0.023869134,0.33306417,0.20322618,0.25215694,0.078516856,1.1025549,0.4526228,0.0897098,0.11174837,0.07418622,0.08482519,0.58954173,0.017508883,0.1280962,0.15612592,0.39011133,0.6756172,0.3702655,0.19821762,1.9291012,0.25071234,0.40534928,0.13190487,0.31659544,0.2293092,0.026178997,0.26597458,0.80700403,0.026071828,0.7198328,0.23904888,0.61273897,0.7827893,0.15738147,0.24655946,0.52075255,0.6880605,0.64795053,0.56108093,0.7344671,0.20345452,0.28186196,1.2961175,0.10360384,0.19788408,0.27639025,1.2398875,0.1869275,0.26734707,0.2975551,0.17129532,0.060585633,0.31325626,0.19712734,0.6805625,0.34052092,1.0651815,0.28347385,0.06998842,0.80043864,0.5091282,0.105135076,0.20870459,0.05829604,0.0,0.5356554,0.48139045,0.17021106,0.14096859,0.7152036,0.35556042,0.018049845,1.0045228,0.32312647,0.13868523,0.3178453,0.32434404,0.1107091,0.73068345,0.038575873,1.0553921,0.26240534,0.08119993,0.22326839,0.105580755,0.8488228,1.0255915,1.345883,0.11718136,0.45804045,0.1579873,0.29513225,0.027383335,0.005665449,1.2734506,0.9971825,0.21517278,7.8952326e-05,0.084738284,0.037773497,0.5168358,0.014235916,0.81605095,0.14276068,0.50488424,0.017003495,0.422361,0.5350814,0.20071833,0.06601931,0.09387369,0.5283035,0.18230496,0.102597624,0.06977306,0.2600608,0.16070732,0.11532588,0.30231822,0.53742045,0.547074,0.085088536,0.43199557,0.054546364,0.15317181,1.1022328,0.1670691,0.7128375,0.1250538,0.6712037,0.17557372,0.6343874,0.544994,1.0517025,0.13659158,0.6626452,0.009115886,0.06680322,0.73016435,0.94361085,0.6049332,0.50588393,0.031803455,0.17789857,0.5003869,0.2259942,0.4088118,0.06547852,0.2479249,0.13959877,0.16685241,0.079744734,1.3061521,0.22399825,0.055107597,0.08139257,0.15800437,0.06469595,0.16183344,0.46568707,0.15997425,0.24850824,0.7811637,0.20732969,0.48127776,0.0911383,0.085907705,0.0453348,0.2986704,0.07785824,0.42788118,0.06894056,0.1304285,0.33964375,0.084085666,0.15980771,0.41138202,0.027073167,0.25405806,0.06797746,0.119690895,0.0175663,2.37003,0.13606682,0.010283428,0.48615414,0.2676982,0.10111824,0.11025285,0.15551774,0.08571544,0.48912203,0.74322283,0.07096427,0.093677774,0.33207163,0.42578137,0.1330791,0.5735699,0.10855605,0.43079716,0.2793589,0.15607339,0.22963011,0.13123794,0.029659977,0.36550617,0.4434707,0.13979816,0.04756033,0.26396245,0.27340877,0.25091255,0.21598199,0.08623947,0.5580764,0.91344553,0.75065947,0.0611988,0.04825087,0.09809967,0.12267034,0.13254514,0.052189384,0.1124431,0.12921882,0.15330307,0.3699597,0.1240502,1.8530116,0.032259185,0.6244109,0.6635411,0.49016973,0.12217386,0.14610298,0.046977982,0.09095392,0.2707889,0.14104655,0.031106392,0.51693624,0.09211113,0.33893254,0.13572307,0.49853718,0.37792695,0.06700155,0.2575766,0.67373806,0.3287382,0.31553125,0.33468157,0.8068676,0.052298557,0.2491855,0.5096452,0.2601903,0.14388843,1.0151972,0.012203472,0.06859267,0.07039687,0.12848246,0.37785685,0.13654368,0.0039833263,0.46552056,0.06944938,0.11456214,0.5597111,0.38825208,0.02341261,0.15913366,0.087372005,0.34397334,0.15411459,0.0944462,0.88654506,0.3399709,0.11848511,0.12700263,1.1041291,0.034687746,0.35147274,0.18693931,0.10890292,1.2614758,0.21955267,0.31208593,0.09118663,0.12092583,0.80224323,0.04678283,0.8856505,1.3264627,0.1561822,0.13433525,0.040916026,0.06927578,0.37125275,0.027749954,0.18485941,0.23773696,0.87746847,0.16458167,0.07760252,0.33628872,0.27043813,0.08224566,0.1565912,0.22141872,0.15085968,0.11533654,0.15724014,0.22394931,0.31625056,0.17676795,0.3623996,0.10412779,0.021472666,0.12873286,1.2739246,0.4276749,0.75586426,0.14609705,0.25497606,0.27684283,1.0365899,0.037147656,0.35960072,0.006029341,0.5226156,0.14414062,0.14162844,0.083629474,0.3398819,0.20910887,0.12524559,0.08171985,0.04706313,0.81297964,0.09564001,0.3291167,0.14825161,0.019312385,0.21326709,0.11459894,0.21682605,0.6207359,0.2782561,0.4519518,0.003932219,0.08274618,0.057404988,0.26156658,0.19607276,0.25141972,0.112507485,0.51665723,0.57041454,0.35710722,0.24649394,0.11697371,0.08308572,0.32990757,0.457552,0.5794959,0.011155943,0.5363079,0.27090114,0.46944156,0.38688293,0.27479044,0.60710657,0.6606156,0.14173952,0.03986188,0.27581215,0.103083074,0.33249176,0.19493526,0.3424726,1.3627667,0.14991656,0.49656692,0.04996019,0.22035274,0.15466447,0.23869616,0.03331615,0.2855741,0.4054768,0.003695151,0.15306844,0.39347696,0.14298078,0.18354973,0.057017274,0.42601222,0.18294501,0.02412442,0.44153103,0.25614503,0.32236096,0.1928231,0.20271938,0.17231034,0.05809305,0.1209675,0.0995836,0.21755967,0.56293213,0.6250912,0.40219963,0.3463328,0.24344653,0.032355584,0.6179895,0.086206764,0.10889992,0.1795097,0.05132045,0.47152528,0.46389046,0.42047,0.20638984,0.36986324,0.19698799,0.21971801,0.11539509,0.17642903,0.120762244,0.21282993,0.79299426,0.49927348,0.06739339,0.00075016374,0.1894866,0.11874288,0.25003698,0.24713828,0.9856416,0.5692598,0.012923149,0.21103874,0.22557789,0.5787864,0.15415335,0.40092725,0.35813802,0.61609435,0.10014131,0.07207289,0.032207046,0.5642009,0.39676017,0.26302588,0.060345456,0.11598173,0.55170256,0.046522126,0.36337894,0.42908,0.055409983,0.48750842,0.39536637,0.0100697735,0.15759751,0.05066503,0.27236268,0.3436049,0.20056307,0.3608743,0.015756136,0.015218249,0.059079736,0.011771812,0.3304817,1.2281016,0.2601666,0.16780135,0.20120591,0.0746435,0.23487414,0.20549864,0.5037776,0.4571637,0.22311477,0.14898969,0.6135633,0.086015925,0.15016113,0.7467623,0.2389651,0.0027875449,0.31792432,0.19961452,0.34832126,0.27689096,0.6809737,0.24585956,0.74107623,0.72461027,0.11337328,0.039268643,0.1167621,0.2482976,0.41192225,0.0075324513,0.3156527,0.3397516,0.64702606,0.07423832,0.45616722,0.35612106,0.0033235033,1.0779555,0.19251715,0.060489986,0.1788128,0.23156507,0.24155113,0.45747632,0.7995899,0.22946014,0.24350029,0.051670313,0.18260638,0.055254422,0.060434185,0.18124132,0.5200318,0.24779002,0.04077134,0.6252732,0.055657417,0.31651133,0.22249468,0.21091178,0.22162086,0.08630191,0.26425177,0.88973856,0.53209865,0.7545243,0.07451805,0.102173015,0.059732456,0.73630375,0.18851525,0.52319026,0.24506675,0.29236495,0.024998724,0.05732521,0.21184602,0.12521003,0.35553318,0.5578995,0.52658236,0.40890515,0.2547673,0.101212524,0.046474002,0.3799864,0.26014823,0.6109915,0.08061533,0.13512576,0.46424347,0.6244445,0.5030886,0.05927137,0.37410283,0.10593462,0.124531895,0.06940779,0.23811571,0.47700357,0.4494846,0.53845125,0.19020797,0.101407275,0.17703903,0.06007027,0.042367496,0.17814334,0.099356756,0.17459412,0.4155067,0.3524711,0.34230232,0.06320669,0.43038535,0.52136874,0.13833013,0.59961706,0.32384816,0.06964509,0.17677727,0.013389429,0.5017827,0.18982553,0.18133935,0.1002025,0.24064516,0.21936473,0.011656217,0.07366089,0.06039982,0.21796829,0.86815155,0.7891246,0.12218711,0.3395199,0.076168194,0.17712083,0.40261966,0.6776488,0.1208437,0.04102982,0.5039511,0.06497481,0.16062166,0.93141526,1.0263699,0.2440862,0.4164077,0.094534345,0.13302726,0.19085845,0.33989316,0.76873815,0.23603699,0.41338685,0.17900662,0.38802508,0.39074808,0.04861054,0.009440702,0.88960207,0.8532042,0.28764528,0.07359618,0.41721892,0.9670073,0.025277836,0.017076341,0.3071504,0.6635301,0.8295144,0.47566482,0.008656746,0.69759786,0.103512034,0.28499085,0.2969526,0.035056904,0.00076613633,0.0014708987,0.16935004,0.5547956,0.17944928,0.13780758,0.12475681,0.23229536,0.8052877,0.15079735,0.27652532,0.24395621,0.30682904,0.12855092,0.2934139,0.20944247,0.002910254,0.662666,0.0026332284,0.043948174,0.29334998,0.28489125,0.5581782,0.09968756,0.49714732,0.021215726,0.16226634,0.31037647,0.29135695,0.33107787,0.13742675,0.3107717,0.17659451,0.021767754,0.0,0.0,0.15718788,0.46615994,0.10654911,0.20205563,0.23533587,0.14777109,0.10729285,0.8402991,0.37798935,0.300895,0.05323436,0.24645479,0.3392446,0.22369021,0.58041,0.3782949,0.24511203,0.05828566,0.15157874,0.23579496,0.17040059,0.10647565,0.27369654,0.011231409,0.027440963,0.323392,0.26299676,0.2896712,0.065700084,0.14389485,0.15820575,0.21306926,0.13860494,0.839486,0.26430786,0.098376274,0.75795543,0.1575951,0.060655847,0.3548416,0.18088666,0.028607622,0.10230297,0.20330209,0.11619466,0.0045675226,0.39891213,0.44320956,0.21736248,0.09114449,0.10112414,0.15529075,0.12256753,0.24069704,0.5818604,0.7312273,0.21686171,0.108947426,0.18182564,0.10595454,0.10244684,0.17159529,0.26590076,0.18333912,0.2423391,0.6330244,0.5805532,0.002148177,0.21529308,0.26315105,0.16147304,0.1062437,0.32115734,0.050387826,0.1617791,0.10198144,0.08026151,0.43659246,0.42113805,0.25171503,0.104450285,0.17034957,0.08764799,0.46734995,0.3012149,0.63261247,0.24011472,0.014976302,0.15590379,0.09583996,0.24547586,0.1562348,0.047288023,0.027523566,0.27290845,0.46098173,0.20805556,0.57575977,0.118889794,0.34176746,0.6157272,0.029407525,0.43325233,0.47141808,0.3072008,0.5313639,0.6686129,0.036939513,0.0022062424,0.40737104,0.1480099,0.05217115,0.91624475,0.58131194,0.118445605,0.113427974,0.3149638,0.41990438,0.037163965,0.76011103,1.0511594,0.53808314,0.8260609,0.14968768,0.033108667,0.107245505,0.32956395,0.620759,0.11150615,0.0016477681,0.042690296,0.39066797,0.10235602,0.08199044,0.40768307,0.13056944,0.41937387,0.045642287,0.10258655,0.12997362,0.10818474,0.11787006,0.7533208,0.91111887,0.23703611,0.4074996,0.12566756,0.2782436,0.68054557,0.53320324,0.041028265,0.9327699,0.17158335,0.2185407,0.015049169,0.5025996,0.050637797,0.37128317,0.066685066,0.13701016,0.037322264,0.008381682,0.008052365,0.941915,0.012526168,0.13079104,0.22053051,1.0696584,0.019977903,1.0585752,0.3088317,0.016542317,0.27248138,0.34230357,0.6331408,0.13182242,0.43463662,0.2203548,0.39702898,0.59388876,0.1020176,0.26819533,0.1680117,0.33568707,0.3086509,0.04426688,0.1920332,0.12632434,0.11167528,0.16488394,0.07619312,0.024016146,0.08167972,0.16229212,0.11937222,0.12347703,0.4228983,0.11507799,0.53319395,0.292938,0.38991755,0.07424149,0.18700385,0.17259291,0.046426915,0.21972723,0.54566526,0.21831778,0.30976278,0.088976525,0.084282964,0.16415259,0.1742397,0.3341771,0.65034264,0.17734078,0.3997813,0.7839587,0.1370049,0.53173596,0.32735884,0.31364387,0.051375754,0.97823155,0.48219073,0.71906406,0.25996488,0.4898404,0.8237784,0.07583955,0.044861436,1.0598785,0.024039192,0.60346615,0.4943916,0.17423677,0.66557854,0.27808678,0.27910584,0.48364636,0.6934048,0.0,0.42912152,0.07156403,0.52242804,0.10737106,0.33346552,0.23808257,0.06244755,0.89053464,0.32080948,0.44497246,0.7054248,0.0110026635,0.6612996,0.19615088,0.21259159,0.48455727,0.020072421,0.4177297,0.4707237,0.3965771,0.11584711,0.16441703,0.30020833,0.38865954,0.30992943,0.9304042,0.15032095,0.54282475,0.82827044,0.06446852,0.2493151,0.000782606,0.00870223,0.38695562,0.13583486,0.25201857,0.024893297,0.16854288,0.18249771,0.085051924,0.17083003,0.22835363,0.30822924,0.25662613,0.07462903,1.1964366,0.53943706,0.0059690643,0.57474434,0.020087514,0.34507108,0.18387192,0.6094584,0.014627333,0.19242913,0.4286512,0.15088241,0.028795637,0.18989682,0.2808872,0.42631084,0.72975034,0.33246958,0.02818789,0.13517085,0.10434112,0.06025437,0.0,0.9264262,0.50373477,1.0389745,0.56466347,0.33922866,0.111424014,0.091339484,0.5138174,0.3033089,0.49309394,0.6865408,0.12995324,0.22511849,0.1387048,0.058932234,0.7420166,0.84709287,0.19023655,0.06666973,0.23472193,0.056873806,0.076139525,0.03758659,0.118542574,0.052346714,0.40617812,0.39072308,0.4124772,0.12863287,0.1703524,0.33713445,0.97331786,0.3181556,0.22630548,0.035258647,0.07580965,0.29431218,0.14384043,0.14270861,0.27557915,0.26998407,0.08555092,0.13596481,0.5573822,0.21028233,0.24829417,0.08884144,0.35307854,0.38907754,0.11780708,0.3741756,0.40682924,0.7557939,0.2841421,0.12738264,0.6199061,0.731784,0.024932483,0.13367292,0.24293038,0.35680646,0.20213494,0.38811433,0.090611175,0.13928676,0.079330795,0.11146024,0.42412657,0.26072717,0.17382088,0.25483584,0.18854311,0.14030398,0.011499922,0.32178012,0.6841873,0.08601532,0.04231926,0.2304332,0.39257646,0.36361274,0.2703679,0.9193452,0.104749665,0.053030662,0.53289986,0.020541824,0.23051211,0.4953399,0.17269188,0.8710238,0.34051868,0.021765027,0.5482477,0.44095552,0.60400796,1.2930067,0.2692466,0.16167855,0.19860904,0.8715143,0.015346799,0.85125554,0.27701023,0.0075165355,0.06748053,0.8679218,0.5161568,0.6018677,0.7826337,0.736943,0.17175266,0.056176174,0.13826323,0.27553165,0.5957077,0.011213318,0.60876995,0.72571373,0.0,0.593031,0.27227992,0.009873402,0.1050348,0.0065906974,0.117024414,0.0,0.34717137,0.70195377,0.030154955,0.53665215,0.20693752,0.18389349,2.0058491,0.007392515,0.33920845,0.5163808,0.0061519025,2.2403803,0.8961297,1.1625015,0.0,0.007409919,0.062451474,0.13327004,0.5453192,0.14129621,0.22613904,1.0872527,0.20810685,0.33447012,0.2944551,0.5846628,0.4431215,0.47999814,0.015461978,0.4995726,0.31854397,0.2025333,1.2364612,2.3226826,1.3899935,0.4912008,0.20901728,0.34871215,0.509837,0.0293356,0.0,1.2888786,0.058101803,0.0045692534,0.5467387,0.29769415,0.3385706,0.35576254,0.13699855,0.666631,0.42804837,0.41993868,0.6109687,0.30064368,0.0,0.0006572712,0.56607556,0.69187546,0.4037531,0.17050545,0.07685048,0.30322948,0.19615473,1.1365819,0.08199974,0.51334274,0.37277517,0.12367076,0.25067574,0.63920945,1.1597066,0.28151035,0.08322703,0.11941248,0.20760398,0.41566572,0.31135324,0.006669477,1.186011,0.1960625,0.15800598,0.48525804,0.85122764,0.0,0.21082625,0.46786046,1.4700966,0.9499251,0.0,1.323372,0.2558645,0.09566161,0.10136678,0.028852725,0.06355859,0.65838766,0.3003047,0.34866288,0.5964392,0.4942499,0.31752148,0.17718336,0.14528726,0.96678805,0.13100442,0.37844852,0.2742495,0.7428223,1.0313953,0.08054207,0.2559287,0.048540644,0.12631443,2.5408378,0.37590718,0.30831674,0.5319049,0.17360213,1.8840492,0.6209437,0.67515874,0.33205268,1.098079,1.3113108,0.36077896,0.9013593,1.0068196,0.02900432,0.1693232,0.93752766,1.3501712,0.0019674776,0.70379275,0.15360855,0.36467868,1.2328069,0.6884066,0.31437546,0.09167679,0.9930961,0.582665,0.044859562,1.446739,1.4261901,0.3091282,0.44669595,0.0030971377,0.4148156,0.16068596,1.435076,0.39868373,0.11827375,0.17857984,0.28549322,0.18844624,0.049614064,0.2205221,0.796212,0.51133823,0.20950574,0.1049293,0.27099955,1.6325624,0.49770316,0.27318704,0.36116517
0.26182216,0.20381306,0.040239904,0.22795819,0.06463761,0.030012887,0.14766547,0.5616669,0.5609164,0.1987122,1.6096194,0.08748518,0.10731505,0.38848945,0.4303041,0.5910541,0.4691767,0.024997767,0.559603,0.29918218,1.6084771,0.20617932,0.15723428,0.04297668,0.37707213,0.119624734,0.12547877,1.594869,0.08762615,0.6400833,0.006783308,0.1561405,0.25118563,0.22010651,0.37539133,0.16693762,0.07131796,0.046172656,0.11934705,0.25772017,1.0554156,0.2783779,0.024603639,0.1564841,0.33319002,0.03741169,0.050896935,0.80844814,0.07564178,0.26753056,0.3204703,0.18531294,0.5483071,0.3970099,0.13062027,0.4228194,0.20762822,0.09637312,0.055897724,0.0,0.522555,0.0153353745,0.31365392,0.094497845,0.23459557,0.042843055,0.31445587,0.08605273,0.023236027,0.049187034,0.15868938,0.3931002,0.45754054,0.87430584,0.97702235,0.22432768,0.8237443,0.516649,0.13128597,0.0874531,0.06662564,0.07334313,0.1353702,0.20521736,0.20867802,0.13952279,0.29834273,0.26756084,0.2718546,0.0,0.45741415,0.62675023,0.48374146,0.27188218,0.25339139,0.729475,0.021557635,0.193271,0.502649,0.57668066,0.1974131,0.032222062,0.60190046,0.26525253,0.84226495,0.13105747,0.015781162,0.039039407,0.3858806,0.26168406,0.31368268,0.013788011,0.0424605,0.09408629,0.6827504,0.19055456,0.11597858,1.3111281,0.2514927,0.07630375,0.22603548,0.7595438,0.05677928,0.1747976,0.24640039,0.28823322,0.01565135,0.01160521,0.404095,0.31152034,0.107241526,0.35187894,0.15070769,0.30347666,0.38573658,0.15289684,0.15856338,0.29805672,0.56172603,0.34953374,1.1514573,0.22466145,0.011173178,0.17139411,0.62744874,0.74613786,0.58334327,0.8056607,0.37336373,0.025132533,0.28375855,0.118895866,0.36113432,0.085888855,0.92559177,0.097053565,0.5119909,0.046983853,0.4439804,0.27389178,0.23415662,0.77137095,0.34141666,0.097348675,0.10023646,0.20056745,0.09578163,0.7983383,0.74849844,0.26577199,0.32689705,0.47694626,0.014408783,0.667115,0.12536722,0.36044037,0.64524806,0.08595954,0.1105593,0.19604217,0.5722058,0.18641758,0.10772039,0.397403,0.6541811,0.54490316,0.07553844,0.003902979,0.6791012,0.10455264,0.12684496,0.6749796,0.096447594,0.09805762,0.009056439,0.2805588,0.33171827,0.17945057,0.88088036,0.1646617,0.22053611,0.0073183114,0.593137,0.46425804,0.019112809,0.30209064,0.08584879,0.13329384,0.11936425,0.07955993,0.23450854,0.3410245,0.33601642,1.0253968,0.35804364,0.6843312,0.06774583,0.08348426,0.15116696,0.2337546,0.11363639,0.4975262,0.37557548,0.19550991,0.32296112,0.43065494,0.26724467,0.078924745,0.10696838,0.3048328,0.012460455,0.04158896,0.8597811,0.276449,0.10790954,0.06686776,0.38968462,0.16220692,0.29014257,0.17414743,0.03177788,0.033906426,0.0531823,0.15875064,0.819033,0.08482208,0.71949214,0.21709524,0.11163989,0.39215666,0.39402705,0.40511405,0.005886999,0.5435618,0.13531338,0.02692123,0.16335022,0.25822073,0.116189264,0.38135552,0.48754883,0.014103636,0.21241099,0.091992,0.21561486,0.49091303,0.26356903,0.4543941,2.014504,0.1331154,0.12168892,0.56808805,0.27488223,0.20816591,0.09991799,0.38500127,0.08760993,0.059426535,0.20298077,0.13358183,0.029302541,0.0545552,0.056908686,0.2993572,0.6851912,0.24291322,0.10487606,0.26572102,0.34068674,0.705456,0.085598186,0.2373304,0.21325622,0.028791629,0.527338,0.22827321,0.56028533,0.1693039,0.04667824,0.4881099,0.37825266,0.43454975,0.29884547,0.30468452,0.112223454,0.15506537,0.29828078,0.08870025,0.28817034,0.14043607,1.8195907,0.113408744,0.3195706,0.6036111,0.11247094,0.38924396,0.33788803,0.06975645,0.20043732,0.055040013,0.06461046,0.09323403,0.23688594,0.1383428,0.53371805,1.1474091,0.007594541,0.13235827,0.08180381,0.82252216,0.0119421175,0.27126718,0.075760014,0.05558093,0.38064033,0.36114973,0.058911726,0.73326683,0.64187336,0.04079353,0.0039282413,0.47191137,0.17282888,0.10115647,0.16844155,0.042282052,0.2301873,0.21719538,0.42666107,0.0316182,0.0027022248,0.5375255,0.24827659,0.1302892,0.044002265,0.3839897,0.26774076,0.1784628,0.6214099,0.43779027,0.14547952,0.15497121,0.08277923,0.19226547,0.27081257,0.07321139,0.6828293,0.67177236,0.20992392,0.010060108,0.27729714,0.07270145,0.15008919,0.19250858,0.13137859,0.31065005,0.2011262,0.34688064,0.18197727,0.08044393,0.27104738,0.31364053,0.18638466,0.26734415,0.18608075,0.06217069,0.045690946,1.0621147,0.3483721,0.054435007,0.12789339,0.017623447,0.12581317,0.03342525,0.8330573,0.2736061,0.0874276,0.4654742,0.20041072,0.60128534,0.13437207,0.14742851,0.036693353,0.3040201,0.47575805,0.09778349,0.42330682,0.4099182,0.028073136,0.5488126,0.36461273,0.34888437,0.34853524,0.3192983,0.26753154,0.24367692,1.0617646,0.67164874,0.35602772,0.24293812,0.6892848,0.0234982,0.065310635,0.07416774,0.15092584,0.3762324,0.049422476,0.30657375,0.25423932,1.1554452,0.07791324,0.50361425,0.49607962,0.004922178,1.2545888,0.024443325,0.28267348,0.48662663,1.7824719,0.039019734,0.5517624,0.20875409,0.0351755,0.5668281,0.90660703,0.037138104,1.1318696,0.24163276,0.012059909,0.29841197,0.107869424,0.2137106,0.3008605,0.25076097,0.8844539,0.094123386,0.4652669,0.36360937,0.5481974,0.019187212,0.09168768,0.26132405,0.7063578,0.5892632,1.1648927,0.2760902,0.04833423,0.47735515,0.08356539,0.40272254,0.17991298,0.75106,0.057423197,0.24436279,0.114997014,0.631904,0.06721654,0.03287963,0.4635405,0.515573,0.2605016,1.0284655,0.71357,0.19144943,0.1257384,0.015046528,0.34397972,0.048546538,0.07522838,1.1326308,0.12275377,0.28959882,0.212509,0.47118586,0.03770448,0.12987518,0.0760705,0.040395357,0.13922872,0.40068495,0.02376207,0.043888524,0.025810352,0.06894228,0.016417017,0.006617317,0.44951925,0.040440693,0.15904473,0.059522286,0.22528066,0.0050073145,0.009649955,0.0979075,0.12783125,0.2951222,0.3306497,0.1474217,0.08713806,0.30418283,0.06433651,0.18787505,0.035860576,0.2803873,0.14163984,0.54115796,0.013040406,0.52525365,0.0012331777,0.11404513,0.10791537,0.67158115,0.09488492,0.7056774,0.5745289,0.45261174,1.429828,0.15189868,0.27548927,0.013790471,0.47079414,0.17144677,0.1959543,0.11334026,0.4311341,0.045201525,0.75074136,0.03298617,0.17488618,0.066979274,0.32768777,0.07790822,0.0661321,0.5842472,0.58521795,0.048056394,0.54222345,0.046614587,0.02032748,0.61541224,0.49019825,1.1804471,0.17386895,0.15209453,0.3279314,0.7639881,0.019876506,1.4863101,0.44163534,0.62001616,0.05250191,0.10731676,0.2735105,0.07712197,0.63867956,0.07395062,0.05834095,0.007521844,0.07268329,0.032590307,0.0,0.078638434,0.6807108,0.26815954,0.19024704,0.06498828,0.09636125,0.087239444,0.09570469,0.3937248,0.07015347,0.2956442,0.14426045,0.12336042,0.1510938,0.054897524,0.053014345,0.13715532,0.48149234,0.174347,0.11048691,0.051238857,0.20907807,0.5781989,0.58315563,0.104959995,0.20455849,0.124800205,0.3340506,1.1504598,0.0911701,0.19077179,0.041744396,0.024609763,0.28940934,0.6820061,0.23325986,0.18678609,0.08071898,0.8837793,0.38945144,0.47187868,0.35465777,0.08887978,0.031312864,0.4038093,0.090049654,0.28032568,0.121619605,0.7207072,0.152855,0.109253466,0.05589255,0.2022011,0.3536532,0.016830213,0.15208317,0.5188574,0.07796321,0.064302206,0.40721545,0.17335263,0.53919077,0.94459265,0.48200247,0.471435,0.22578767,0.06801976,0.1305603,0.071875155,0.16049808,0.20727699,0.2273419,0.08799012,0.08660835,0.010812163,0.98376334,0.4653419,0.028058358,0.02144768,0.36410385,0.13116823,0.25371164,0.08517175,0.15337786,0.31059077,0.21819314,0.08231023,1.7050071,0.31543976,0.3028295,0.27241904,0.24277705,0.010964885,0.1085684,0.38554126,0.4489503,0.39629197,0.06359899,0.59014153,0.45682943,0.13462624,0.02237365,0.023388742,1.1175923,0.23997924,0.017067762,0.066902526,0.12978041,0.26422465,0.49261868,0.08245556,0.39283767,0.589022,0.18121225,0.1781153,0.10334477,0.2603507,0.17043275,0.024146678,0.5486002,0.32166106,0.042029448,0.010484375,0.6777995,0.28641447,0.3956072,0.24881534,0.11695619,0.45008487,0.42958722,0.37162527,0.05625678,0.040414702,0.37428993,0.8105855,0.28004315,0.14616042,0.6977839,0.34775233,0.5296571,0.16525559,0.03230234,0.18691704,1.4040753,0.23256162,1.074619,0.14255574,0.1556612,0.05082774,0.8845673,1.0007728,0.36044556,1.2863542,0.17281659,0.07958971,0.5405884,0.6452064,0.0138469655,0.025291547,0.26414168,0.021422941,0.20585704,0.8132524,0.064147025,0.27445796,0.43431836,0.59939945,0.18928957,0.9310933,0.017755799,0.1331017,0.026385497,0.08995727,0.04001691,0.62075657,0.63934463,0.048330862,0.23126706,0.29975307,0.033638768,0.44779295,0.003834781,0.09509244,0.18420883,0.16369586,0.55578196,0.57714176,0.073593915,0.6619462,0.02557945,0.23947874,0.09022715,0.47047323,0.39570367,0.00466102,0.2756116,1.2760204,0.05351665,0.6944844,0.37946862,0.74212193,0.2820375,0.07301995,0.25507444,0.5047008,0.39262503,0.2094587,0.09580769,0.4983678,0.21053982,0.46569097,0.6758894,0.029187161,0.64524716,0.14667794,0.63331676,0.16556673,0.15519328,0.27039438,0.1815547,0.089144185,0.6781391,0.085295714,0.5245265,0.6953871,0.36197296,0.23236372,0.20557354,0.37646168,0.26662642,0.07068534,0.03177055,0.029128928,0.2080957,0.1553292,0.96424973,0.12066474,0.12342329,0.5361774,0.1384919,0.013402915,0.84423226,0.37398493,0.10483973,0.4437339,0.19372973,0.0578752,1.0391425,0.11902201,0.64116114,0.2473563,0.13108009,0.069518805,0.41037512,0.3194481,0.99582607,0.62302065,0.15560675,0.34996688,0.22141127,0.2880597,0.028996171,0.08081912,0.62141794,0.5212115,0.44790497,0.0420854,0.05977819,0.038545683,0.6060807,0.25117555,0.36692485,0.38540405,0.26717177,0.03218352,0.4827912,0.94176936,0.23010673,0.08528738,0.049066354,0.3861487,0.3963016,0.15666415,0.53720486,0.2638749,0.22947195,0.04053826,0.104850434,0.98116153,0.31655568,0.92470235,0.96639144,0.5180714,0.27116945,0.9961451,0.08327023,0.24810289,0.092750475,0.16747764,0.056961376,1.2424009,0.3023153,0.9423326,0.3884331,0.6716136,0.052346632,0.31018925,0.37143916,0.6400146,0.9683176,0.6730046,0.09396576,0.05157026,0.28682572,0.2130813,0.5026807,0.070295945,0.05029142,0.3951961,0.10108782,0.049967907,0.93995196,0.12996446,0.16682413,0.21446092,0.54992706,0.19454256,0.30317914,0.10092968,0.16053438,0.28944236,1.0472965,0.48540658,0.7998703,0.09062628,0.83081484,0.020752206,0.2381826,0.055171296,0.29878956,0.9711933,0.026338618,0.08639853,0.06515155,0.10992846,0.95053023,0.10611211,0.4636347,0.1053605,0.045866944,0.0025510765,1.448428,0.17617992,0.032503024,0.5239972,0.33555079,0.42708778,0.13077575,0.3370691,0.10151705,0.2121331,0.77621377,0.4264655,0.10879848,0.26299965,0.6964071,0.021020249,0.566026,0.017357651,0.83929235,0.12896831,0.15585807,0.21483314,0.089656785,0.053844616,0.105898306,0.5894346,0.1314899,0.19488522,0.023435105,0.3642001,0.70324945,0.032424964,0.27825516,0.28747106,0.9392711,0.11163916,0.04223021,0.1406211,0.4810965,0.30900484,0.2807816,0.068675086,0.6506771,0.7807072,0.09464803,0.27355433,0.33441377,0.9647736,0.2461039,0.63279355,0.6343199,0.4208414,0.66264516,0.28370988,0.0966323,0.033716276,0.5007029,0.09004173,0.010757199,0.127842,0.1674164,1.2552786,0.28564283,0.32988548,0.27523398,0.18483195,0.29823077,0.23670328,0.268701,0.34528118,0.3279426,0.93440294,0.072014615,0.30516997,0.248344,0.30512625,0.2007401,0.8564147,0.37135664,0.49849376,0.07436786,0.15726545,0.3836311,0.544083,0.031845808,0.8803921,0.55218667,0.06719771,0.28948653,0.5696382,0.022205653,0.26264414,0.03609144,0.11809272,0.51306427,0.05359681,0.48095155,0.017387927,0.43777227,0.42571527,0.75779706,0.04456184,0.009593647,0.4321751,0.08295011,0.517226,0.081386596,0.4626009,0.19442046,0.22695468,0.28990412,0.024258003,1.2272604,0.52263355,0.13121197,0.2892695,0.23827174,0.17120907,0.57494766,0.1784752,0.6287311,0.17875838,0.7542778,0.09212171,0.5315808,0.1839475,0.11903964,0.069387704,0.17302708,0.3760312,0.03907065,0.25166684,0.116022244,0.21064529,0.41983122,0.018500805,0.2986791,0.2342259,0.10092908,0.25231087,0.35702774,0.15813088,0.7591611,0.085384324,0.3840862,0.15021154,0.8408749,0.13402805,0.3919425,0.010465103,0.49624848,0.116937,0.273343,0.15318477,0.41380042,0.33011198,0.035547644,0.06796628,0.46932727,0.32101738,0.1370973,0.058720224,0.14148922,0.6673634,0.15306163,0.17239276,0.49605936,0.38367325,0.42453888,0.53893363,0.009721259,0.042226084,0.0148760965,0.37316924,0.1750606,0.17399803,0.08308241,0.5835771,0.20045418,0.68972075,0.7354852,0.43658888,0.11064721,0.28033394,0.75708896,0.47035336,0.075980514,0.3120001,0.87954915,0.40876547,0.63567907,0.1293388,0.56945276,0.7423638,0.00076596887,0.21016428,0.47410107,0.1325126,0.15284732,0.29796803,0.12115968,0.78137565,0.28021717,0.28311175,0.20495445,0.3171671,0.11133537,0.40119243,0.11005218,0.44506115,0.7407836,0.07987501,0.45422232,0.58051074,0.20417523,0.20103575,0.24252805,0.16832277,0.41453284,0.07251747,0.23056859,0.29611716,0.22447412,0.35424483,0.15069397,0.030691624,0.2373966,0.63054454,0.009500101,0.09773894,0.5181573,0.07092176,0.374331,0.07171165,0.037563875,1.0786661,0.27918085,0.013976771,0.07637739,0.57573044,0.59037095,0.60858154,0.23915055,0.85794055,0.6122768,1.3392587,0.051917963,0.00034803926,0.0032816282,0.42884445,0.3329739,0.20518602,1.3596795,0.34122175,0.20201553,0.013554731,0.03809117,0.028898042,0.17720532,0.342409,0.7377095,1.4619727,0.009291749,0.13990888,0.14391147,0.699261,0.03716143,0.04799924,0.055434726,0.7478212,0.35480446,0.1454646,0.0010310914,0.48899373,0.29996067,0.27264294,0.09571399,0.016325315,0.5847356,0.026645448,0.22671066,1.1977887,0.8039071,0.08714476,0.120096445,0.2221933,0.062101305,0.20982873,0.737564,0.013642186,0.019396394,0.23063195,0.27579084,0.0,0.009608821,0.0875621,0.16706112,0.6743658,0.24067515,0.09696534,0.5339714,0.06972393,0.16981947,0.011000201,0.41842088,1.0479499,0.035763834,0.22232997,1.1839205,0.07620533,0.43295956,0.07962327,0.10352312,0.44777334,0.34412745,0.1616871,0.0012040545,0.15114841,1.3019474,0.26258677,0.690436,0.35414824,0.16584793,0.35158932,0.31642592,0.3609115,1.2251048,0.0483255,0.5825813,0.10882621,0.00030392097,0.13908157,0.5809039,0.59999806,0.0055909064,1.2048359,0.114876166,0.049190458,0.14020762,0.23853174,0.24682887,0.3517758,0.52534825,0.5769372,0.035960793,0.034300543,0.548169,0.18027252,0.15336007,0.16971955,0.101487435,0.16685681,0.07966106,0.99019057,0.21511649,0.9409522,0.4421196,0.58752275,0.24292254,0.0153307095,0.65310794,0.24563575,0.3683061,1.0373665,0.07892169,0.23473999,0.03509074,0.7429361,0.020720463,0.38512534,0.1864875,0.78663176,0.0036556676,0.13810588,0.08993361,0.103157476,0.8435309,0.2793097,0.28644985,0.5930326,0.15632825,0.0041166353,0.11591196,0.5317649,0.10799849,0.06769149,0.20330071,0.6276945,0.16558726,0.007344192,0.2399889,0.42185742,0.9296038,0.013884835,0.15064834,0.213669,0.3366554,0.20296876,0.5179972,0.3995028,0.15730017,0.33566597,0.58582854,0.2934075,0.049233373,0.37554407,0.09615204,0.07447191,0.09509479,0.22284684,0.17515007,0.07144188,0.3490409,0.7763431,0.039391536,0.66542923,0.16359743,0.38439754,0.11151102,0.10156607,0.8247105,0.52784556,0.6806102,0.00038704945,0.25116912,0.43375248,0.13032782,0.20111464,0.15151381,0.051770996,0.45210922,0.9527881,0.116750225,0.21811585,0.20324843,0.2751381,0.57526207,0.5576483,0.16497625,0.1937792,0.040676378,0.19005701,0.3521695,0.26772243,1.9669647,0.058247972,0.274521,0.0769311,0.23879147,0.3644948,0.22757798,0.47023803,0.12748483,0.34080482,0.15331835,0.11441356,0.20322986,0.17809929,0.030086156,1.203913,0.81609553,0.45118344,0.25718006,0.4139169,1.230274,0.098461956,0.0,0.8280716,0.4618919,0.31565577,0.32068154,0.094144516,1.1912984,0.02434595,0.13083248,0.8365799,0.40686446,0.018129416,0.03222099,0.1329751,0.7012594,0.6653116,0.08192582,0.010416243,0.21765777,0.57515717,0.07546001,0.24106015,0.0011697966,0.2306395,0.027690094,0.2154128,0.07633631,0.0,0.18896091,0.14255282,0.07070231,0.550935,0.19831023,0.23029345,0.105929576,0.11884814,0.06076836,0.15195984,0.33564273,0.058205582,0.9319156,0.14267904,0.21203804,0.7356008,0.28197932,0.00061300426,0.0,0.022193214,0.60252446,0.17158495,0.14038292,0.41098806,0.122620724,0.027464004,0.40756732,0.5380557,0.34197602,0.1444478,0.9060285,0.1787838,0.04536457,0.48237854,1.7500104,0.48495942,0.081489734,0.3363979,0.02920751,0.23428579,0.0,0.22857153,0.0,0.07810125,0.557775,0.26268858,0.34072143,0.050908927,0.21053423,0.20440453,0.5484057,0.2888534,0.6110982,0.16634804,0.014793314,0.3045211,0.39679024,0.050990716,0.194618,0.38846275,0.36191612,0.08569752,0.40291417,0.35289133,0.122877926,0.55966556,0.85699815,0.81335425,0.0,0.43668017,0.10169317,0.001059362,0.2745474,0.60104585,0.7678021,0.1464448,0.035165336,0.40874743,0.55315053,0.0212823,0.40172583,0.2581927,0.38692823,0.41266283,0.30888212,0.98618054,0.2602488,0.29429,0.36516127,0.31416065,0.07424125,0.6780498,0.23997945,0.081099294,0.035802666,0.27244514,0.46329924,0.09835358,0.26400015,0.030673306,0.13147838,0.12516916,0.53674704,0.07553078,0.13668862,0.12452717,0.16083911,0.08636807,0.43659908,0.32363302,0.036689155,0.27854997,0.26031983,0.6121469,0.69660795,0.21147653,0.7308023,0.036464665,0.259449,0.12830567,0.4231338,0.499268,0.6706279,0.5491498,0.37499928,0.23059525,0.045500096,0.0059409905,0.33520168,0.15248908,0.038184542,0.3644551,0.38188297,0.092361316,0.24000686,0.20263585,0.48395735,0.16798158,0.21175143,0.31206307,0.33172593,0.7247826,0.21227778,0.57063776,0.5644151,0.33344436,0.31069517,0.02393281,0.019313758,0.09340471,0.079491645,0.5211312,0.059647486,1.0273347,0.0019966802,0.3034877,0.06495632,0.060072422,0.0,0.22883603,0.26964542,0.36285326,1.3002281,0.48912245,0.26135206,0.007728729,0.5255864,0.51952314,0.17593318,0.06350159,1.0983927,0.112515345,0.39328045,0.6712144,0.23335838,0.0,0.061385434,0.24219076,0.020579182,0.40241253,0.00052217353,0.8058343,0.84414655,0.013343553,0.48026145,0.15488476,0.49761075,0.11003268,0.58083546,0.15002194,0.01845408,0.48676452,0.035127755,0.88928413,0.2998476,0.4638854,0.3883167,0.64128715,0.3474526,0.44360656,0.07956154,0.24944204,0.668857,0.03699263,0.16080639,0.63934636,0.022056317,0.19147894,0.5361635,0.40181106,0.19035792,0.09179743,0.06833633,0.16258441,0.34456888,0.71711034,0.5387294,0.4041291,0.38255197,0.21972084,0.3090605,0.044811055,0.18677488,0.114820965,0.15562315,0.76302075,0.3980934,0.054480024,0.14507602,0.0069414675,0.27894193,0.013537367,0.21648996,0.51219696,0.5018841,0.21105124,0.3737131,0.25887424,0.5185491,0.35847163,0.0022594437,0.018877579,1.9232129,0.6309731,0.066475205,0.117091194,0.3597917,1.0730736,0.13823146,0.041940868,0.5713006,0.106073424,0.4835438,0.67046845,0.07152043,0.92863894,0.07982252,0.17940974,0.03663686,1.3951008,0.17690682,0.745331,0.1017942,0.23710588,0.25261527,0.24718517,0.49174744,0.26054466,0.4136201,0.23496315,0.6931526,0.2570433,0.097245395,0.6412452,0.046147157,0.77771485,0.6474859,0.11990194,0.0,0.32836086,0.0,0.6909841,0.7619251,0.0016689361,0.60772496,0.47009838,0.6215931,0.0629092,0.46757746,0.63034075,0.26997867,0.86157906,0.009385658,0.25733316,0.33105284,0.08536422,0.57452524,0.07071998,0.051876187,0.32435513,0.19442023,0.26886648,0.35493183,0.28820282,0.22487691,0.77852684,0.47499081,1.0107305,0.0012698979,1.2113478,0.359101,0.22550748,0.36438683,0.39440292,0.2774788,0.017832704,0.062074,0.14981851,0.29563117,0.14224674,0.37712857,0.18987715,1.325556,0.011564923,0.16517398,0.015086565,0.3980722,0.12596434,0.019587377,1.1192042,0.0018134644,0.6426587,0.3706748,0.6832217,0.1500766,0.04678452,0.5088292,0.20512487,0.91860086,0.91983914,0.084025234,0.97805023,0.058042776,0.013192676,1.5704372,1.1652547,0.14171827,0.119765885,0.26909474,0.050335053,0.013218601,0.084136784,0.27535415,0.15469007,0.3158363,0.45109925,0.060793094,0.03945651,0.0,0.5146097,0.48787346,0.024498435,0.04498986,0.002076843,0.264453,0.093934074,0.12448525,0.04537427,0.15251625,0.1752954,0.1373523,0.004259797,0.68784654,0.05932177,0.16965951,0.15067607,0.33929473,0.2618971,0.06121262,0.51641774,0.3286917,0.12294191,0.20287755,0.22848095,0.9648832,0.21562263,0.062254682,0.22834723,0.19945063,0.076185144,0.21011552,0.5381562,0.025949549,0.09877164,0.13784155,0.8724254,0.45183837,0.10168585,0.0632924,0.12757626,0.16501781,0.043054678,0.041768312,0.5064751,0.30219924,0.33930075,0.004835306,0.06894535,0.21574774,0.24334617,0.1145395,0.1708897,0.11542263,0.02657328,0.8986405,0.13887717,0.039937418,0.9116771,0.13754314,0.31855148,0.4580162,0.1434603,0.3280908,0.40191925,0.061705083,1.6523265,0.28879148,0.012829575,0.39838946,0.6285928,0.005353271,0.5991647,0.474183,0.0035699517,0.0,0.33552396,0.5317894,0.258502,1.1854926,0.60810864,0.06791069,0.0056717526,0.04159753,0.047439307,0.13150364,0.152989,0.33605558,0.40303528,0.0046493667,0.3946458,0.19382071,0.038722385,0.04695282,0.090470836,0.115158506,0.0,0.35209727,0.61477894,0.032721516,0.23684995,0.089482784,0.31980598,1.4739616,0.063160546,0.03717912,0.45724267,0.03200826,1.1436869,0.7254262,0.86053205,0.0,0.2480585,0.4470852,0.17464513,0.48935074,0.7380415,0.012627916,1.0231316,0.114974454,0.24909543,0.24507141,0.23579586,0.79549515,0.4599672,0.3462488,0.087807074,0.70817435,0.30623308,0.82413006,1.8445052,1.1578492,0.56446016,0.6530279,0.22123641,0.07333237,0.7032889,0.03858532,1.2715788,0.0033288258,0.0012745922,0.32793397,0.09379557,0.47063905,0.87351173,0.018124921,0.24871433,0.33751187,0.043809786,0.47401217,0.30286777,0.124982625,0.009750569,0.6277273,0.84001434,0.9005878,0.5615875,0.018880162,0.24578309,0.25802886,0.99659896,0.0,0.4872647,0.4038566,0.30293125,0.26134014,0.34398115,1.24034,0.09012915,0.23315835,0.42599866,0.4442443,0.07811108,0.23155136,0.06502554,0.9309133,0.11274095,0.16226122,0.07202205,0.5639517,0.012515004,0.50058424,0.5945842,0.8582277,0.7323842,0.0021408729,0.98634017,0.051121626,0.15365055,0.12520938,0.13439016,0.07196133,0.8530104,0.2685199,0.28943983,0.57848674,0.2242996,0.22906522,0.5709806,0.19203997,0.68131876,0.31110436,0.51552033,0.23375191,1.0301201,0.4576314,0.027406042,0.06508756,0.019537788,0.0677243,2.7961562,0.20369616,0.10327666,0.26353747,0.12406979,1.6861546,0.522593,0.87618977,0.5038651,0.26497978,1.1988587,0.8846125,0.8561001,0.5915508,0.05550351,0.25172856,1.0929115,0.8051497,0.018064685,0.29485792,0.14226334,0.47325224,0.5672959,0.8375003,0.11285418,0.05497675,0.60120314,0.26758868,0.21050054,1.2124026,1.1447132,0.09716997,0.57807505,0.0036188718,0.5428192,0.21671331,1.6279247,0.419603,0.26412576,0.07344948,0.34661007,0.060804956,0.0,0.9295071,0.9350379,0.67299676,0.23431186,0.07719262,0.036410406,0.78118896,0.04403142,0.091561005,0.23069811
0.20459451,0.12750387,0.034553617,0.22892767,0.09114756,0.1036352,0.3131828,0.64533484,0.35351652,0.34225333,1.2539573,0.080350265,0.18340097,0.50663793,0.38042408,0.24310574,0.2196955,0.01685228,0.6122246,0.55360126,1.2985868,0.243904,0.2007675,0.048624065,0.5720646,0.0021578744,0.5492984,0.99516535,0.29461372,0.7162262,0.02484762,0.12000906,0.1804156,0.27750894,0.29552338,0.25464183,0.066675596,0.100821696,0.27144372,0.046144217,1.051074,0.32107854,0.0077952635,0.14658476,0.77740663,0.027967503,0.080798075,0.84823096,0.18078883,0.28722042,0.1556341,0.3236524,0.7008875,0.42735207,0.16453514,0.5140481,0.11832417,0.22932684,0.19658394,0.077948675,0.29886073,0.01212525,0.051210925,0.16936952,0.26688284,0.034056373,0.5750476,0.05399205,0.07252145,0.021938056,0.107264005,0.33128256,0.16060701,0.79393315,0.62699217,0.18156888,0.8728719,0.22521299,0.30046293,0.21184137,0.19587502,0.16079554,0.21651766,0.17750941,0.20027053,0.08728627,0.42547536,0.32408452,0.077208064,0.0050922716,0.37483174,0.4924947,0.17563549,0.52185977,0.58717585,0.24304911,0.037581168,0.01507069,0.45233044,0.4790962,0.0722535,0.11334676,0.5430434,0.19316195,0.86967766,0.15760177,0.12582888,0.05552024,0.0622114,0.28109342,0.16348252,0.010004642,0.07996537,0.22668855,0.8739654,0.306638,0.19499268,0.9599806,0.21055247,0.12998913,0.34035504,0.81441206,0.17895788,0.13542376,0.35430583,0.26531172,0.017764118,0.027329467,0.25994164,0.42888993,0.18917824,0.23158045,0.060288947,0.3004254,0.17578822,0.179091,0.3092199,0.6063708,0.5834729,0.5734862,1.5949068,0.27535492,0.014667882,0.29586798,0.58461154,0.64560544,0.706131,0.87046134,0.4749455,0.008947823,0.39610803,0.21556318,0.24025595,0.07691474,0.7516915,0.10157397,0.73596007,0.16980049,0.5595919,0.44873667,0.46614644,0.6447099,0.2698266,0.11500627,0.04793988,0.21022007,0.009421417,0.6793635,0.7329111,0.66871226,0.4141348,0.6425013,0.00011863179,0.74992406,0.084443636,0.4880483,0.6017046,0.13806698,0.11985187,0.18964607,0.6930119,0.26791722,0.14149228,0.4377085,0.28352603,0.29241925,0.06897179,0.035235938,0.86220324,0.30195373,0.07911191,0.5741029,0.046156727,0.24850899,0.024689995,0.37582225,0.27160814,0.12665124,0.8796935,0.0949355,0.34627742,0.052922808,0.6998619,0.54196215,0.07218503,0.15648693,0.049606137,0.14427678,0.20431782,0.11420182,0.25511223,0.23729506,0.23732,1.1762207,0.24413556,0.6696289,0.08725075,0.046859182,0.36964118,0.2516536,0.24051107,0.60045755,0.5767791,0.43161398,0.21510789,0.49762496,0.08481114,0.0522985,0.13236307,0.56290114,0.0052511473,0.13876703,0.8591075,0.20768198,0.123044364,0.12752147,0.28721356,0.08704007,0.27140722,0.10498914,0.06413759,0.0317709,0.06700615,0.28566465,0.68858534,0.013305531,1.0464282,0.3183657,0.22212362,0.25352338,0.18980776,0.42660984,0.0,0.69142646,0.22223788,0.11399632,0.09742778,0.2475526,0.22127642,0.3356314,0.23265007,0.00641476,0.34708366,0.1629926,0.32749665,0.4503919,0.43029636,0.2616637,1.8426206,0.13415852,0.17405862,0.55349135,0.3152309,0.19263929,0.042845022,0.67569035,0.1853692,0.24865705,0.07568411,0.16966236,0.03278699,0.07377869,0.011801408,0.35582027,1.0540904,0.08238684,0.3202874,0.27009633,0.25751504,0.96028006,0.012365112,0.28565392,0.40164143,0.10752246,0.20586362,0.3318919,0.94301915,0.42548028,0.12092779,0.3927541,0.51153415,0.5708052,0.22257608,0.24403176,0.014516709,0.24437052,0.24873245,0.4484201,0.2043761,0.2211024,2.1594913,0.22069027,0.38329697,0.7026857,0.15420821,0.1612418,0.19714494,0.10907445,0.32937256,0.1345293,0.037062578,0.0027190007,0.36756235,0.1443036,0.6301768,1.068641,0.04751046,0.2730953,0.23870204,0.2340345,0.0,0.22652043,0.04588309,0.0029484262,1.0867531,0.367656,0.19130546,0.0026755133,0.3233666,0.03983104,0.002126509,0.21441896,0.10859169,0.2406485,0.19769657,0.123195976,0.13502632,0.21709566,0.44701517,0.00419549,0.0434723,0.17976652,0.1836611,0.44043574,0.0063903225,0.35642558,0.32711202,0.054256078,0.28931236,0.27680272,0.19075853,0.015486251,0.02588637,0.01676375,0.33088562,0.10205838,0.033901073,0.4985644,0.34220427,0.25948954,0.1630168,0.3805643,0.19304721,0.20110852,0.2699969,0.55305296,0.07716388,0.05110357,0.31813955,0.07500781,0.1265619,0.51021695,0.019716237,0.029059399,0.2850468,0.06855941,0.097987995,0.4580766,0.23328279,0.01586556,0.01954144,0.09888473,0.25518513,0.007602104,1.086325,0.2796561,0.08928862,0.306211,0.17859522,1.3020575,0.5101834,0.20684668,0.025475953,0.25526053,0.30735365,0.17870152,0.15449554,0.38681918,0.039687093,0.17409302,0.3522977,0.19287242,0.5652573,0.2434975,0.114012584,0.26854903,0.70495796,0.11692088,0.86954844,0.37125784,0.3025242,0.047296956,0.06520996,0.07301076,0.11273937,0.49136147,0.060350683,0.32812855,0.45239574,0.2593703,0.08836156,0.7323295,0.29926425,0.0,1.6587074,0.12748307,0.34715724,0.34650612,2.1336346,0.10410387,1.7139995,0.23381765,0.091242746,0.38315606,0.14150926,0.04280208,0.33374918,0.11117864,0.060752895,0.2149047,0.18435651,0.48963037,0.15661125,0.26884234,0.49285215,0.10692781,0.019472294,0.14684302,0.2725862,0.009949854,0.018107403,0.4669729,1.0765882,0.32411468,1.0016434,0.0699493,0.0031400367,0.36912858,0.09532818,0.21664405,0.0754291,0.51945555,0.028619854,0.042116072,0.17848898,1.4423431,0.21528786,0.018015428,0.06493696,0.08628885,0.34672642,1.267142,0.0048010354,0.06893772,0.2602368,0.012356592,0.15544277,0.008775211,0.1784469,1.0555022,0.19294426,0.5032512,0.20184836,0.455252,0.025804333,0.021674002,0.035995394,0.006672911,0.23509963,1.0857785,0.036560103,0.06443425,0.08041177,0.13352732,0.14332446,0.0,0.6167041,0.07722174,0.031440258,0.53782755,0.14752407,0.021310948,0.031053882,0.037028972,0.18801022,0.08975108,0.23945798,0.21629706,0.3675629,0.18248576,0.052165195,0.13082907,0.06447215,0.23937073,0.06584657,0.43413267,0.025208576,0.2494744,0.1280518,0.11516302,0.01747302,0.64457965,0.08527438,0.52035904,0.5064681,1.0316615,0.512174,0.28640085,0.41421145,0.0013268774,0.5660771,0.5851606,0.14112729,0.27608266,0.6963502,0.006496664,0.14134476,0.046296682,0.19335294,0.15752132,0.1850164,0.037591048,0.18608001,0.22198057,0.62840927,0.10197185,0.79277337,0.047087662,0.04736611,1.5039074,0.71011484,0.5793463,0.44424704,0.18087289,0.7072774,1.5411811,0.015959345,1.0711097,0.15265426,0.20156288,0.13848746,0.5136968,0.11198945,0.1560259,0.90200746,0.28783542,0.05744874,0.046132147,0.14869516,0.050988052,0.046428613,0.07476737,0.36472648,0.2051979,0.02856724,0.124471724,0.09302844,0.13733715,0.17225772,0.33113897,0.0051301653,0.10920167,0.2396909,0.060592905,0.31491673,0.08488116,0.356699,0.14327797,0.32497454,0.1230496,0.043840718,0.087831005,0.15785472,0.20520988,0.22179812,0.08529386,0.970412,0.37182844,0.11043433,1.5095146,0.029286176,0.20609957,0.04948617,0.11826929,0.27935603,0.5123522,0.45544103,0.14655942,0.13044587,0.28315002,0.35831422,0.3842301,0.15595308,0.38606313,0.012752758,0.6908258,0.15104929,0.020721287,0.02564586,0.2085198,0.27924588,0.44659358,0.075204074,0.04779545,0.27292198,0.08336007,0.25079253,1.102054,0.06126611,0.012719857,0.13699642,0.079322785,0.56408757,0.40171877,0.2783234,0.31504828,0.06979481,0.094113916,0.24430759,0.20121178,0.17127305,0.16742304,0.18796048,0.014373591,0.026992518,0.056666475,0.46442837,0.75696874,0.020782309,0.100463174,0.6302657,0.04839708,0.47982377,0.10205441,0.0599652,0.31908578,0.30266434,0.012189603,1.3039114,0.3096795,0.03666321,0.13532266,0.27838245,0.3760429,0.16157117,0.25887057,0.8568319,0.343548,0.35657164,0.062062137,1.598594,0.03337452,0.17315811,0.3523245,0.4453589,0.088330984,0.05546256,0.043035686,0.068533786,0.15237632,0.2858779,0.1373278,0.31723824,0.3081172,0.037928067,0.17689055,0.048671048,0.089652784,0.21218108,0.08485107,0.545215,0.5294888,0.0715373,0.017209439,1.0967064,0.047650866,0.14962986,0.28312373,0.012673505,0.6387484,0.28833455,0.8594089,0.0881063,0.17310023,0.4774137,0.7292928,0.1356658,0.09270817,0.32139742,0.77999854,0.50585145,0.12801546,0.059409216,0.030024633,2.3975482,0.2389257,1.1025739,0.06196765,0.25035274,0.07893926,1.508045,0.5001305,0.56562483,0.42427644,0.13675904,0.13013285,0.8243002,0.17206687,0.012840176,0.16070105,0.12906983,0.024972852,0.372062,0.8610126,0.19243139,0.12535848,0.72105217,0.40481207,0.18751791,0.6484189,0.007682645,0.38036335,0.04552625,0.26302555,0.019559154,1.1440268,0.25155228,0.05299084,0.18493144,0.40741426,0.100658834,0.4048168,0.05981583,0.09332834,0.050483394,0.1318005,0.48142046,0.4854377,0.03160265,1.3169534,0.2851379,0.20342588,0.06331757,0.19951245,0.09551015,0.1307258,0.15427594,1.2783339,0.09830837,0.8482981,0.5256754,0.7663138,0.65941787,0.1556493,0.22379766,0.26065165,0.7406341,0.4598316,0.062485464,0.88338614,0.15057895,0.16778906,0.83613765,0.062756635,0.3335496,0.24363276,1.3440332,0.22015458,0.2737893,0.29197717,0.21932124,0.12046221,0.33350974,0.060879715,0.3618614,0.37473026,0.7699233,0.41443467,0.0039158785,0.8539426,0.19549465,0.11967544,0.26690966,0.05548474,0.0674053,0.37766987,0.93531287,0.14908457,0.15919012,0.4472006,0.17452087,0.027293302,0.38085908,0.18387944,0.0048054326,0.37231395,0.32512888,0.03276309,0.72425777,0.08711195,0.9707633,0.35995913,0.10975238,0.17608514,0.060640432,0.42578995,0.7573352,0.7581994,0.06732138,0.552678,0.18278518,0.3460566,0.02466867,0.008960512,1.278806,0.95480496,0.224738,0.0058068186,0.16769034,0.047146402,0.6465359,0.116364986,0.5524694,0.22370027,0.22299728,0.008097409,0.33459598,0.5127665,0.54198015,0.09037247,0.086356916,0.83629566,0.28325373,0.12381456,0.025673028,0.27067423,0.14701639,0.040592235,0.088351615,0.14529821,0.24276812,0.3299668,0.24099052,0.044890314,0.03398502,1.3158922,0.039229512,0.39339688,0.13725758,0.49863368,0.1526823,0.8230423,0.2829504,0.56067646,0.07763656,0.24386302,0.013535654,0.13978964,0.2267699,0.61103445,0.39376056,0.477275,0.037262943,0.3767321,0.24455276,0.21459256,0.75949013,0.052231178,0.13599345,0.21167009,0.19681042,0.14371248,1.4930308,0.1991987,0.09236907,0.16411501,0.49784338,0.11500895,0.21037328,0.07937948,0.10952218,0.36696452,0.6810196,0.16013423,0.69218946,0.040374707,0.23986222,0.07933146,0.14369127,0.030919325,0.37509397,0.46691626,0.09155905,0.17397153,0.25797647,0.043536343,0.09794873,0.0029368163,0.44367325,0.17013407,0.02327989,0.0347733,2.3760076,0.083707996,0.22686857,0.24930826,0.49509758,0.101022065,0.18924364,0.06326607,0.33760008,0.3609587,0.84241784,0.07721648,0.1545999,0.1504029,0.43184295,0.16870932,0.45583883,0.17984092,0.08442765,0.45933425,0.1426626,0.12795034,0.021180542,0.14723891,0.27184623,0.48503983,0.05472938,0.5842342,0.22917397,0.03695445,0.31671187,0.15865065,0.07527094,0.18944009,0.71352804,0.30339894,0.016342785,0.09518349,0.15862611,0.54998124,0.30580533,0.040340945,0.116462365,0.045485888,0.36708212,0.21202424,0.109810024,1.5773444,0.029284533,0.66613567,0.48943368,0.43020028,0.12073551,0.12327484,0.1119172,0.07000659,0.45265004,0.010165818,0.03540319,0.83633053,0.07544671,0.45442134,0.03776689,0.6601088,0.3141121,0.03922887,0.41065252,0.652588,0.5299759,0.4751838,0.22978303,0.95986396,0.02505269,0.107036546,0.1891151,0.2331819,0.20405237,0.56133807,0.060159527,0.31126723,0.06821421,0.131465,0.08472332,0.065909356,0.0043940097,0.0708213,0.168466,0.11561684,0.29208523,0.15486255,0.048820503,0.16091605,0.028747208,0.28824046,0.20220825,0.015811112,0.4288745,0.068242505,0.28842407,0.14537472,1.1534089,0.07271057,0.020176392,0.18292122,0.1563135,0.94788206,0.23381607,0.17204309,0.11987302,0.24962375,0.70103383,0.03723752,0.69750535,0.9997278,0.12015838,0.10657504,0.1277967,0.035371527,0.0686553,0.069084525,0.30710506,0.30231234,1.1554691,0.054246355,0.1404286,0.052285515,0.52122796,0.07197489,0.16949233,0.37924036,0.106522694,0.13160549,0.30060223,0.15631515,0.14932415,0.13588329,0.4893303,0.122673854,0.081946775,0.101280585,0.61149514,0.5211608,0.7523314,0.14924523,0.05594986,0.44443104,1.5538552,0.042670205,0.6026822,0.02908508,0.4027396,0.11310485,0.206773,0.0343572,0.24603169,0.5682256,0.06500054,0.22960645,0.34049827,0.3539082,0.13191119,0.4670975,0.16998869,0.57087463,0.7389051,0.020548217,0.2789552,0.6491605,0.10884123,0.9413307,0.009820072,0.19169587,0.02183022,0.5681925,0.30950606,0.12612064,0.09757617,0.18319102,0.4754094,0.5272836,0.6029507,0.33638227,0.044124395,0.07780328,0.6315031,0.4128465,0.18557271,0.19290863,0.3855433,0.30644524,0.58698833,0.29202604,0.58268154,0.61661685,0.047810707,0.33948946,0.56278497,0.22620395,0.2406472,0.37404364,0.097439006,1.1395283,0.39819095,0.2973212,0.22648163,0.27811795,0.04431756,0.59587646,0.06392741,0.56083846,0.6164808,0.042679094,0.29086626,0.581815,0.3867507,0.15165865,0.04060398,0.40862942,0.12382171,0.053218074,0.14045718,0.2567297,0.5860523,0.421655,0.18108761,0.16773458,0.80816984,0.2751177,0.06293796,0.15292457,0.57395446,0.31738606,0.5278995,0.1361714,0.09264275,0.32202575,0.29087543,0.042504877,0.071095236,0.52299833,0.27733535,0.7153741,0.2236541,0.40701386,0.41376442,0.4224262,0.13570988,0.052954778,0.029190065,0.019513063,0.3298601,0.40879163,0.9812976,0.7119986,0.25337636,0.028190237,0.2809299,0.08982247,0.32303697,0.6727649,0.9138861,0.8453344,0.15944135,0.21546525,0.46008056,0.19099967,0.011965672,0.15065913,0.48512298,0.35533148,0.55038726,0.26010692,0.005234112,0.22231534,0.28344345,0.15763454,0.3482268,0.09094638,0.5716703,0.1183698,0.27370736,0.727702,0.33654487,0.35579607,0.5004579,0.18121025,0.04788035,0.042579595,0.41628504,0.11515255,0.27467987,0.34977522,0.28128058,0.010353067,0.020240303,0.20492217,0.4823762,0.8135566,0.29975933,0.059764083,0.37883255,0.11076244,0.046975307,0.040669795,0.5994233,0.6142632,0.06606932,0.20663194,0.9499558,0.3945481,0.35355335,0.28331482,0.12353479,0.5449857,0.7123219,0.13373016,0.17915875,0.26512644,0.48431975,0.57500076,0.24201299,0.50881726,0.19066846,0.15671575,0.25270632,0.37301952,0.9308824,0.26337224,0.72680914,0.18258932,0.14617279,0.14868021,0.6636905,0.37371236,0.027336573,0.7287748,0.4092257,0.10223068,0.4474399,0.3187849,0.16527224,0.72525704,0.8063444,0.25240928,0.0063202945,0.051960908,0.2604672,0.16020294,0.4525512,0.17321295,0.33534598,0.38345253,0.07437329,0.63286996,0.032124013,0.6432192,0.4589925,0.41448212,0.26645133,0.13764401,0.40293038,0.31216487,0.3003874,0.98626226,0.03259393,0.3257236,0.035498448,0.72761387,0.29895547,0.5866767,0.1349048,0.44127864,0.06793381,0.22369057,0.3731727,0.15106483,0.4351781,0.2104568,0.31199765,0.39035434,0.25609422,0.23319536,0.10056352,0.32290316,0.43721017,0.11392523,0.12503879,0.062034972,0.45154178,0.24201894,0.34566972,0.37755442,0.3337122,0.08895537,0.1629973,0.23147494,0.37789807,0.45280498,0.5149122,0.3751975,0.21357629,0.26211622,0.3046127,0.3029516,0.12177022,0.29586926,0.19938754,0.025849381,0.3711933,0.21468821,0.26173705,0.27927417,0.5602083,0.69321287,0.08691344,0.6711644,0.29876038,0.11642848,0.23929282,0.27829018,0.47976393,0.3896183,0.49127358,0.0,0.34783727,0.28844833,0.059286274,0.07501587,0.52549475,0.22128136,0.61487085,0.70294917,0.13685066,0.51306134,0.27472854,0.1721195,0.6618207,0.61855733,0.12965305,0.46961942,0.03402078,0.16558427,0.4801863,0.39109594,1.2471346,0.050301503,0.583607,0.15172349,0.20482585,0.15153684,0.2209557,0.67768097,0.08438854,0.44818157,0.11500319,0.06723001,0.31532922,0.08113238,0.096196264,0.7648603,0.59994596,0.26946476,0.22160926,0.28088912,1.0380876,0.11097601,0.08989348,0.63215107,1.1705558,0.8188625,0.5182045,0.0006690839,0.8729286,0.25287277,0.153739,0.6085677,0.32544047,0.003899482,0.006672775,0.17069139,0.7547415,0.70778525,0.13407727,0.22417313,0.3693536,0.48164862,0.10548648,0.3397501,0.09992571,0.11775106,0.033946544,0.3822986,0.38663054,0.009826692,0.47561425,0.11718428,0.30430597,0.6749329,0.26935887,0.6214665,0.42375937,0.1806125,0.1723017,0.259493,0.48866966,0.25330395,0.60524607,0.13442884,0.50840056,0.32029486,0.33865535,0.01465101,0.03889116,0.15645984,0.58064294,0.41126615,0.40415758,0.4299907,0.28029555,0.17312539,0.90998805,0.319973,0.08034375,0.20305564,0.43325877,0.2596751,0.19852181,0.89624035,0.84535515,0.24823469,0.25670987,0.116386026,0.45807278,0.30011496,0.013769858,0.44238794,0.0023546368,0.17548023,0.5697311,0.1899524,0.31669033,0.08409884,0.07833422,0.1573695,0.14366701,0.3214935,0.6300172,0.5613172,0.1892536,0.5481074,0.23062514,0.11230749,0.28863323,0.38943464,0.062803656,0.16958693,0.31360754,0.22126111,0.1791346,0.3798702,0.83904344,0.4698258,0.069033384,0.25872555,0.17180924,0.110356495,0.24591571,0.77849936,1.1047422,0.3254792,0.09959348,0.152845,0.47066557,0.027915899,0.3694654,0.253572,0.12488639,0.2865941,0.24115528,0.8647455,0.08351004,0.092295446,0.36459726,0.39556012,0.16753224,0.8818917,0.14352371,0.26316088,0.044524044,0.26868254,0.62269574,0.31754416,0.17008966,0.0108999,0.13675216,0.34722596,0.79681313,0.07156229,0.3337769,0.5420617,0.6003518,0.094505236,0.3500843,0.31260693,0.10824122,0.11570278,0.19656363,0.6544764,0.4498945,0.21196009,0.60838974,0.023374896,0.51116204,0.41973245,0.35045463,0.50728536,0.7719535,0.44383925,0.3413596,0.5347594,0.17319977,0.03242372,0.32683653,0.29689887,0.04980914,0.51400065,0.8695432,0.06416313,0.32250223,0.25464717,0.40464205,0.11761796,0.24176995,0.69549835,0.39772236,0.3506548,0.18660213,0.05118738,0.5157374,0.25554883,0.46290478,0.101914264,0.0,0.18149066,0.1451787,0.32486594,0.010027578,0.55571663,0.0046029403,0.49468327,0.07962349,0.050002776,0.07346058,0.18897548,0.18244258,0.38321063,0.7751444,0.31138027,0.48906243,0.08334549,0.18946368,0.6958804,0.2533543,0.13135082,0.6752727,0.0964309,0.31341124,0.21481766,0.4145531,0.015270812,0.16756476,0.08052583,0.090007894,0.23880453,0.066927165,0.18344547,0.897314,0.0014137486,0.55972993,0.118875444,0.8052429,0.23794177,0.891899,0.5383364,0.005424499,0.47391438,0.09642301,1.2715682,0.037685845,0.5475978,0.46215233,0.4415396,0.34214836,0.76675916,0.19163118,0.10179998,0.10947444,0.07320793,0.14006273,0.36943385,0.28859282,0.01376068,0.4961132,0.24653742,0.20155826,0.16678368,0.45397756,0.31514007,0.29551476,0.5731286,0.16397226,0.45553222,0.30351022,0.5356544,0.1780445,0.29175442,0.124532156,0.1135403,0.11483021,0.7178842,0.4641475,0.32470423,0.05797852,0.13166401,0.14525628,0.34453407,0.527754,0.9213098,0.2211158,0.2666118,0.4412275,0.16432005,0.3859642,0.7246014,0.062232394,0.09889904,0.88493526,0.40288007,0.2472569,0.45147574,0.5310838,0.8889034,0.016249094,0.10277946,0.6828697,0.13357958,0.42938834,0.72849786,0.22295414,0.7802235,0.069778055,0.35616565,0.3475947,1.1833363,0.0686263,0.6499561,0.13137615,0.6831584,0.40095097,0.17297,0.58803236,0.0794484,0.5625013,0.39060402,0.6232599,0.3569646,0.10758919,0.7799648,0.43496674,0.22371268,0.7200208,0.0827858,0.07210775,0.4002879,0.1076144,0.37384528,0.63767296,0.25636163,0.4638654,0.49166346,0.8564724,0.13815819,0.4972934,0.20313439,0.06848414,0.17374869,0.16061836,0.12374639,0.18286426,0.38586769,0.66705453,0.09637458,0.04002728,0.4444396,0.20988984,0.15031154,0.6005026,0.3334723,0.82557875,0.23157112,0.34352344,0.88590074,0.2751915,0.69712013,0.3380227,0.22855198,0.3815022,0.6761917,0.16914582,0.033385567,0.22067454,0.06901553,0.3473904,0.2869469,0.3297541,0.17954412,0.92416346,0.00048365723,0.077267304,0.1967961,0.35921237,0.14505138,0.040092424,0.8999853,0.022696616,0.6866143,0.8589019,0.5631602,0.24410146,0.032536924,0.83359766,0.32455418,0.87510765,0.60466886,0.07368846,0.85198605,0.33989042,0.1586359,1.2358717,1.2005799,0.1675717,0.22902651,0.23683746,0.13197131,0.116898194,0.25499317,0.4852042,0.31287444,0.1630463,0.11680336,0.4064176,0.10753755,0.114185244,0.46837446,0.89796114,0.09208946,0.15522702,0.014832823,0.2179965,0.1396488,0.060840763,0.18706444,0.20843834,0.11467368,0.117128104,0.1404815,0.46404317,0.18691558,0.15256958,0.17617883,0.47032812,0.44600436,0.05769044,0.6030413,0.32729107,0.38903916,0.16114302,0.09628178,0.59016883,0.5058628,0.16486147,0.13704227,0.18671224,0.31537756,0.23670578,0.57223904,0.26825613,0.2893576,0.12407772,0.26236883,0.49273804,0.2652676,0.21041562,0.38590032,0.5132691,0.27121562,0.1421173,0.23768783,0.67909324,0.2904817,0.046501014,0.015354939,0.33699837,0.3390462,0.32548255,0.6907381,0.19279881,0.009114068,0.37328973,0.12912787,0.059355848,0.6652951,0.38658732,0.52527153,0.3057549,0.45944092,0.66966844,0.9062972,0.11735842,1.240577,0.54617333,0.36848336,0.15396638,0.76131785,0.06778325,0.66748184,0.29749447,0.022034287,0.004826272,0.30037576,0.57162386,0.37334526,0.5423018,0.5255625,0.020710997,0.0,0.088993765,0.32222062,0.58908194,0.026683407,0.36775258,0.27634043,0.005836345,0.38637817,0.15468836,0.002146849,0.14224434,0.058964536,0.09739562,0.0,0.20141965,0.5119122,0.16818179,0.3440593,0.2994826,0.25436327,1.3726447,0.0,0.042577654,0.8494865,0.05354111,1.6741195,0.6937672,0.9150281,0.0,0.084132105,0.3074278,0.38600302,0.3182253,0.6943766,0.03402438,1.2802844,0.39927477,0.18114774,0.2664871,0.3880927,0.43274033,0.5322839,0.14242537,0.1881644,0.6659132,0.13047048,0.6375938,1.9717145,1.3791721,0.22807926,0.19389829,0.05279874,0.2018387,0.18610415,0.030535147,1.0891743,0.15305632,0.051321097,0.32599476,0.16744171,0.28818807,0.59877104,0.06516705,0.14946331,0.55156165,0.07144649,0.6769172,0.25695956,0.0,0.0,0.7730738,0.72761583,0.80409956,0.787343,0.02515453,0.42450398,0.15533856,0.6877944,0.0795372,0.56933737,0.4524917,0.22755107,0.25256526,0.1535869,1.5706811,0.19161908,0.36941248,0.14655311,0.72345936,0.37932622,0.07226886,0.0020861528,1.2167623,0.2487097,0.13741446,0.36441448,0.5143628,0.0762108,0.43626177,0.41302344,1.2991164,0.9874077,0.020170659,1.0277376,0.14410612,0.19287704,0.15097345,0.035604022,0.22477391,0.8591185,0.17850833,0.2468935,0.33848718,0.49881268,0.07313753,0.19440988,0.43378782,0.86569774,0.010580669,0.43992525,0.2113602,0.7073547,0.9745611,0.07933227,0.15754443,0.04350472,0.03010354,2.292368,0.42535472,0.31099388,0.31195286,0.2219449,2.0318792,0.42796344,0.7462769,0.30027986,0.48195308,1.6445391,0.31917182,1.0921535,0.74111044,0.061699186,0.20620298,1.3053812,1.535342,0.009013686,0.45251504,0.0954376,0.6674592,1.0314279,0.60974455,0.0008866605,0.18102302,0.76396036,0.92161334,0.07890998,1.5879707,1.0369787,0.12184323,0.4104584,0.16109967,0.6440923,0.22443566,1.1690328,0.17387463,0.5123168,0.06905611,0.38956034,0.2205151,0.017106943,0.516327,0.69946086,0.7184652,0.0910528,0.20323879,0.07716052,1.325872,0.14786103,0.07939242,0.11256964
0.20112707,0.12139304,0.16090636,0.1591886,0.14628787,0.0145235825,0.34297594,0.6118894,0.3620198,0.6948916,1.4549742,0.06665173,0.25262558,0.24499598,0.6192039,0.27137497,0.18585795,0.23545794,0.7585309,0.82991046,1.368093,0.25875878,0.262204,0.030494228,0.53293324,0.036119472,0.76829374,0.8395845,0.06827724,0.5334423,0.101380445,0.18058932,0.20165001,0.17972207,0.4800408,0.31622872,0.06855021,0.19117886,0.30124763,0.07501963,0.9854896,0.4267677,0.004354837,0.055512823,0.71415514,0.031616163,0.07690906,0.5092344,0.32067668,0.32533148,0.2195501,0.2301996,0.6929145,0.33627525,0.47102064,0.65258723,0.051392354,0.17292883,0.3706025,0.024901327,0.4253087,0.014722624,0.14776337,0.084090814,0.34306756,0.03845647,0.34429824,0.0845013,0.07342778,0.116264515,0.23000312,0.14961478,0.33264816,1.0565054,0.58824456,0.21095817,0.9398203,0.49975243,0.18874463,0.2802315,0.35989502,0.04466805,0.22101009,0.3162532,0.2328321,0.120848596,0.4766243,0.44693044,0.11637543,0.0,0.6651879,0.42543727,0.13468198,0.6436008,0.77404475,0.30264252,0.026879068,0.13805129,0.31860715,0.6610529,0.16043082,0.08161701,0.3907901,0.49177092,0.7062403,0.10569771,0.06693497,0.13811328,0.16868143,0.10463404,0.081646234,0.021751232,0.11447568,0.12837866,0.76055276,0.11775592,0.23033506,0.6775336,0.1046906,0.08708285,0.46548805,0.52667767,0.2642272,0.19304281,0.3818221,0.27110314,0.015504684,0.0014271782,0.40588957,0.5437039,0.26689655,0.19160593,0.07037701,0.442599,0.14906898,0.09924874,0.30368412,0.5395707,0.34499386,0.5871755,1.1418934,0.35188735,0.07553214,0.12045458,0.5064235,0.4228708,0.4441535,0.50400066,0.5929888,0.0031236275,0.34544098,0.13820547,0.2047996,0.40035295,0.7970052,0.1370631,0.55505586,0.22850205,0.7890985,0.24128395,0.21422371,0.5780523,0.4745006,0.18287165,0.03436798,0.28302637,0.029172633,0.77065325,0.64972174,0.50588846,0.33248064,0.6148988,0.010783423,1.0094581,0.106444165,0.5964273,0.6449048,0.19838798,0.08761074,0.13776329,0.37291047,0.16628936,0.06816901,0.3558894,0.45894596,0.24967489,0.11223061,0.017340723,1.031835,0.31645817,0.032204475,0.58190006,0.020120183,0.2797054,0.11248652,0.37741247,0.11951608,0.14910473,0.74493873,0.09837371,0.3252867,0.11192471,0.6991346,0.18681276,0.023485016,0.10323046,0.12644362,0.09098078,0.50014645,0.038296405,0.24286424,0.3366978,0.28450835,1.0704451,0.2510342,0.35394275,0.20407513,0.032038756,0.5015639,0.015695116,0.27867582,0.6547215,0.7027119,0.46760008,0.08045987,0.37651116,0.4133227,0.25879747,0.2712735,0.36725855,0.0,0.16654477,0.78470534,0.14376046,0.040287383,0.113840334,0.254891,0.07436792,0.2892262,0.105885535,0.050152987,0.062387012,0.06559038,0.19346303,0.80627453,0.13895702,1.1185771,0.20160553,0.08862676,0.363666,0.20350897,0.48416296,0.035648227,1.0379899,0.33909088,0.00783802,0.16996375,0.45054558,0.23363793,0.21383874,0.2945696,0.005819684,0.37912697,0.36458978,0.20215985,0.50060487,0.2811829,0.20622021,1.5850496,0.29047364,0.18225501,0.41041997,0.49406525,0.28911334,0.072015174,0.29620814,0.083134405,0.079817526,0.03163739,0.18944465,0.10706683,0.10473713,0.020318512,0.27920988,1.4146245,0.319338,0.3601018,0.23740321,0.07532659,0.9827324,0.031215739,0.2760088,0.5180844,0.12665275,0.29560143,0.17415392,0.76942766,0.4053859,0.071659565,0.66733336,0.28121954,0.52844894,0.06627846,0.355281,0.046798777,0.25913578,0.2305321,0.14042664,0.21630746,0.19190997,1.9601994,0.23249725,0.44417202,0.6018598,0.23420587,0.08083869,0.12621455,0.025937233,0.36497837,0.11186715,0.09640083,0.046323933,0.7832029,0.043332994,1.1948798,1.099182,0.084099025,0.08408306,0.36334008,0.378722,0.005339507,0.093413174,0.0069148154,0.10120066,0.35939193,0.8382462,0.059536997,0.007189129,0.3202805,0.053526558,0.0,0.35454535,0.11840221,0.58138865,0.17808868,0.2202606,0.018899389,0.20829171,0.87311286,0.03427268,0.019937336,0.31713796,0.08894977,0.4675812,0.0029638456,0.36757982,0.27891487,0.0067723244,0.44554675,0.14105652,0.22709753,0.12584588,0.017770458,0.009180338,0.64922583,0.067043245,0.113447845,0.5518447,0.18345079,0.17865098,0.40376085,0.11851978,0.25557202,0.31581593,0.50433177,0.73673856,0.06427641,0.07746216,0.38871396,0.43319374,0.07608273,0.57895064,0.020287909,0.051500063,0.62573785,0.16521418,0.07135058,0.61748767,0.13457702,0.05974773,0.003059446,0.08787912,0.18509811,0.08118826,1.1291848,0.10694968,0.07228303,0.4419167,0.05321019,1.6441059,0.38734236,0.17283669,0.07345835,0.22826372,0.31939968,0.20077887,0.16529366,0.3491926,0.021633223,0.08706866,0.15750961,0.28675646,0.49817726,0.2775002,0.18393084,0.18409544,0.88253015,0.34298003,1.1727495,0.61188096,0.1703839,0.23490387,0.022770042,0.24830496,0.10506317,0.48639023,0.09520761,0.16689086,0.5538608,0.16809556,0.53893626,1.0293909,0.03382674,0.0037262943,1.9996021,0.1890927,0.29614538,0.25999534,2.4809117,0.051351905,1.9985188,0.14573413,0.18593267,0.3256562,0.012953244,0.089446545,0.8805619,0.17102993,0.00849916,0.29278645,0.24722281,0.27229723,0.1536285,0.027709171,0.31816453,0.159556,0.29609615,0.17961521,0.34246692,0.008214436,0.040275294,0.4254272,1.8819822,0.21023285,0.87785804,0.23972362,0.0,0.30210334,0.062837854,0.29769674,0.03770142,0.5160315,0.026421294,0.059376467,0.11288257,1.6017675,0.26096973,0.0054482557,0.70950925,0.047484986,0.6528754,1.288135,0.07147874,0.3549958,0.31665498,0.050798137,0.11587885,0.005164441,0.26280254,1.3834087,0.09031539,0.38934702,0.13878074,0.7413167,0.10276836,0.0379132,0.41665682,0.050708152,0.27144355,1.4909345,0.15502432,0.15045533,0.22733715,0.0646956,0.08085483,0.0,0.5238121,0.108351246,0.023764374,0.34869283,0.06343156,0.0052969162,0.124871016,0.04548307,0.13452964,0.17604631,0.14345607,0.023285942,0.33606577,0.16511539,0.027985737,0.20799744,0.12368985,0.3462315,0.042763036,0.58262354,0.0,0.36309832,0.21442261,0.031993452,0.06555253,0.77998555,0.25817978,0.9994093,0.5591595,1.3379226,0.6402447,0.47143134,0.26668173,0.035264865,0.17295632,0.14599222,0.6253134,0.30627784,0.752225,0.04669092,0.61771786,0.05013898,0.15831581,0.12861076,0.11561056,0.0113326935,0.19084123,0.08708267,0.74226546,0.2306514,0.9907348,0.1438729,0.037426323,2.0564666,1.0289664,0.6244505,0.36608383,0.30112326,0.47828567,2.4599855,0.05604123,1.1290121,0.19209297,0.2754932,0.10699841,0.6437658,0.1654729,0.16178812,1.3043146,0.3504569,0.09377771,0.027148,0.2905207,0.30268243,0.02260832,0.19135508,0.41654798,0.28097686,0.11838226,0.06711003,0.19681196,0.10589125,0.25373083,0.41141015,0.13654827,0.044674978,0.382231,0.010639283,0.5312891,0.14173034,0.34050158,0.18277198,0.19147827,0.07145862,0.0003757177,0.008728842,0.16884983,0.20388019,0.09877564,0.18572405,1.1845366,0.10072605,0.15752313,1.5169113,0.0,0.12108761,0.08753323,0.09129645,0.21987069,0.55225384,0.29843315,0.17422517,0.22740911,0.7746042,0.27392304,0.17185843,0.08491789,0.49563402,0.005203766,1.0259292,0.041881908,0.048574463,0.0419691,0.3186698,0.48961613,0.37355393,0.2739351,0.12629122,0.54009366,0.032669965,0.3194686,0.86352897,0.29834348,0.05169828,0.0900799,0.06891554,0.42009878,0.38964152,0.5787155,0.38502723,0.15908603,0.08210858,0.4679814,0.038480863,0.102300756,0.15977006,0.086023584,0.16428345,0.046509944,0.114084065,0.7311642,0.67976487,0.045394257,0.057289537,0.6188752,0.07879235,0.7355395,0.11852286,0.09288449,0.4592756,0.5490029,0.03168803,1.9239681,0.2545531,0.06689007,0.12064602,0.29059145,0.08786994,0.3426615,0.3993276,0.5645468,0.14129807,0.71216,0.057993583,1.5432925,0.10192568,0.10584675,0.37008938,0.09849032,0.15699676,0.0,0.08417091,0.035132144,0.1532,0.3685603,0.035273172,0.29056737,0.38077223,0.028691586,0.39863172,0.088832766,0.08819699,0.26836753,0.12335128,0.84203005,0.58017874,0.13893305,0.009587867,1.3230338,0.3628485,0.07267663,0.22667138,0.035667963,0.8029014,0.3871228,0.3767109,0.07449103,0.11692345,0.15876228,0.50228065,0.17138098,0.029076368,0.73577356,0.6832199,0.43038487,0.09882593,0.018124886,0.04898928,2.407918,0.030066814,0.9858944,0.05445674,0.22643933,0.17295903,1.7686656,0.24598715,0.12004928,0.85130024,0.09538707,0.38903427,0.7816802,0.05987888,0.009395747,0.21634403,0.04688337,0.25588244,0.30021185,0.33379483,0.26326504,0.17763701,0.582407,0.40834934,0.297167,0.38541234,0.03388932,0.30007297,0.0861846,0.2528171,0.026051514,0.9523322,0.18514077,0.028752087,0.15128243,0.36037737,0.19924784,0.42996475,0.011894146,0.28614426,0.08734627,0.23884465,0.40165704,0.44280994,0.009261895,1.618429,0.5227369,0.41653085,0.13753958,0.60847485,0.11562844,0.052062117,0.1559575,1.2461827,0.1060314,0.97966623,0.39532003,1.1715684,0.8184285,0.04287715,0.32411477,0.45612785,1.1207772,0.34416938,0.45584804,0.94733346,0.1161091,0.29899156,0.7450589,0.030594187,0.27357012,0.102590635,1.3200223,0.1759062,0.064868994,0.1473609,0.2681498,0.12605602,0.28015286,0.066733405,0.27262884,0.21056306,1.152401,0.4589364,0.14544737,0.7375665,0.30996874,0.036167454,0.10878662,0.05450809,0.026590051,0.29957184,0.59611475,0.24725437,0.321145,0.50898623,0.15068805,0.05175459,0.54875696,0.14418924,0.14266446,0.25782365,0.24894615,0.041180007,1.2001922,0.022810522,0.687813,0.62470573,0.10994218,0.107958004,0.09282037,0.5631068,1.0297539,1.3497051,0.01398229,0.41177464,0.40440828,0.25518006,0.044285268,0.00075372134,0.5841174,0.6542758,0.19546658,0.0,0.11388357,0.1184411,0.7959785,0.03655234,0.87235034,0.09962236,0.2312642,0.046424776,0.17156817,0.40441713,0.2126042,0.48164618,0.41725987,0.7963631,0.21923637,0.021021713,0.061145708,0.3592661,0.08638062,0.022709766,0.1638687,0.44881156,0.1657121,0.22797312,0.44191766,0.077822976,0.1172945,0.8438994,0.061646037,0.20959342,0.1836642,0.5859392,0.24390817,0.84702665,0.38269436,0.42450926,0.08547722,0.4052211,0.0007087571,0.04022552,0.34404212,1.4257648,0.41034722,0.20712374,0.011586271,0.23719248,0.1764864,0.21580073,0.7150887,0.03200858,0.108483784,0.17871049,0.09691465,0.058860764,1.4062722,0.44882435,0.34229472,0.19009861,0.21039556,0.15875006,0.25835946,0.0586835,0.16098472,0.62801504,1.0987914,0.025089307,0.44073388,0.037673093,0.304255,0.102876,0.25037915,0.009932144,0.76882493,0.20271868,0.08282304,0.4406641,0.24325109,0.22000697,0.37044042,0.0,0.4004108,0.19206572,0.05666375,0.05377902,2.9706497,0.044352233,0.24911562,0.54333687,0.7419884,0.05210017,0.23066893,0.23342669,0.03451518,0.22428934,0.6669879,0.07424706,0.092467144,0.18156326,0.72404265,0.2057773,0.36047128,0.18799743,0.12369766,0.75665164,0.17102304,0.09387152,0.06202153,0.05430865,0.3212096,0.5025346,0.17025612,0.75930923,0.28179532,0.13973282,0.92696697,0.2579611,0.056664813,0.28584993,1.1146948,0.43365175,0.05750531,0.04164712,0.2723487,0.40643114,0.20951064,0.0,0.0966696,0.1157743,0.2614935,0.41420797,0.15625758,2.3351855,0.008062792,0.63280123,0.68689585,0.6215771,0.090357296,0.034237325,0.1266368,0.1302467,0.10520882,0.06612449,0.08735667,1.068531,0.10716521,0.30140936,0.0360647,0.95299894,0.55240375,0.005852625,0.2543851,0.66925263,0.38126555,0.470665,0.4718372,1.1348919,0.0068872944,0.12648375,0.1920996,0.021329798,0.14349262,0.59952676,0.07301495,0.18384665,0.086378135,0.25229988,0.15334593,0.02881797,0.0114231985,0.24571157,0.016125588,0.10517895,0.26820964,0.2635386,0.013582857,0.22073978,0.034449946,0.26241428,0.1734165,0.03311916,0.4945326,0.19671518,0.11859809,0.118265405,0.55876803,0.21475348,0.07968137,0.1377659,0.20160748,1.2171726,0.46242768,0.06313736,0.043475185,0.0628342,0.7500665,0.050323136,0.93841267,1.2944839,0.15123996,0.17609999,0.077567816,0.08170142,0.4579847,0.040025793,0.2442039,0.31798476,0.40160388,0.053542838,0.14521915,0.1552888,0.6522687,0.12864614,0.13157469,0.28528675,0.11586507,0.19944678,0.38385323,0.2402341,0.13053295,0.011486228,0.74863505,0.06654751,0.02042078,0.20899095,0.76149577,0.27201754,1.077667,0.07505262,0.2604189,0.42858553,1.3958212,0.0015904752,0.51035964,0.0024161139,0.600176,0.07539351,0.105171084,0.045401543,0.22653611,0.4612185,0.16778785,0.088799365,0.13548753,0.31572428,0.2638215,0.19375992,0.068929374,0.078577414,0.20889002,0.05311559,0.13961324,0.49759844,0.3245807,0.31432262,0.0052662157,0.34857816,0.123379685,0.42673975,0.29656112,0.3498206,0.01844858,0.3093987,0.22459042,0.21588194,0.36529857,0.08940941,0.011813588,0.33777523,0.58704287,0.44958198,0.066115975,0.42197803,0.2564038,0.5890837,0.5452148,0.16762003,0.7198611,0.37292516,0.023223026,0.11702252,0.34841758,0.106436156,0.15910876,0.22071445,0.08633217,1.2139302,0.45875725,0.12170711,0.09061813,0.12979677,0.05025509,0.62961984,0.028151104,0.6819141,0.39177662,0.031646013,0.19068997,0.30625802,0.09479586,0.26052213,0.12071953,0.18515669,0.3824395,0.037170872,0.22150145,0.3029464,0.10484186,0.18844728,0.020870661,0.08465483,0.24423221,0.07398106,0.22731784,0.15569395,0.34757227,0.03101138,0.24026284,0.3689515,0.00040774106,0.18487036,0.20494169,0.03645207,0.12098579,0.13893402,0.07219752,0.5915618,0.29011795,0.16999793,0.26658094,0.74004585,0.058201753,0.11053059,0.14409861,0.118026316,0.11213283,0.24639285,0.5040555,0.41945773,0.07274174,0.06760759,0.04482291,0.06505257,0.11068453,0.4404341,0.49921668,0.56926644,0.1261312,0.049138494,0.07418485,0.5588495,0.05056398,0.16704774,0.17640348,0.57433116,0.26888585,0.026610835,0.06896594,0.32134175,0.3765322,0.035506364,0.16962986,0.012033213,0.46288157,0.006394853,0.2224189,0.75275606,0.0796777,0.20697325,0.32807827,0.10455991,0.15891951,0.056223102,0.081093736,0.109018035,0.16973725,0.6097973,0.0064391745,0.08990149,0.045533128,0.18548164,0.44168136,0.8362268,0.3788712,0.2838992,0.42202574,0.11219464,0.21968928,0.14106445,0.261383,0.26985988,0.21589483,0.09115949,0.5936172,0.23275492,0.16367395,0.25198674,0.07705247,0.20176467,0.18238664,0.050783884,0.07530607,0.13185574,0.5221644,0.33590114,0.5930346,0.24404961,0.03596717,0.074364826,0.24460796,0.12886101,0.5518373,0.13557857,0.41237342,0.123313,0.04318118,0.028805627,0.29642522,0.16083108,0.0830108,0.6502229,0.19113769,0.23599067,0.29393965,0.124105975,0.026222296,0.36324954,0.53711194,0.35044578,0.03544669,0.005846305,0.09350596,0.02231523,0.16736674,0.22740926,0.13291831,0.28186017,0.0009801602,0.40325746,0.008723883,0.45427334,0.3005923,0.1591562,0.15560067,0.025744913,0.44201156,0.38154945,0.3630584,0.6836623,0.020113308,0.21336828,0.005584609,0.27687913,0.10075623,0.45671043,0.19537756,0.19209068,0.022575533,0.13117991,0.1715184,0.03967327,0.47876206,0.20152727,0.19709995,0.35687903,0.18295705,0.19827333,0.1398802,0.2462843,0.3620992,0.16816895,0.0705456,0.092228934,0.45479423,0.37641594,0.29164737,0.12035546,0.2064079,0.24239132,0.07798056,0.062776886,0.2947362,0.3165153,0.16221257,0.21940054,0.15675198,0.35074443,0.061764523,0.09603427,0.07124327,0.29718834,0.08192851,0.0031175457,0.42761213,0.3623619,0.3291945,0.12057285,0.43624055,0.45924526,0.045877982,0.847584,0.17736974,0.24953258,0.073688924,0.013458405,0.8420436,0.2581161,0.29386315,0.03714069,0.13949287,0.18617368,0.05027353,0.05927677,0.3924905,0.1124668,0.6053604,0.99678814,0.0363629,0.37275937,0.079223536,0.105212435,0.8908906,0.6181607,0.15754783,0.022645583,0.22653033,0.036664013,0.2541651,0.43805707,1.0996404,0.114798225,0.44754046,0.026126109,0.032503176,0.13970655,0.13387407,0.30057997,0.07515704,0.29328692,0.01663157,0.12505619,0.15341419,0.108731896,0.071419,0.66962415,0.5419351,0.19375482,0.042546008,0.17779778,1.2158473,0.046131514,0.12030838,0.15108816,0.91627115,0.5420785,0.472423,0.0,0.74733055,0.12596506,0.155899,0.23581675,0.041547917,0.006078581,0.015972415,0.1234703,0.32535642,0.14661652,0.06145766,0.07373744,0.4018842,0.53212786,0.11464405,0.39111847,0.05202639,0.06414237,0.028512038,0.19297357,0.42183053,0.011045102,0.3271544,0.07259684,0.039218202,0.4446861,0.2714632,0.4060018,0.16017705,0.47717094,0.23999813,0.30518216,0.33251145,0.22557896,0.1864314,0.05505839,0.4257245,0.24380311,0.042920467,0.027852643,0.11114378,0.07787281,0.1544742,0.12958641,0.18119231,0.30379382,0.12417714,0.15341792,0.6611742,0.23780799,0.16015632,0.13046965,0.5600378,0.2597531,0.076485455,0.69003725,0.4449507,0.080053754,0.12830955,0.1547103,0.113040015,0.25476605,0.0069292802,0.07099327,0.055159204,0.12321479,0.3745767,0.0015700934,0.39780056,0.016249932,0.09718238,0.08698483,0.10302032,0.03777763,0.6553132,0.32684225,0.045724355,0.4504885,0.28892106,0.33525318,0.24624564,0.110768214,0.10158892,0.25313938,0.17073727,0.12780985,0.115143515,0.4177143,0.29325095,0.2870234,0.020210776,0.08626008,0.13989529,0.056245238,0.24953242,0.56959826,0.6942538,0.47042412,0.042937227,0.08596396,0.05943007,0.039129004,0.06186565,0.33459985,0.1701513,0.36220038,0.08186856,0.46607888,0.030599078,0.106724456,0.54891455,0.061354443,0.11050415,0.39483708,0.08388324,0.14306904,0.048905887,0.20513986,0.47856316,0.1946501,0.2857538,0.00934382,0.16535293,0.044980034,0.7024653,0.2179933,0.1905719,0.32890952,0.065329894,0.14023434,0.21194312,0.24407688,0.15060866,0.0868569,0.127794,0.39320454,0.5074408,0.1639126,0.609697,0.016662015,0.3333082,0.45176616,0.13239709,0.25563157,0.4267245,0.1978772,0.5042134,0.41006592,0.0028038912,0.011688561,0.6563318,0.2557899,0.04449725,0.8019774,0.534607,0.082216665,0.28814083,0.33402556,0.7173656,0.08931179,0.4035408,0.61077523,0.5039787,0.42875302,0.16547585,0.21697478,0.278265,0.3427168,0.46406645,0.04977312,0.024470918,0.039708987,0.40670404,0.026149202,0.28328782,0.4602055,0.0017513605,0.18898673,0.057509273,0.10426596,0.03130005,0.20213534,0.026731245,0.15791747,0.6929536,0.41585773,0.2966956,0.03826644,0.31480843,0.36187056,0.31379056,0.14976114,0.64845145,0.23435704,0.23161429,0.049706645,0.42128333,0.082072794,0.14140385,0.15304261,0.07271749,0.076325856,0.00019141131,0.06177605,1.104786,0.0014791867,0.3311565,0.1866788,1.1975656,0.018377546,0.43244362,0.13147762,0.119782545,0.11745359,0.32101434,0.51170796,0.0,0.6203828,0.1889062,0.29145855,0.68252134,0.31373763,0.0185101,0.105951734,0.4152454,0.07497331,0.041264754,0.1726448,0.12353502,0.26536894,0.34119827,0.12777409,0.11986465,0.043473303,0.09652376,0.35027897,0.07204736,0.6617998,0.16009171,0.30886775,0.40851465,0.3183983,0.03170137,0.053035,0.11898683,0.13545464,0.05631872,0.49326938,0.07295507,0.19437596,0.15726382,0.23682617,0.083842665,0.042414423,0.17589998,0.5084036,0.20644677,0.3471807,0.65370023,0.03690244,0.47167617,0.3350436,0.24800082,0.030746827,0.7729291,0.4693221,0.27885917,0.26396763,0.082306735,0.5942851,0.10589256,0.044680193,0.789498,0.19469148,0.42585248,0.7673749,0.11679808,0.72168285,0.04101839,0.26707965,0.25653097,0.68902725,0.047353987,0.2748399,0.052458152,0.32687956,0.14076303,0.2098055,0.229166,0.034173526,0.42588097,0.5140472,0.2171076,0.38118827,0.0147804385,0.536417,0.051010255,0.46412808,0.23850483,0.0,0.044913836,0.42367718,0.085783124,0.21522118,0.30513906,0.16950044,0.46998823,0.27216202,1.1271726,0.1241003,0.5512943,0.443285,0.09779024,0.21275142,0.013893225,0.031282492,0.070943214,0.25870663,0.28932717,0.14589849,0.2570445,0.24293998,0.23417729,0.11101132,0.42527696,0.0349536,0.16408356,0.11920834,0.47320372,0.73523426,0.1421865,0.24873015,0.035010327,0.29580587,0.23572682,0.5882244,0.21373114,0.045635708,0.13608214,0.13860066,0.1783668,0.0863195,0.26868933,0.36250308,0.81824064,0.038504142,0.12596089,0.0,0.13307363,0.16980618,0.014301087,1.0446312,0.22577347,0.8140453,0.6095621,0.2729447,0.20390236,0.071169615,0.8013168,0.28810608,0.4918667,0.5159273,0.07320939,0.72065234,0.30413347,0.19802645,0.92022204,0.95092165,0.09241906,0.0031636623,0.17633805,0.0,0.08068896,0.0535893,0.24979733,0.075238235,0.24793178,0.17220813,0.28179282,0.013612067,0.027665809,0.2128466,1.1771299,0.13531464,0.18913336,0.020049222,0.027786423,0.086697586,0.03670837,0.002056893,0.067321084,0.16414028,0.1646533,0.09988223,0.5088182,0.20597093,0.011892703,0.3910795,0.11124113,0.41390473,0.023647243,0.36886215,0.3940044,0.42091942,0.2308393,0.21027935,0.47477788,0.36887679,0.22160593,0.07230711,0.14773658,0.23786284,0.30276164,0.47793353,0.58071053,0.14909787,0.02682134,0.13683921,0.38475287,0.08341956,0.18470788,0.29236186,0.2201353,0.07710767,0.0045977454,0.30128658,0.8240009,0.08767971,0.010234824,0.080287114,0.2564019,0.22815944,0.11911438,1.1169,0.15852025,0.06469594,0.35127905,0.0030686955,0.052593008,0.5681449,0.00173063,0.60454595,0.21600132,0.14447673,0.42962962,0.5410239,0.109951854,1.3730536,0.28974146,0.032172132,0.10289974,0.7373674,0.008502925,0.5812768,0.3198561,0.01843062,0.048466336,0.6954757,0.35704008,0.1654684,0.50437593,0.53087986,0.12906396,0.0033156017,0.019978818,0.067914575,0.6807022,0.016289325,0.6619328,0.34542382,0.0006180545,0.5434507,0.15549508,0.0,0.013736767,0.008719308,0.085419595,0.0,0.18197402,0.57750523,0.047844306,0.628074,0.2102727,0.14181715,1.755451,0.0024643154,0.024412464,0.34950197,0.021938974,2.3710556,0.6495137,1.1619928,0.0,0.054656524,0.1700393,0.1749264,0.53031874,0.42328587,0.17566216,1.1834755,0.1585159,0.25111383,0.1984863,0.52146757,0.6757108,0.4527284,0.20033658,0.1885038,0.51919615,0.056954313,1.0025809,2.7007072,1.2202268,0.48956054,0.19354598,0.36753088,0.2060998,0.11530006,0.0,1.2004436,0.21436653,0.0117433155,0.51311123,0.38030177,0.295034,0.516323,0.03737391,0.42355037,0.6769195,0.43256003,0.4694187,0.27718934,0.0,0.0,0.9851439,0.49234205,0.89804024,0.44796032,0.045381233,0.349091,0.04740024,0.7636245,0.15067297,0.3073299,0.43136406,0.12594259,0.11545372,0.15716566,0.9252227,0.47135353,0.2408154,0.10841052,0.5051397,0.35543483,0.15087481,0.0010965735,1.0524738,0.61903906,0.20392683,0.59725034,0.6791465,0.027525857,0.7634384,0.4220706,1.7814357,1.0758238,0.00394423,1.2027867,0.019608809,0.16888928,0.25499773,0.07162536,0.10725732,0.59379864,0.20978232,0.31261343,0.3677353,0.355892,0.17415959,0.058565192,0.109360196,0.69348544,0.022711756,0.6804192,0.4067636,0.7451998,1.0944039,0.11285683,0.12266029,0.079850696,0.3388806,1.88133,0.3192619,0.2882846,0.15027341,0.168102,1.8304119,0.36684534,0.4931029,0.22905453,1.2130667,1.5218877,0.3571673,1.2096578,1.1598525,0.047563836,0.5741278,0.976244,1.0665059,0.0,0.30509824,0.16848062,0.37777656,0.8224668,0.60945994,0.3402835,0.019041682,0.65817106,0.8118932,0.0430023,1.7432483,1.2026588,0.093823336,0.4786464,0.022504639,0.45635223,0.25025997,1.3489611,0.41256863,0.2221181,0.0019123674,0.28886077,0.31518304,0.034355488,0.1502716,0.7381493,0.57331973,0.028428571,0.07439349,0.5933173,1.2082309,0.16066746,0.16912827,0.01612499
0.40837812,0.2730851,0.28354102,0.15007538,0.27797502,0.14053097,0.5673496,0.9065157,0.3604619,0.89310354,1.8273714,0.28694808,0.16148493,0.6119061,0.4028665,0.34512097,0.4565838,0.27447075,0.6507383,0.89855003,1.2538276,0.6589184,0.29815483,0.027119821,0.18636274,0.034763284,0.5765245,0.7630852,0.16396955,0.66515404,0.13318957,0.2068194,0.29287505,0.6039882,0.36532712,0.32692754,0.23196079,0.08385468,0.91363317,0.12465969,1.5390813,0.35809898,0.021390226,0.102531224,0.6641195,0.04813057,0.045685478,0.5119219,0.3205108,0.40541744,0.40948746,0.3105418,0.4802367,0.6144546,0.3583498,0.8005785,0.27158025,0.22925973,0.17525634,0.32412,0.37307388,0.066878624,0.32345176,0.24524118,0.35418874,0.060132835,0.62781775,0.09974852,0.25966242,0.14089882,0.4404133,0.21155992,0.40830803,1.7503631,1.0647185,0.18653189,1.0946586,0.3285468,0.18580247,0.29064235,0.27442467,0.12369439,0.15749322,0.38339594,0.3040312,0.0978391,0.6508744,0.34844208,0.051931933,0.002223131,0.9576353,0.3780249,0.29379106,0.9221631,1.2786394,0.6318315,0.038928665,0.06381387,0.28465694,0.52239317,0.328403,0.16954556,0.38199496,0.41086072,0.38793445,0.26098853,0.09900256,0.11945695,0.3103967,0.24366596,0.18351242,0.085268445,0.075175345,0.1843692,0.94662285,0.2262553,0.1856988,0.44499326,0.17183806,0.2434355,0.26108024,0.4207344,0.22175379,0.21609184,0.51277065,0.41634792,0.06300973,0.028024994,0.4122461,0.33376822,0.40861648,0.2189479,0.17778453,0.3173086,0.27583963,0.25338563,0.5270428,0.9531484,0.23600078,0.47393593,1.1301303,0.36351925,0.107594855,0.7576729,0.5160042,0.39596385,0.5938463,1.0869813,0.34376082,0.025528306,0.5676577,0.12272979,0.60996085,0.7689336,0.92459106,0.18641263,0.71577156,0.15222538,0.88206494,0.21053636,0.14025912,0.7405622,0.72761357,0.4023197,0.17990643,0.5154073,0.0366515,0.96648365,0.5056288,0.5863085,0.8185097,0.7271288,0.0,0.89001644,0.17804652,0.4894222,0.4326154,0.21640858,0.25920427,0.20337854,0.6542313,0.23154569,0.27151504,0.32696515,0.80010986,0.22148773,0.08772521,0.024256747,1.0149076,0.4095655,0.12563343,0.51648545,0.05460762,0.30219543,0.14115483,0.5444076,0.24456723,0.23978259,0.7361703,0.3711124,0.65304744,0.18640861,0.8042915,0.7844826,0.08922267,0.21641713,0.0074889148,0.041433595,0.645744,0.16610214,0.23759261,0.32019666,0.3393095,0.93774205,0.32328212,1.188829,0.31626183,0.18049777,0.2657758,0.055422302,0.14166254,1.012239,1.079834,0.5668552,0.5399216,0.45126915,0.2100226,0.20851463,0.4358123,0.48917243,0.038758762,0.119550005,0.88222915,0.19750758,0.14961624,0.10704224,0.48641634,0.302121,0.2913153,0.102042235,0.16206509,0.02874458,0.036331035,0.38435185,1.3541032,0.24333796,2.0893278,0.43384665,0.20230494,0.4357084,0.23923771,0.60167694,0.01518354,1.1323167,0.19926107,0.021014465,0.25254682,0.5419421,0.19188175,0.59723127,0.29787213,0.005427729,0.68239653,0.4099861,0.20999669,0.5662774,0.3683133,0.29690596,2.0349002,0.32593802,0.10804958,0.73888665,0.5102063,0.33655035,0.1410723,0.4310165,0.30007714,0.14654747,0.16164067,0.24655926,0.1751663,0.13222903,0.046973445,0.29203296,1.3420311,0.31649482,0.18170519,0.5159581,0.2230927,1.4991449,0.08619503,0.50386506,0.2551129,0.43094194,0.38188964,0.2354824,0.76517123,0.5050324,0.056560367,0.6778389,0.143965,0.72307396,0.22144267,0.6102227,0.04364864,0.11184536,0.16602972,0.23021257,0.18182196,0.25101143,1.9573461,0.548736,0.49813858,0.5665198,0.38740963,0.3169348,0.47033173,0.096862555,0.6022066,0.15345085,0.09542215,0.4421692,0.64544,0.31054735,0.9474771,0.8697623,0.14969121,0.46301463,0.4693838,0.6414213,0.3124391,0.19342159,0.05263547,0.0024780137,1.665718,0.85067034,0.19663109,0.38191876,0.8127483,0.288599,0.0921682,0.3703199,0.143896,0.31400526,0.46739978,0.7230058,0.11440672,0.0523552,0.6593493,0.15141058,0.015851185,0.39882934,0.43735766,1.2096658,0.17447668,0.9208898,0.44394004,0.029123805,0.17494687,0.37252435,0.6498537,0.27526313,0.35084596,0.054012083,0.15670805,0.08396995,0.53652084,0.61697304,0.24451195,0.36800474,0.6014224,0.37054712,0.29243353,0.23947984,0.24998339,0.28332,0.09210384,0.22963127,0.93524915,0.49639842,0.35447234,0.7360675,0.25743797,0.33201066,0.69577855,0.51629746,0.15388617,0.49662244,0.2647832,0.04897413,0.34821168,0.21547773,0.6498734,0.10352732,0.9815757,0.9855106,0.21080746,0.4595345,0.41537178,1.1742251,0.66227216,0.39784068,0.19432034,0.3920031,0.48617983,0.4988528,0.7634935,0.6137248,0.25811735,0.13309363,0.28458324,0.4656217,0.67008287,0.278995,0.30603743,0.8699048,0.97233737,0.34608218,1.0365736,0.34511098,0.2539785,0.2795218,0.28173214,0.33292106,0.08177437,1.0891205,0.13588174,0.09592626,0.9946906,0.404325,0.3239826,1.5716119,0.28608388,0.0049055694,1.1370893,0.13552025,0.42246214,0.3557278,2.3101604,0.108995244,1.5738118,0.13493231,0.5075184,0.2909245,0.20605478,0.33353662,1.0022528,0.3587618,0.027218405,0.4528698,0.5415059,0.5367932,0.48179466,0.061271325,0.6483276,0.34859133,0.36539763,0.39709637,0.2071569,0.12789406,0.081749886,0.38111806,0.8883239,0.32683676,1.0028782,0.15431008,0.001228373,0.8156229,0.24063519,0.5363114,0.1931778,0.44268036,0.3922904,0.23287058,0.37170005,2.4400392,0.7553673,0.29817477,0.44290745,0.49011102,0.46747872,0.99419695,0.11961052,0.412804,0.4353586,0.13385776,0.25449285,0.046538312,0.45365462,0.7949652,0.26882643,0.5464246,0.24446318,0.3613237,0.06417464,0.12175073,0.29408914,0.0,0.6987639,1.4119925,0.9175725,0.17180045,0.39265797,0.120719254,0.2013134,0.044017676,1.2785915,0.20546778,0.09415002,0.7711868,0.5850457,0.11829083,0.2991115,0.20664155,0.5037252,0.1354985,0.17011894,0.7173646,1.0590478,0.26668417,0.118160784,0.24270019,0.18167987,0.23413895,0.18743736,0.7238921,0.04499364,0.48303723,0.50299513,0.0,0.17478977,0.4278275,0.69363433,1.1213723,1.1690743,2.0714645,1.100232,0.4091803,0.31796485,0.17389475,0.47406644,1.2579564,0.7877234,0.27482986,1.1583649,0.18338819,0.82635283,0.051847044,0.09371267,0.48125434,0.40744674,0.08146669,0.3039973,0.10651679,0.76959705,0.53941715,0.87771195,0.39077002,0.06030015,2.1947432,0.68983555,0.8237307,0.9556412,0.7071407,0.7580174,1.8978151,0.20131868,0.51672846,0.17034574,0.5026504,0.14979428,0.6852227,0.13953629,0.15552527,1.0221474,0.3284151,0.5064641,0.023093004,0.37249902,0.32465103,0.16462752,0.5680032,0.57925665,0.2693233,0.047841135,0.25715396,0.21313925,0.15590605,0.21866226,0.1456252,0.02397134,0.12127506,1.0086957,0.22142243,0.81474197,0.168082,0.6835679,0.5463847,0.6067202,0.057573065,0.021676313,0.19019695,0.23131593,0.6861484,0.13935652,0.2989291,0.99587864,0.51735073,0.08620815,0.9656662,0.29821572,0.34720108,0.26083878,0.22229436,0.1723518,1.1724228,0.81986153,0.29250467,0.426984,1.1651654,0.40800577,0.3785464,0.2558488,0.5283269,0.1740441,1.6107388,0.36603862,0.19551423,0.016821984,0.7808736,0.7461302,0.731236,0.3229977,0.014648824,0.6503966,0.12761486,1.031805,1.5317848,0.15103225,0.14965917,0.31832123,0.18431044,1.4425509,0.7470124,0.68922365,0.470704,0.16107024,0.110317655,0.5550408,0.3440222,0.19106382,0.1413467,0.71423286,0.111869775,0.024810227,0.30799097,0.78563046,0.8583573,0.010997382,0.20698085,0.81454134,0.09578032,0.496578,0.21974045,0.20036456,0.13458104,0.94601357,0.045424968,0.7396039,0.261043,0.121412076,0.45400497,0.15675765,0.43504947,0.79666954,0.6918515,0.62483513,0.505347,0.32380825,0.50786555,0.9339957,0.2507987,0.62558454,0.49189207,0.80735993,0.3914921,0.08471875,0.12414467,1.0379531,0.30435282,0.21052495,0.20008509,0.37108788,0.270854,0.15780783,0.4272899,0.20106596,0.28932345,0.24020502,0.08614212,0.65696144,0.4481172,0.1321339,0.072818555,1.0850046,0.37847325,0.11785251,0.19848232,0.051257726,1.0288806,0.5944901,1.667546,0.29880458,0.37152892,0.53203523,0.40119818,0.46120462,0.20662826,0.8355627,1.1332786,0.99205625,0.3234427,0.25455913,0.26730856,1.8622104,0.24456888,0.6453035,0.0781974,0.60666436,0.01802372,1.2414566,1.0040736,0.4460531,0.67381346,0.33467674,0.21557999,0.76231146,0.11373642,0.009248785,0.12826905,0.045784913,0.19659844,0.12446865,1.3580078,0.4624074,0.24746047,0.9958943,0.39116123,0.33592767,0.98582554,0.059970222,0.34946817,0.211451,0.34021294,0.15146457,2.22012,0.33636466,0.59995854,0.2657888,0.18935634,0.27666172,0.88366336,0.039511804,0.43401796,0.08513749,0.50430834,0.24031724,0.38548696,0.38612148,2.1288414,0.8289371,0.30553532,0.21526143,0.5482038,0.009675002,0.1394135,0.12606137,0.4964127,0.23143408,0.98413944,0.65577084,0.6233687,1.0355752,0.3116243,0.44598767,0.7366794,0.68407315,0.47977534,0.90346026,0.69534606,0.32974094,0.4911073,1.2529638,0.028071562,0.113436595,0.16214117,1.2863351,0.7549741,0.46588796,0.5813253,0.5291524,0.05964017,0.22326486,0.2850435,0.483803,0.47447684,0.95164037,0.88686824,0.23622546,0.8481454,0.35038096,0.21415837,0.24454503,0.23453632,0.04115857,0.9043145,0.59746504,0.16595547,0.26399663,0.62843525,0.3621228,0.007905626,0.7209915,0.13859639,0.23156199,0.63986826,0.17801121,0.15363349,1.0289104,0.082503654,1.7215106,0.41084146,0.12576917,0.2899206,0.15853187,0.9957242,1.0767498,1.0671866,0.20103344,0.8798655,0.27197194,0.59492815,0.08667679,0.08479169,1.5470531,1.0743893,0.18021774,0.047508683,0.03292431,0.034952357,0.5964551,0.16839449,1.1242628,0.41184163,0.75819826,0.1521541,0.523559,0.49216074,0.21681947,0.35915476,0.24131575,0.6730479,0.25291935,0.2526801,0.009185888,0.2309039,0.116664276,0.2937647,0.26168197,0.33320457,0.6659572,0.15554994,0.4989792,0.11210433,0.33757904,1.6950417,0.4111048,0.9994072,0.28806162,1.2325733,0.29424557,0.42953414,0.61726093,1.2996576,0.13972445,0.58025944,0.16809215,0.18200336,0.680161,1.2927482,0.5086751,0.5671536,0.1424597,0.3122396,0.10876855,0.6590262,1.0484686,0.0,0.25909868,0.20716697,0.23824474,0.037400458,1.4988737,0.22027273,0.38562033,0.32621986,0.29125145,0.41125935,0.21108635,0.3837564,0.2979595,0.6414118,1.1089792,0.29548493,0.33978415,0.14386274,0.35208517,0.37550157,0.41671088,0.12699339,0.805254,0.19990501,0.21050628,0.5033891,0.39398825,0.15902434,0.38206866,0.2138222,0.18272308,0.52006906,0.40453047,0.11241984,2.2261953,0.35559946,0.12637478,0.7907658,0.5753628,0.07492007,0.1267557,0.18987885,0.6614174,0.5908452,0.30032235,0.08771941,0.23011029,0.3221171,0.47933117,0.17615446,0.35818112,0.07747391,0.59333175,0.43670756,0.28043017,0.29768026,0.105521254,0.25254473,0.5726651,0.63701916,0.23025715,0.4686104,0.56866795,0.21798152,0.41286343,0.44018006,0.09381407,0.49580497,1.3641529,1.0710268,0.20794177,0.038160503,0.07063241,0.277344,0.2946734,0.044167403,0.26775253,0.0554467,0.39567918,0.30762643,0.18347603,2.4068916,0.017483875,0.7799025,0.8464577,0.58930737,0.009787621,0.13289392,0.27346754,0.099565044,0.24873,0.044729114,0.061435893,0.99190044,0.070474856,0.14392045,0.17712346,0.31057686,0.455918,0.07876151,0.72541416,0.76950425,0.55406356,0.5935474,0.32847518,0.82463473,0.049648643,0.28356087,0.61062026,0.3516805,0.16275416,0.9414393,0.06843081,0.14347999,0.43658164,0.46987772,0.22437957,0.05458629,0.04554162,0.5604601,0.050252065,0.30789396,1.0172448,0.38528568,0.25619733,0.24180228,0.22333333,0.18928036,0.31225783,0.12995341,0.57638884,0.29791677,0.23605621,0.09424868,0.9010668,0.1372653,0.13358651,0.18448745,0.1951243,1.7137191,0.45482185,0.08198576,0.10056657,0.41758245,0.7499826,0.18735102,1.0031315,1.6302722,0.3771371,0.21928513,0.26964116,0.23457946,0.56044155,0.10686621,0.11423548,0.24973431,1.5495307,0.21175954,0.170241,0.6205758,0.20014589,0.064664006,0.03265263,0.22892982,0.29553232,0.46990907,0.2954507,0.24285963,0.26127037,0.3231843,0.621757,0.11232829,0.09322329,0.38780922,1.010315,0.741842,1.0839764,0.11813477,0.52118045,0.22763862,1.1898413,0.17144272,0.39880168,0.02493922,0.5965454,0.32016084,0.28533667,0.029476427,0.28532013,0.32607305,0.1753758,0.47058892,0.43175095,0.73619723,0.1122711,0.80682397,0.15981965,0.6799713,0.80510956,0.018826334,0.12236504,0.9877131,0.2982345,0.49892402,0.029185181,0.26652578,0.252882,0.51928574,0.11411281,0.108991615,0.12307679,0.25212407,1.0794559,0.5857605,0.2796123,0.20072332,0.07877818,0.27508622,0.63230515,0.92720294,0.3023907,0.5385433,0.37469894,0.10330608,0.6498008,0.8044545,0.38879108,0.24646418,0.13236666,0.08210994,0.43152595,0.20605029,0.3855691,0.4476117,0.13484043,0.9874147,0.19801053,0.6740135,0.5457282,0.07744751,0.20851631,0.15910676,0.13062839,0.8341528,0.9483478,0.0041788667,0.4624258,0.9273225,0.6445053,0.03865669,0.32779142,0.43345964,0.5434487,0.23725545,0.26942295,0.0780426,0.34552947,0.23092116,0.16077487,0.35090283,0.9043892,0.15195908,0.54171187,0.1634929,0.119950704,0.47312257,0.23383373,0.16619661,0.34577426,0.2703765,0.76672506,0.4580806,0.27777043,0.15093046,0.79305637,0.81199217,0.070638545,0.68435043,0.10321873,0.20061666,0.41727993,0.13023567,0.22869885,0.09012067,0.6717173,0.3200708,0.4773287,0.63962233,0.25481018,0.0,0.32550412,0.1639936,0.38535756,1.1172466,0.42654157,1.547893,0.2945116,0.25442886,0.11142319,0.8105142,0.13900846,0.21955608,0.48613882,0.5876591,0.66671216,0.09225484,0.16926429,0.48814547,1.0813208,0.46665937,0.19794208,0.20653792,0.58016723,0.21811405,0.78010964,1.5148547,0.35570073,0.44779384,0.30545747,0.27663144,0.36801636,0.0067471536,0.6137384,0.5367439,0.7096101,0.90827125,0.2019983,0.020920848,0.21567991,0.2659653,0.41691497,1.2618732,0.4183028,0.23059438,0.33003944,0.022545544,0.16053425,0.49633247,1.9657512,0.6642287,0.11881254,0.21081269,0.7262115,0.10483034,0.11363779,0.5112864,0.3582882,0.38164687,0.21533826,0.94055915,0.28022563,0.14782123,0.5953188,0.7976498,0.6401335,0.785828,0.06913869,0.4998534,0.45037034,0.22454457,1.3237786,0.13326956,0.11455499,0.20749119,0.7149094,0.06072036,0.4139601,0.84435654,0.11416026,0.588385,0.3081766,0.5016799,0.70295274,0.19496927,0.052213434,0.7372385,0.6447742,0.26949123,0.23832864,0.024579508,0.25781754,0.48911622,0.66293883,0.26302516,0.6797584,0.2771268,0.16590065,0.23022541,0.15213813,0.14833277,0.34837455,0.37295538,0.4695751,0.49474922,0.3249895,1.1234121,0.169961,0.8586085,0.16253883,0.0988438,0.12506494,1.1461062,0.6085467,0.65301573,0.73401,0.55096966,0.026016833,0.120646365,0.6699707,0.13315159,0.35629505,0.6225016,0.475214,0.077787906,0.7113477,0.35547894,0.26372004,0.20362191,0.6871439,0.22388303,0.13047758,0.14936025,0.28954053,1.3947425,0.35680535,0.1884469,0.55530226,0.22886096,0.44889197,0.7074204,0.89559567,0.47440457,0.36882755,0.5954852,0.21340919,0.2737824,0.23144665,0.30082446,0.21417572,0.15117252,0.17238829,0.5819274,0.54577625,0.591867,0.14563817,0.03511669,0.8041301,0.21342519,0.26427287,0.5956415,0.91885865,0.38720733,0.42582557,0.30760586,0.7737486,0.3639394,0.3574571,0.3276275,0.8253778,0.11699489,0.12431547,0.0075333207,0.4994883,0.34595162,0.18176289,0.8163009,0.49700594,0.93058974,0.523243,0.17630917,0.8261983,0.4746541,0.38942125,0.4269747,0.4611294,0.22864151,0.22007157,0.91758895,1.2188993,0.10604657,0.8063456,0.41510049,0.5085711,0.10584718,0.2890029,0.4208765,0.15667677,0.37992725,0.26998138,0.04201279,0.21745563,0.084889844,0.31985605,0.91240454,0.5555786,0.6664487,0.24071759,0.962394,0.77869904,0.023345144,0.20875813,0.50592846,1.0981759,0.49971694,0.53093064,0.10489392,0.88847613,0.5194357,0.042452417,1.050617,0.33721226,0.0,0.029889874,0.70428205,0.60692626,0.5938204,0.6256717,0.047313645,0.16991356,0.6287133,0.43582165,0.29388446,0.3192896,0.0022641495,0.5592822,0.15641159,0.082399756,0.038780347,0.4162365,0.26692513,0.13134393,0.16870658,0.2666338,1.0935704,0.40876055,0.55227137,0.08476707,0.18639602,0.84225607,0.40815586,0.6015547,0.37939087,0.2947362,0.24118242,0.5610789,0.0,0.48984104,0.3213538,0.24232855,0.44249904,0.3913899,0.66414344,0.36569974,0.14932902,0.99579495,0.30124158,0.6191039,0.014586627,0.7864444,0.2550214,0.1744098,0.8633325,0.61725706,0.29704553,0.048769187,0.17190267,0.21061574,0.19374616,0.034724988,0.29424632,0.0074625895,0.068412274,0.20729515,0.13728881,0.15091151,0.04690793,0.053165983,0.007125783,0.53181434,0.06512846,1.6724806,1.1506118,0.46962342,1.1217504,0.53715926,0.616966,0.5351044,0.16990423,0.36268505,0.34037486,0.6860926,0.12742595,0.12063645,1.5843449,0.80281854,0.5695831,0.5816526,0.041867275,0.08613247,0.495955,0.39434925,1.1881055,0.8532468,0.26792246,0.23303498,0.19254887,0.57779586,0.00037102523,0.2553088,0.08813195,0.4122851,0.13547705,0.560505,0.27661034,0.19080442,0.27926508,0.10321749,0.49831578,0.24700482,0.6847781,0.09812241,0.86647916,0.16454305,0.24616085,0.0863441,0.7389109,0.541227,0.2352638,0.19037606,0.23495746,0.45116642,0.65540564,0.7771676,0.5619024,0.35939324,0.10216871,0.36543772,0.5883827,0.09704009,0.0987727,0.83640873,0.5664308,0.4532628,0.22768697,1.0444793,0.009164071,0.7327515,0.23211178,0.4071472,0.3698231,1.5020707,0.605797,0.43847778,1.1624155,0.0,0.016680041,0.024246106,0.313678,0.15076397,0.8502562,0.96229815,0.90894496,0.027944766,0.08902724,0.46460158,0.014804658,0.4246137,1.1050932,0.40663335,0.22736847,0.15325233,0.37316078,0.5508355,0.41161036,0.61042774,0.27827024,0.06471303,0.12297664,0.2704274,0.13333467,0.119418174,0.78689456,0.0022533115,0.2482773,0.22982833,0.2129542,0.15699045,0.5655508,0.38950926,1.1670504,0.8832049,0.22468781,0.11280757,0.08181368,0.42826977,0.64666605,0.060021963,0.20445025,0.5957921,0.18961903,0.18291077,0.22087654,0.91250694,0.036878735,0.047326136,0.5226087,0.0035071329,0.0764284,0.11175413,0.15244298,1.3343397,0.101655014,0.5544002,0.5460794,1.1934112,0.071447164,0.7568389,0.3673316,0.18780798,0.39389223,0.09385176,0.47128057,0.3982511,0.8358238,0.12014043,1.0026032,0.13854203,0.27219287,0.10359879,0.11639036,0.13020113,0.7814883,0.32851586,0.41880453,0.1878088,0.10310994,0.6734849,0.21645072,0.3619002,0.20833072,0.25146484,0.3099137,0.40148056,1.0997205,0.127565,0.97860265,0.5975761,0.5973887,0.17406595,0.6486955,0.40299198,0.4275188,0.2032217,0.007871633,0.17858925,0.21106388,0.5296227,0.12945288,0.20179957,0.27006584,0.23634085,0.8360642,0.13391382,0.43186715,0.606076,0.3740793,0.4627061,0.5234653,0.70421875,0.03734199,1.800216,1.0417453,0.56281114,0.37216598,0.1601704,1.0572318,0.12015884,0.2514022,1.2289488,0.16179135,0.45542392,0.17470774,0.74134266,0.8500145,0.2576336,0.3445554,1.2544103,0.8791741,0.0,0.5685353,0.2757815,0.20644902,0.41345584,0.5509021,0.20192714,0.24425642,0.42187133,0.20791301,0.4389873,0.5911362,0.26052564,0.16566943,0.23924047,0.23524417,1.1865953,0.15256892,0.28397095,0.82520723,0.67486805,0.13666224,0.5568371,0.2140293,0.39802188,0.5193482,1.1723133,0.09479788,0.5313771,0.55172116,0.12904476,0.60348034,0.20430219,0.17900722,0.2968768,0.19013399,1.0214379,0.054929886,0.34184372,0.21532352,0.41190106,0.115823455,0.37813792,0.53979915,0.5025499,0.01882932,1.3916788,1.0401237,0.24435641,0.7459258,0.15409163,0.5755053,0.39105216,0.73999316,0.2712712,0.057698585,1.3635423,0.24230939,0.18459556,0.587116,0.7503567,0.4060579,0.4797746,0.19607377,0.25268817,0.0030919309,0.3315666,0.53500706,0.016084041,0.5637741,1.141046,0.26117513,0.2699323,0.91791487,0.12925282,0.15498552,0.34878707,0.25015792,1.012774,1.5016254,0.4550755,0.4223244,0.50357616,0.22140536,0.65498567,1.5983583,0.20143196,0.09635885,0.53295636,0.19628534,0.55806226,0.57186335,0.6521795,0.093505844,0.41205776,0.34069407,0.35872167,0.2866041,0.41135347,0.33776158,0.5179961,0.2856895,0.21901636,0.382832,0.14467052,0.40544277,0.2721926,0.11434459,0.24844842,0.40621787,0.024389097,0.11394891,0.4415983,0.6245195,0.099748135,0.039340075,0.67516685,0.24741969,0.021124423,0.20548373,0.81759036,0.7390604,0.36915407,0.4627827,0.61758816,1.0180252,0.96671844,0.3614056,0.13426933,0.5065617,0.7768862,0.3903457,0.3940644,0.14814758,0.31997827,0.23386651,0.31070846,0.12126518,0.08467539,0.94409823,0.36080152,0.3813786,0.091180585,0.37289932,0.5761686,0.10142213,0.074309155,0.0041157263,0.37512708,0.3785256,0.47547263,1.1461313,0.33322406,0.10234358,0.26411447,0.0019559183,0.080816835,1.0790956,0.039509714,1.0979643,0.28275833,0.253168,0.28096098,0.8431579,0.19152777,1.4948257,1.056446,0.32422394,0.42227355,0.70198935,0.26407743,0.46136487,0.4574031,0.070119485,0.21234035,0.6774493,0.45099068,0.27448195,1.6566813,0.60949516,0.1560498,0.04619615,0.4787719,0.05814445,0.25535578,0.15843189,0.5568117,0.71175265,0.0,1.0637333,0.06883654,0.017393064,0.31321704,0.17218314,0.10905895,0.0,0.40510315,0.7488887,0.067749746,0.666937,0.42607856,0.23554748,1.4880617,0.0846215,0.21936804,0.74793696,0.07342102,2.004817,0.72322,1.3272893,0.0,0.1565261,0.08835878,0.48981676,0.9246779,0.9770375,0.35601518,1.5362707,0.22418088,0.46847057,0.26374763,1.0161853,0.51243925,0.550387,0.36478215,0.26614392,0.7064127,0.34511,1.7379379,2.1105313,1.4362032,0.3288941,0.29941675,0.39384323,0.73001134,0.13968945,0.0068136863,1.80731,0.13229412,0.0028067385,0.7644447,0.15822843,0.66994274,0.10385326,0.19745779,0.45069945,0.32672945,0.8593683,0.4705001,0.7287973,0.10912153,0.0,0.7250179,0.30732757,0.9813221,0.123295985,0.13778731,0.6326318,0.17940742,1.0514086,0.0029018044,0.43016848,0.80858076,0.20697513,0.29762927,0.17825529,0.7625897,0.44956675,0.3063801,0.3555106,0.10609156,0.42676258,0.2239767,0.00067004235,1.2117567,0.80182195,0.1581493,0.9049423,0.7880666,0.0251204,0.32590324,0.534721,1.1799263,0.9708408,0.02630443,1.7592697,0.10085957,0.49121866,0.5292811,0.07072697,0.1844884,0.8912965,0.3258106,0.45446372,0.33179513,0.83989966,0.4857821,0.1150834,0.33565825,0.57425904,0.12062836,0.6189928,0.6343235,0.91940874,1.044448,0.15891716,0.15048203,0.05839558,0.05210505,2.3637695,0.32262167,0.8644568,0.7140926,0.315569,1.4145038,0.7103854,0.4191799,0.4687129,1.7681198,0.9096861,0.28976828,1.589681,1.1165736,0.0,0.69834423,1.2445784,1.422847,0.024685536,0.5809123,0.048817426,0.47252265,0.7034437,0.4428553,0.15956166,0.45527703,0.7825295,1.0104573,0.011456299,1.7475357,1.1970562,0.12945557,0.42987126,0.04693953,0.76145786,0.35755062,1.7211478,0.5429014,0.4102522,0.20049238,0.0016402339,0.38542968,0.05388412,0.3164808,0.72235644,1.0357411,0.49604645,0.022402685,0.57576656,1.5615793,0.31839854,0.32579702,0.24355687
0.27968365,0.16382241,0.07171859,0.09171294,0.22596756,0.053281806,0.4042244,0.90853846,0.1947152,0.51623183,1.7711957,0.24420083,0.17097366,0.32577953,0.3550871,0.37661496,0.4643017,0.2443295,0.70971656,0.88471705,1.4081968,0.7207239,0.41083065,0.033712253,0.30341497,0.04677433,0.81321454,1.1298296,0.3705837,0.74818546,0.015605181,0.09124031,0.28960678,0.450513,0.37995806,0.28335437,0.08699069,0.10939064,0.9692919,0.041365605,0.9523362,0.8504172,0.16900954,0.03949321,0.7646175,0.09645428,0.037436508,0.6915122,0.23808561,0.17637877,0.26322484,0.24513528,0.5597555,0.5016587,0.2531513,0.85970974,0.25937802,0.1540383,0.26155543,0.19719288,0.42256466,0.049765565,0.36318392,0.12163778,0.24215725,0.064154506,0.58595383,0.03305693,0.1004492,0.08607271,0.48425925,0.22459899,0.40790528,1.9209936,0.78659415,0.22588134,1.3176965,0.18160927,0.27755213,0.28161713,0.37111497,0.056575317,0.1415427,0.28276497,0.2567993,0.16521151,0.44917375,0.2677793,0.058653437,0.037994422,0.95423007,0.2574705,0.11753298,0.99077433,1.0672045,0.53527105,0.12663183,0.1938362,0.37646455,0.45719582,0.41470835,0.26263544,0.589527,0.47175956,0.4944985,0.1655246,0.24400339,0.20378931,0.37482467,0.15970623,0.2251915,0.080135934,0.1602327,0.27503884,0.8511177,0.2288665,0.26257628,0.37249005,0.20414267,0.36753362,0.5570175,0.49690896,0.25986564,0.16162479,0.68013346,0.48380676,0.028154945,0.027502267,0.29958338,0.6350244,0.45565462,0.10864708,0.02144131,0.51406336,0.1510514,0.1872975,0.380692,1.0033385,0.18196419,0.9665844,1.5584923,0.46898496,0.021046545,0.18964273,0.5067398,0.48788553,0.68285847,0.6401123,0.26504222,0.0031075443,0.42143756,0.12208728,0.46151307,0.39761552,1.033471,0.20729771,0.45486987,0.14333552,1.3876245,0.19519377,0.32526362,0.65528905,0.5143969,0.016454922,0.10701105,0.37446457,0.011819744,0.83196676,0.6307493,0.65643036,0.23748168,0.45497173,0.02722356,0.7628957,0.23503542,0.4381324,0.56397176,0.23625313,0.15256777,0.27925873,0.6731689,0.2916757,0.11398771,0.1975579,0.6493653,0.5199377,0.13203143,0.103318565,0.9553,0.16307211,0.005746505,0.47889268,0.13585171,0.3212418,0.063005544,0.47355896,0.2682504,0.19143261,1.1569707,0.4450223,0.65992,0.25720564,0.6103215,0.5166348,0.04030952,0.24512641,0.03713686,0.063326225,0.3794281,0.012470774,0.32031298,0.18786557,0.42707157,1.308443,0.16622703,0.99185574,0.105992414,0.13102701,0.4784599,0.080607586,0.22361377,0.62969977,0.9437238,0.45304266,0.22959423,0.327422,0.2028833,0.18440334,0.3318296,0.4691159,0.0048276554,0.12457651,0.6109923,0.20910683,0.24502629,0.16492036,0.48682192,0.29821995,0.39694133,0.12783027,0.1313611,0.055408966,0.081864506,0.48256063,1.5378728,0.15765786,2.0023768,0.44111478,0.04582353,0.26358697,0.3187873,0.53192484,0.005600412,1.093646,0.3035416,0.006473346,0.26006463,0.958574,0.26192635,0.7860615,0.3555905,0.005947621,0.6294643,0.55471146,0.20350495,0.5885701,0.43272683,0.29457775,2.0799065,0.42901155,0.2841762,0.6418015,0.40358856,0.33416367,0.20720226,0.58488935,0.243623,0.1991666,0.09040242,0.2940516,0.08221047,0.1071509,0.03717787,0.1681529,1.4198908,0.44096747,0.35917166,0.7579607,0.053293023,1.7744062,0.20276916,0.45655146,0.41945428,0.2211074,0.4691579,0.1484629,0.7692965,0.45304155,0.057666782,1.0055408,0.16744022,0.31462386,0.09815402,0.3110063,0.02473576,0.20030509,0.18639746,0.1873261,0.24643773,0.21430716,2.3827844,0.22666708,0.5827311,0.8602217,0.26053458,0.048906434,0.13904291,0.036460835,0.87912714,0.07558736,0.028478373,0.087010115,1.0028079,0.37879527,0.73377204,1.758478,0.027529864,0.46531704,0.44922438,0.40433955,0.14553282,0.04137359,0.03827609,0.021263408,1.3286189,0.82136726,0.15173088,0.092068546,0.5551389,0.30143392,0.056457005,0.17164758,0.21184313,0.23571494,0.44574463,0.562763,0.037327718,0.18170062,0.43909276,0.0764122,0.030129788,0.5044448,0.28427643,1.0020815,0.12516268,0.9055806,0.4169602,0.009165052,0.26336437,0.25576538,1.0240686,0.33000928,0.1607135,0.068371736,0.4255585,0.4067591,0.22471939,0.71063507,0.35203773,0.35555935,0.5320405,0.09414914,0.265757,0.22752953,0.333864,0.23719054,0.0242467,0.51580906,0.9162785,0.33351538,0.08537455,0.55002475,0.12655707,0.27499652,0.4352035,0.5324231,0.23620902,0.43165976,0.33168778,0.026833696,0.055001523,0.073356606,0.39007497,0.007911168,1.299577,0.5334469,0.09675978,0.28642577,0.27887905,1.8096775,0.55606735,0.493513,0.0767565,0.2063789,0.550689,0.5583064,0.4984033,0.35145062,0.16677019,0.13624974,0.42940748,0.654369,0.80286777,0.17966127,0.36040753,0.46623987,0.98384845,0.43459368,1.1927707,0.3457347,0.24272081,0.18066797,0.15143216,0.1632508,0.31419462,1.1970295,0.14176324,0.15720187,0.6265912,0.14871596,0.4264019,1.3920441,0.44073945,0.068794936,1.6243497,0.14970058,0.8448999,0.4351142,2.5838852,0.11177167,1.8828939,0.23064029,0.6219739,0.44465435,0.48360986,0.6725226,0.640786,0.30806735,0.0004988538,0.47620612,0.22029744,0.31676203,0.4701792,0.09588863,0.7570514,0.19813028,0.12578109,0.37986314,0.26498708,0.002849088,0.11503078,0.3618242,1.353626,0.50432897,1.2064252,0.31592354,0.0,0.9613445,0.19270481,0.3719594,0.033413302,0.5247303,0.11085689,0.12784214,0.5050149,2.7368083,0.7832813,0.10201208,0.40642846,0.17352101,0.46648836,0.9512632,0.10051954,0.59904236,0.29650256,0.21171224,0.07169696,0.11012496,0.13833445,1.32344,0.5310756,0.3659237,0.11415534,0.43066496,0.118497185,0.0068257805,0.14358841,0.037489805,0.114328764,1.806359,0.06816236,0.23787327,0.18469393,0.0,0.27765855,0.0,0.83263004,0.04547798,0.13989192,0.6412922,0.26782244,0.020065758,0.25730222,0.19255832,0.7540307,0.07931291,0.24806988,0.27885413,0.50051236,0.2004706,0.058124837,0.12832008,0.29126188,0.13574094,0.066432126,0.81375957,0.0,0.29892033,0.2419402,0.044209443,0.19263895,0.5192987,0.17559555,0.8925957,0.599905,2.3911223,0.8563868,0.34335616,0.17291701,0.09990631,0.4934007,1.1366979,1.0863075,0.16312324,0.7275325,0.10709375,0.7496728,0.007523557,0.057137717,0.4171896,0.23253724,0.09487662,0.070199795,0.17262767,0.8387362,0.039931253,1.6553396,0.30433577,0.12442063,2.2877417,0.58809376,0.50282365,0.60099006,0.83171904,0.6173994,2.068264,0.1112842,0.9061463,0.0892957,0.5230373,0.0912613,0.7940916,0.21545395,0.028536957,1.7345957,0.32168233,0.35155728,0.17450179,0.23486662,0.11772511,0.113386884,0.13890103,0.779053,0.06674568,0.07839298,0.1522026,0.10381419,0.428759,0.04694507,0.1805236,0.055269804,0.045257185,0.35481507,0.1457487,0.96957105,0.34140933,0.7565711,0.5557953,0.6525626,0.0028079036,0.26228333,0.07025781,0.17519493,0.9192898,0.3232357,0.024337398,1.0796363,0.46883544,0.101036154,1.6017652,0.1857394,0.34719822,0.10932529,0.08954444,0.12273197,1.1880851,0.426893,0.3399004,0.4766768,0.62418836,0.2841319,0.4308232,0.22372268,0.55871767,0.054683294,1.1043327,0.5084591,0.24845555,0.018015565,0.79476047,0.64084554,0.9120749,0.16418736,0.02023098,0.55983055,0.16299847,0.5338905,1.1044891,0.1010447,0.19111966,0.2746647,0.17495129,1.2580562,0.27581716,0.30383205,0.6666465,0.0049346504,0.51414746,0.46562934,0.22332591,0.13563448,0.27795994,0.40099126,0.16273688,0.2263242,0.11475069,0.8072377,1.1268867,0.020543156,0.12553394,0.68396664,0.1060054,0.6836257,0.38266382,0.14315702,0.3125788,0.5008055,0.1657163,0.76691645,0.22969563,0.08931207,0.43830955,0.23568039,0.19442436,0.56948566,0.7045766,0.498994,0.6140498,0.23056985,0.38093305,1.4794886,0.27911985,0.33090797,0.47763526,0.49674445,0.4150135,0.06591764,0.26476035,0.6234871,0.27395573,0.34288737,0.20306206,0.30103016,0.27642444,0.10677939,0.46235096,0.16244495,0.26092577,0.6161407,0.09385442,0.9956224,0.6291728,0.3930333,0.0065618916,1.0711508,0.62829924,0.109936304,0.16981153,0.12118399,1.077448,0.5724286,1.301121,0.022644121,0.24045219,0.37596905,0.5061612,0.14684644,0.2427876,0.45056915,1.076805,0.93884593,0.53801453,0.31580633,0.04241906,2.5330534,0.2129044,0.9366612,0.54838717,0.50559956,0.14406636,1.9659747,0.7300172,0.475382,0.61287105,0.3420397,0.09123567,0.6107776,0.13431588,0.0057498394,0.039922334,0.09514043,0.10316417,0.37523848,1.3106074,0.12644833,0.16149539,1.0019175,0.79436684,0.4795992,1.1007814,0.06650734,0.5837048,0.2828176,0.5950154,0.15119766,2.0424535,0.5921408,0.0072362404,0.21822065,0.28158385,0.10060663,0.66670173,0.063064486,0.20308723,0.1475834,0.26994163,0.7481369,0.32120365,0.2722686,3.1960404,0.6886978,0.19078185,0.17139369,0.321584,0.05387929,0.07050629,0.17958918,0.7308085,0.22426562,0.8965103,0.3040728,1.0404437,1.2069371,0.10585596,0.64426076,0.4730226,1.1443189,0.67467916,0.3624113,1.0771501,0.2627171,0.25791028,0.9985888,0.014650624,0.14550719,0.5255271,1.2742535,0.3296408,0.40987033,0.66002244,0.76117575,0.048870046,0.18148401,0.2833644,0.33545285,0.84633267,1.5800183,0.7787495,0.19211766,1.3030816,0.3235685,0.14584327,0.04091554,0.1163114,0.13136631,0.4703859,0.8497211,0.033798635,0.26451093,0.888075,0.5171783,0.035580885,0.9065365,0.19788201,0.0671901,0.6743269,0.31197834,0.1383933,0.9880296,0.027051704,1.703913,0.4267468,0.009384074,0.25053146,0.11743151,0.59872717,1.4005731,1.3256583,0.08086766,0.73876786,0.22037105,0.5118893,0.030494632,0.102133796,1.820902,1.5738289,0.2571136,0.0,0.028904218,0.08447114,0.59770215,0.05132154,0.29632157,0.5022431,0.87424374,0.09474512,0.5792255,1.1601592,0.60467494,0.2445474,0.021311358,1.0154965,0.2639445,0.15625915,0.00035846888,0.3913165,0.38706127,0.107314296,0.41213727,0.1282429,0.78860044,0.007944259,0.25976512,0.13284822,0.31330872,1.3598211,0.04930801,0.811913,0.1051378,0.47912046,0.29389292,0.87214005,0.62269396,1.213339,0.13877517,0.1849885,0.13730538,0.09753146,0.8914756,0.9881818,0.22748946,0.85289645,0.020960562,0.45783076,0.3348326,0.35138103,0.686043,0.029860768,0.208478,0.07222742,0.3353467,0.23376888,1.880111,0.43250182,0.09299893,0.9171877,0.31854057,0.3568698,0.18659735,0.510924,0.24223843,0.49810728,1.0644691,0.11260391,0.75555915,0.012828452,0.45488998,0.07617369,0.6763749,0.061706968,0.46616513,0.31493822,0.26964635,0.498846,0.34906524,0.18788436,0.10486165,0.2500673,0.23442984,0.22708488,0.65148646,0.25415626,2.5617986,0.61482483,0.19587092,0.39345187,0.73558855,0.09205252,0.23849794,0.26094568,0.20349018,0.68430316,0.7322566,0.030946428,0.34074143,0.3077436,0.39827445,0.15043749,0.5029656,0.09601968,0.30160433,0.33461982,0.1255174,0.1757122,0.19432302,0.20736852,0.65033555,0.6370218,0.14316179,0.3035813,1.0312914,0.08657787,0.4104141,0.14008185,0.10064108,0.37672132,1.1349952,0.6994077,0.366068,0.01900911,0.038903624,0.28469044,0.33755964,0.08709761,0.08362648,0.11050618,0.43861422,0.6788931,0.057243098,2.483605,0.0,1.0432354,1.039717,1.0152594,0.13998726,0.041851643,0.2087732,0.18263255,0.3412759,0.11862425,0.06159669,0.73810554,0.25283974,0.29561698,0.16123389,0.6701331,0.51003623,0.007546487,0.3755909,0.9967605,0.22679614,0.5539343,0.14837247,1.1808894,0.027036687,0.25269103,0.5284441,0.33791032,0.09205881,1.2608991,0.029813215,0.41000262,0.14024869,0.30142543,0.26843843,0.14870569,0.0,0.23379317,0.006475482,0.24551734,0.5306897,0.060851112,0.10116753,0.12849729,0.13331938,0.20855011,0.23446205,0.064365685,0.82161486,0.3257041,0.12337847,0.13447975,1.3131826,0.036411308,0.13760519,0.2165339,0.51822925,1.4238193,0.61149144,0.07896273,0.05302167,0.094458774,1.1264721,0.43441615,1.3645235,2.396034,0.42255566,0.23432285,0.5428333,0.15894516,0.0938925,0.019337703,0.2102022,0.14403991,0.8350301,0.0656548,0.26614556,0.4072612,0.35281724,0.17483555,0.044923052,0.23141211,0.13774952,0.11457163,0.30048904,0.16964872,0.34924525,0.41226852,0.7252927,0.2657118,0.053950273,0.27241266,0.88288367,0.45906627,1.1877067,0.030423103,0.21021368,0.43002102,1.1979828,0.15390664,0.23831658,0.004992955,0.17399928,0.13096091,0.33081216,0.16474569,0.1259709,0.27257526,0.34513214,0.19860744,0.12758563,0.34940392,0.19492921,0.5498845,0.38575464,0.022210794,0.31241086,0.07236248,0.13039562,0.7787301,0.46414703,0.28681466,0.006601267,0.077994004,0.2465123,0.51543087,0.55914104,0.29349023,0.114808165,0.47076094,0.6340637,0.6317539,0.24664333,0.09440321,0.0464634,0.27172604,0.8890578,0.30727887,0.25203478,0.23539047,0.27160904,0.19863579,0.7225752,0.56606346,0.3451063,0.35441384,0.0155809745,0.20685746,0.33430168,0.26760846,0.33383152,0.44200423,0.3226459,1.0972799,0.42122087,0.5247504,0.4843146,0.6064403,0.18852806,0.48227403,0.073540784,1.2265717,0.71447855,0.0,0.6322349,0.63265467,0.2821332,0.0,0.13060571,0.42227834,0.942732,0.11736682,0.40272582,0.31175447,0.1877734,0.27713817,0.070541084,0.043008566,0.8498299,0.08790615,0.14997251,0.086739644,0.52503294,0.20873317,0.37179172,0.35510546,0.26394263,0.21895772,0.38675162,0.20126557,0.06311306,0.38418478,0.12811486,0.42010626,0.058534425,0.26165503,0.11615005,0.34869227,0.19241588,0.22654375,0.123952374,0.07008022,0.16362652,0.43631464,0.6866415,0.57052547,0.0427749,0.05276679,0.15694575,0.25890923,0.26841182,0.9212762,0.5066732,0.98144186,0.4292345,0.16280751,0.33566126,0.8509613,0.020101728,0.8649835,0.3445372,0.61889803,0.16373947,0.07317384,0.060224064,0.1697283,0.7021144,0.1422337,0.22134186,0.056059662,0.6678425,0.057206087,0.59070617,0.7131593,0.29936272,0.3579579,0.596183,0.05463767,0.5973853,0.0126833925,0.23365283,0.23130324,0.3187872,0.41687137,0.009778528,0.05452646,0.24151169,0.08245167,0.53681487,1.1914067,0.31006664,0.5877418,0.25665772,0.0002100132,0.44479117,0.12974076,0.9692751,0.2825084,0.08238009,0.1861295,0.4132757,0.19921175,0.2088103,0.4900358,0.6368648,0.23310277,0.6401987,0.29030532,0.21178669,0.12147055,0.308966,0.35122573,0.58006084,0.44684613,0.20284936,0.13917802,0.3959825,0.124017,0.48065722,0.009826753,0.3560085,0.19920339,0.29120827,0.039416812,0.40766227,0.40221494,0.31371427,0.71729004,0.3542304,0.7088278,0.41306323,0.3515663,0.009739138,0.21926191,1.1661534,0.15752883,0.05932761,0.0,0.27857202,0.3597234,0.22439423,0.20574468,0.8590236,0.48059657,0.0650244,0.35746405,0.011472434,0.04035518,0.5057546,0.13801935,0.43231013,0.6517771,0.3141381,0.4135875,0.314063,0.805274,0.29364806,0.12841903,0.017029222,1.0541067,0.28169096,0.38946247,0.2430003,0.22461678,0.0023127426,0.1607733,0.54611164,0.123475,0.30778873,0.3695416,0.7277508,0.31080595,0.52629155,0.58947146,0.14234176,0.15920517,0.73109555,0.13275743,0.06649086,0.13311903,0.6585785,0.76172996,0.69281125,0.090643816,0.46058142,0.16936813,0.1500471,0.1634138,0.50193,0.57818216,0.2592614,0.42106995,0.031031206,0.467882,0.18150325,0.050723452,0.120596364,0.72192705,0.06564841,0.0111591155,0.3649488,0.34683958,0.070466645,0.27878577,0.29145688,0.13952026,0.31570438,0.672522,0.40285084,0.17964904,0.23337086,0.053731587,1.0788994,0.20721713,0.20009351,0.15667407,0.26168263,0.41938075,0.23021626,0.012744993,0.28790832,0.23712438,0.50803256,0.8187769,0.2048797,0.73331034,0.20908922,0.036093272,0.6305877,0.35912007,0.105297685,0.21787645,0.5686829,0.19094843,0.56221807,0.7823527,0.9029031,0.13364501,0.59526896,0.21020493,0.12472175,0.18638685,0.042444505,0.61383104,0.20513082,0.35255313,0.25723964,0.052318104,0.045154743,0.08065348,0.04282943,0.82446575,0.5517404,0.26531634,0.14793146,0.5561997,0.98499596,0.032731965,0.033285145,0.3126698,0.83234197,0.70114243,0.27560174,0.009045006,0.8336005,0.16574724,0.2595445,0.57845503,0.20446888,0.0,0.0,0.5194684,0.12647387,0.2989895,0.14248739,0.25932437,0.261563,0.4018064,0.24582663,0.10321911,0.16945064,0.020251576,0.2801546,0.2758033,0.12835008,0.0,0.77491343,0.068440974,0.026027845,0.27177975,0.7751235,0.53173643,0.4338285,0.7529299,0.045415998,0.51870495,0.40452546,0.29719257,0.34853256,0.08128333,0.43296796,0.20550548,0.45000514,0.015806848,0.11714024,0.626701,0.19613466,0.05269313,0.6389502,0.35220677,0.18169011,0.27388477,1.0279843,0.062929794,0.16668922,0.036570802,0.4800319,0.16289702,0.13553756,0.80569327,0.31762338,0.09163928,0.072474174,0.17645437,0.51334107,0.24358086,0.029579232,0.23703071,0.20980376,0.0044824453,0.39631277,0.022284202,0.2785234,0.024887044,0.026206084,0.050490282,0.39657685,0.046806194,1.1281886,0.61266804,0.29194224,0.7721081,0.22466083,0.1688061,0.5437074,0.37119967,0.022396429,0.21957861,0.6836457,0.24353026,0.5346408,0.8940542,0.37149936,0.083411366,0.23334135,0.16069385,0.037837856,0.43085328,0.90832174,0.5701271,0.79167217,0.49659467,0.0071509173,0.2590585,0.32588023,0.12884015,0.23623687,0.12618583,0.066162735,0.15283814,0.33062828,0.44772166,0.03771502,0.38845536,0.08477922,0.45935285,0.09739231,0.47075728,0.012648305,0.46037328,0.083487645,0.0893759,0.22436623,0.47969848,0.14433403,0.006024477,0.13453478,0.158622,0.50026435,0.06387557,0.667348,0.57018274,0.63277924,0.06659402,0.22848222,0.22526307,0.08763014,0.053722188,0.39989236,0.4238422,0.29084074,0.10309927,0.3711514,0.057468142,0.5596459,0.44702464,0.1390927,0.21287537,0.7872865,0.42714196,0.48711777,0.42376995,0.12394578,0.147675,0.2744239,0.5730586,0.23755318,1.2678936,0.62655354,0.25258097,0.17277047,0.26951724,0.90444064,9.972945e-05,0.13296472,1.1253935,1.1776116,0.3241783,0.15593317,0.13033105,0.52061856,0.39283854,0.52683306,0.11432092,0.17441002,0.090708956,0.36393118,0.109079316,0.30105567,1.018306,0.02332508,0.1871433,0.25643155,0.06539954,0.24003658,0.46473995,0.3142661,0.534433,0.4841703,0.35631144,0.54437745,0.14704858,0.27093208,0.51140004,0.16221267,0.46050033,0.9039978,0.38352236,0.6188628,0.121601745,1.1423303,0.064849675,0.1603315,0.6954999,0.020215584,0.3349464,0.14729953,0.14003861,0.7027391,0.0008913696,0.4596326,0.81877875,0.92221385,0.048378993,0.5055236,0.55622464,0.027967595,0.53144133,0.1737275,0.804933,0.12953968,1.0075512,0.18791893,0.5189834,0.58200127,0.19419844,0.086823314,0.26553082,0.045547634,0.44518656,0.009476153,0.5589999,0.16939467,0.22832325,0.39273697,0.08063659,0.18541348,0.18808001,0.14421399,0.10356055,0.31155172,0.8513384,0.29236805,0.3733958,0.1390048,0.37786695,0.09486979,0.07219947,0.25590694,0.2798574,0.03893941,0.18812001,0.08905026,0.64433825,0.21058303,0.21434106,0.37154508,0.441021,0.34739342,1.0245706,0.14828348,0.4726603,0.8116685,0.25161064,0.23948723,0.63062996,0.44409305,0.21754107,0.8447187,0.7825743,0.18151444,0.3480175,0.2678514,0.97569644,0.035820913,0.15937182,0.8781483,0.11666325,0.5346535,0.6391226,0.21947077,0.4066166,0.409437,0.37328336,0.73278844,0.5209844,0.0,0.36325496,0.38794315,0.48745382,0.2917333,0.25865394,0.19584519,0.14388056,0.22692293,0.40763426,0.5919468,0.43611234,0.032979526,0.9327036,0.24488035,0.17604378,0.98900825,0.086610705,0.09929958,0.46615294,0.2582446,0.5373139,0.5729234,0.25874472,0.34500766,0.5427871,0.6232271,0.126513,0.6108736,0.4760739,0.1663569,0.238863,0.1459652,0.21680723,0.12090638,0.32136637,0.59558004,0.008189202,0.5229809,0.27889884,0.43967253,0.19017026,0.4799275,0.8078035,0.56728077,0.07112797,1.0098088,1.10073,0.22636744,0.35398924,0.13955365,0.42472598,0.52528656,0.85299784,0.30556872,0.17898563,0.6568011,0.18906368,0.20928141,0.18588172,0.5163563,0.4644212,0.75566834,0.026128538,0.4408044,0.010458303,0.2840636,0.19741932,0.02217158,1.0668182,0.43277523,0.5113002,0.82341135,0.52130544,0.15290377,0.017762035,0.57917786,0.16996521,0.69010293,1.0057465,0.16654459,0.40705088,0.42601478,0.3030727,1.2566093,1.4234428,0.16152987,0.053135082,0.2929565,0.085171364,0.3027811,0.07655029,0.5570818,0.13149731,0.5073261,0.29034886,0.43209705,0.0004128141,0.27523947,0.46445313,0.89276516,0.17695305,0.3126151,0.051979143,0.09755908,0.70166296,0.13121586,0.07165554,0.025685506,0.40886888,0.0030892475,0.03583613,0.20728192,0.60860384,0.19169623,0.18162347,0.28981048,0.2982707,0.049214616,0.30631775,0.47633657,0.7311945,0.031067448,0.24575636,0.5386996,0.674812,0.15826419,0.2916497,0.2952818,0.36551934,0.3297312,0.42434227,0.35263973,0.4166484,0.055480443,0.22435498,0.70984924,0.25466287,0.18465653,0.5662332,0.56484073,0.18104756,0.01966854,0.1801695,1.021716,0.15566254,0.29566836,0.10523118,0.26617295,0.2686605,0.2244024,1.027932,0.28309435,0.07381627,0.1903936,0.0,0.05524179,0.7426828,0.13701288,0.90203977,0.5668715,0.18737882,0.47739834,0.7316858,0.1970071,1.4133191,0.8928187,0.09789597,0.269899,0.41125607,0.17092903,0.64751875,0.6902824,0.00916845,0.06386472,0.55977786,0.44885075,0.3155192,1.2202024,0.8891298,0.013800196,0.096624844,0.1461286,0.14166519,0.42179984,0.19516416,0.68318313,0.4999365,0.0,0.59988785,0.10140275,0.005704865,0.037927937,0.042767644,0.16311848,0.0,0.42505234,0.74717444,0.088747896,0.7381635,0.43725726,0.25802812,1.3187844,0.0,0.3242765,0.33621344,0.05929919,2.4475842,0.54407126,1.0929313,0.0,0.09115655,0.11143853,0.34214452,0.8472076,0.37519372,0.071418226,1.6103294,0.23914844,0.5530964,0.3202132,1.035363,0.6036224,0.78754735,0.19334918,0.117908,0.9799749,0.3249849,2.161773,2.4600677,1.4255624,0.5892024,0.31992215,0.44370314,0.7418633,0.03119656,0.0,1.2726395,0.23930942,0.080155596,0.6031493,0.41041416,0.42189902,0.22472852,0.06502159,0.572647,0.6981423,0.5950984,0.59053993,0.29385635,0.038846437,0.00070121425,0.9232427,0.52313226,0.8356294,0.23091707,0.3069464,1.0628966,0.11028679,0.67806476,0.44510692,0.49134684,0.9412779,0.13524482,0.32000113,0.36438888,0.8437679,0.051010948,0.2971275,0.12508473,0.3202757,0.3108348,0.1704475,0.0,1.2208912,1.2826394,0.21619488,0.76393783,0.7232516,0.09291626,0.39918905,0.43001562,1.737227,1.7662373,0.03955972,1.8166363,0.041578207,0.24257073,0.7744184,0.09798938,0.0524908,1.1986153,0.39320356,0.5426128,0.35641378,0.37734953,0.4133512,0.20386152,0.3352875,0.98001814,0.17609313,0.45734525,0.18406993,1.127607,1.2202477,0.08031752,0.068354204,0.25666285,0.110190645,3.0398083,0.22505994,0.75966656,0.6949678,0.23724042,1.9547584,0.62699544,0.5871917,0.7290483,0.73371744,0.6212036,0.27859053,1.8225381,1.5251493,0.018548127,0.5224736,1.0935535,1.227055,0.0,0.46918365,0.09117029,0.2179208,0.9216861,0.4953215,0.1435338,0.22682327,1.0288651,1.1413167,0.0,2.0467308,1.1480542,0.09591394,0.24088982,0.055352576,0.32976055,0.1240173,1.5860082,0.8036338,0.118098855,0.059531637,0.0824882,0.44854388,0.0397444,0.44904122,1.1122141,0.9332409,0.30176535,0.12530863,0.6457085,1.7438524,0.47397792,0.15111214,0.12801678
