0,1,2,3,4,5,6,7,8,9,10,11,12,13,14,15,16,17,18,19,20,21,22,23,24,25,26,27,28,29,30,31,32,33,34,35,36,37,38,39,40,41,42,43,44,45,46,47,48,49,50,51,52,53,54,55,56,57,58,59,60,61,62,63,64,65,66,67,68,69,70,71,72,73,74,75,76,77,78,79,80,81,82,83,84,85,86,87,88,89,90,91,92,93,94,95,96,97,98,99,100,101,102,103,104,105,106,107,108,109,110,111,112,113,114,115,116,117,118,119,120,121,122,123,124,125,126,127,128,129,130,131,132,133,134,135,136,137,138,139,140,141,142,143,144,145,146,147,148,149,150,151,152,153,154,155,156,157,158,159,160,161,162,163,164,165,166,167,168,169,170,171,172,173,174,175,176,177,178,179,180,181,182,183,184,185,186,187,188,189,190,191,192,193,194,195,196,197,198,199,200,201,202,203,204,205,206,207,208,209,210,211,212,213,214,215,216,217,218,219,220,221,222,223,224,225,226,227,228,229,230,231,232,233,234,235,236,237,238,239,240,241,242,243,244,245,246,247,248,249,250,251,252,253,254,255,256,257,258,259,260,261,262,263,264,265,266,267,268,269,270,271,272,273,274,275,276,277,278,279,280,281,282,283,284,285,286,287,288,289,290,291,292,293,294,295,296,297,298,299,300,301,302,303,304,305,306,307,308,309,310,311,312,313,314,315,316,317,318,319,320,321,322,323,324,325,326,327,328,329,330,331,332,333,334,335,336,337,338,339,340,341,342,343,344,345,346,347,348,349,350,351,352,353,354,355,356,357,358,359,360,361,362,363,364,365,366,367,368,369,370,371,372,373,374,375,376,377,378,379,380,381,382,383,384,385,386,387,388,389,390,391,392,393,394,395,396,397,398,399,400,401,402,403,404,405,406,407,408,409,410,411,412,413,414,415,416,417,418,419,420,421,422,423,424,425,426,427,428,429,430,431,432,433,434,435,436,437,438,439,440,441,442,443,444,445,446,447,448,449,450,451,452,453,454,455,456,457,458,459,460,461,462,463,464,465,466,467,468,469,470,471,472,473,474,475,476,477,478,479,480,481,482,483,484,485,486,487,488,489,490,491,492,493,494,495,496,497,498,499,500,501,502,503,504,505,506,507,508,509,510,511,512,513,514,515,516,517,518,519,520,521,522,523,524,525,526,527,528,529,530,531,532,533,534,535,536,537,538,539,540,541,542,543,544,545,546,547,548,549,550,551,552,553,554,555,556,557,558,559,560,561,562,563,564,565,566,567,568,569,570,571,572,573,574,575,576,577,578,579,580,581,582,583,584,585,586,587,588,589,590,591,592,593,594,595,596,597,598,599,600,601,602,603,604,605,606,607,608,609,610,611,612,613,614,615,616,617,618,619,620,621,622,623,624,625,626,627,628,629,630,631,632,633,634,635,636,637,638,639,640,641,642,643,644,645,646,647,648,649,650,651,652,653,654,655,656,657,658,659,660,661,662,663,664,665,666,667,668,669,670,671,672,673,674,675,676,677,678,679,680,681,682,683,684,685,686,687,688,689,690,691,692,693,694,695,696,697,698,699,700,701,702,703,704,705,706,707,708,709,710,711,712,713,714,715,716,717,718,719,720,721,722,723,724,725,726,727,728,729,730,731,732,733,734,735,736,737,738,739,740,741,742,743,744,745,746,747,748,749,750,751,752,753,754,755,756,757,758,759,760,761,762,763,764,765,766,767,768,769,770,771,772,773,774,775,776,777,778,779,780,781,782,783,784,785,786,787,788,789,790,791,792,793,794,795,796,797,798,799,800,801,802,803,804,805,806,807,808,809,810,811,812,813,814,815,816,817,818,819,820,821,822,823,824,825,826,827,828,829,830,831,832,833,834,835,836,837,838,839,840,841,842,843,844,845,846,847,848,849,850,851,852,853,854,855,856,857,858,859,860,861,862,863,864,865,866,867,868,869,870,871,872,873,874,875,876,877,878,879,880,881,882,883,884,885,886,887,888,889,890,891,892,893,894,895,896,897,898,899,900,901,902,903,904,905,906,907,908,909,910,911,912,913,914,915,916,917,918,919,920,921,922,923,924,925,926,927,928,929,930,931,932,933,934,935,936,937,938,939,940,941,942,943,944,945,946,947,948,949,950,951,952,953,954,955,956,957,958,959,960,961,962,963,964,965,966,967,968,969,970,971,972,973,974,975,976,977,978,979,980,981,982,983,984,985,986,987,988,989,990,991,992,993,994,995,996,997,998,999,1000,1001,1002,1003,1004,1005,1006,1007,1008,1009,1010,1011,1012,1013,1014,1015,1016,1017,1018,1019,1020,1021,1022,1023,1024,1025,1026,1027,1028,1029,1030,1031,1032,1033,1034,1035,1036,1037,1038,1039,1040,1041,1042,1043,1044,1045,1046,1047,1048,1049,1050,1051,1052,1053,1054,1055,1056,1057,1058,1059,1060,1061,1062,1063,1064,1065,1066,1067,1068,1069,1070,1071,1072,1073,1074,1075,1076,1077,1078,1079,1080,1081,1082,1083,1084,1085,1086,1087,1088,1089,1090,1091,1092,1093,1094,1095,1096,1097,1098,1099,1100,1101,1102,1103,1104,1105,1106,1107,1108,1109,1110,1111,1112,1113,1114,1115,1116,1117,1118,1119,1120,1121,1122,1123,1124,1125,1126,1127,1128,1129,1130,1131,1132,1133,1134,1135,1136,1137,1138,1139,1140,1141,1142,1143,1144,1145,1146,1147,1148,1149,1150,1151,1152,1153,1154,1155,1156,1157,1158,1159,1160,1161,1162,1163,1164,1165,1166,1167,1168,1169,1170,1171,1172,1173,1174,1175,1176,1177,1178,1179,1180,1181,1182,1183,1184,1185,1186,1187,1188,1189,1190,1191,1192,1193,1194,1195,1196,1197,1198,1199,1200,1201,1202,1203,1204,1205,1206,1207,1208,1209,1210,1211,1212,1213,1214,1215,1216,1217,1218,1219,1220,1221,1222,1223,1224,1225,1226,1227,1228,1229,1230,1231,1232,1233,1234,1235,1236,1237,1238,1239,1240,1241,1242,1243,1244,1245,1246,1247,1248,1249,1250,1251,1252,1253,1254,1255,1256,1257,1258,1259,1260,1261,1262,1263,1264,1265,1266,1267,1268,1269,1270,1271,1272,1273,1274,1275,1276,1277,1278,1279,1280,1281,1282,1283,1284,1285,1286,1287,1288,1289,1290,1291,1292,1293,1294,1295,1296,1297,1298,1299,1300,1301,1302,1303,1304,1305,1306,1307,1308,1309,1310,1311,1312,1313,1314,1315,1316,1317,1318,1319,1320,1321,1322,1323,1324,1325,1326,1327,1328,1329,1330,1331,1332,1333,1334,1335,1336,1337,1338,1339,1340,1341,1342,1343,1344,1345,1346,1347,1348,1349,1350,1351,1352,1353,1354,1355,1356,1357,1358,1359,1360,1361,1362,1363,1364,1365,1366,1367,1368,1369,1370,1371,1372,1373,1374,1375,1376,1377,1378,1379,1380,1381,1382,1383,1384,1385,1386,1387,1388,1389,1390,1391,1392,1393,1394,1395,1396,1397,1398,1399,1400,1401,1402,1403,1404,1405,1406,1407,1408,1409,1410,1411,1412,1413,1414,1415,1416,1417,1418,1419,1420,1421,1422,1423,1424,1425,1426,1427,1428,1429,1430,1431,1432,1433,1434,1435,1436,1437,1438,1439,1440,1441,1442,1443,1444,1445,1446,1447,1448,1449,1450,1451,1452,1453,1454,1455,1456,1457,1458,1459,1460,1461,1462,1463,1464,1465,1466,1467,1468,1469,1470,1471,1472,1473,1474,1475,1476,1477,1478,1479,1480,1481,1482,1483,1484,1485,1486,1487,1488,1489,1490,1491,1492,1493,1494,1495,1496,1497,1498,1499,1500,1501,1502,1503,1504,1505,1506,1507,1508,1509,1510,1511,1512,1513,1514,1515,1516,1517,1518,1519,1520,1521,1522,1523,1524,1525,1526,1527,1528,1529,1530,1531,1532,1533,1534,1535,1536,1537,1538,1539,1540,1541,1542,1543,1544,1545,1546,1547,1548,1549,1550,1551,1552,1553,1554,1555,1556,1557,1558,1559,1560,1561,1562,1563,1564,1565,1566,1567,1568,1569,1570,1571,1572,1573,1574,1575,1576,1577,1578,1579,1580,1581,1582,1583,1584,1585,1586,1587,1588,1589,1590,1591,1592,1593,1594,1595,1596,1597,1598,1599,1600,1601,1602,1603,1604,1605,1606,1607,1608,1609,1610,1611,1612,1613,1614,1615,1616,1617,1618,1619,1620,1621,1622,1623,1624,1625,1626,1627,1628,1629,1630,1631,1632,1633,1634,1635,1636,1637,1638,1639,1640,1641,1642,1643,1644,1645,1646,1647,1648,1649,1650,1651,1652,1653,1654,1655,1656,1657,1658,1659,1660,1661,1662,1663,1664,1665,1666,1667,1668,1669,1670,1671,1672,1673,1674,1675,1676,1677,1678,1679,1680,1681,1682,1683,1684,1685,1686,1687,1688,1689,1690,1691,1692,1693,1694,1695,1696,1697,1698,1699,1700,1701,1702,1703,1704,1705,1706,1707,1708,1709,1710,1711,1712,1713,1714,1715,1716,1717,1718,1719,1720,1721,1722,1723,1724,1725,1726,1727,1728,1729,1730,1731,1732,1733,1734,1735,1736,1737,1738,1739,1740,1741,1742,1743,1744,1745,1746,1747,1748,1749,1750,1751,1752,1753,1754,1755,1756,1757,1758,1759,1760,1761,1762,1763,1764,1765,1766,1767,1768,1769,1770,1771,1772,1773,1774,1775,1776,1777,1778,1779,1780,1781,1782,1783,1784,1785,1786,1787,1788,1789,1790,1791,1792,1793,1794,1795,1796,1797,1798,1799,1800,1801,1802,1803,1804,1805,1806,1807,1808,1809,1810,1811,1812,1813,1814,1815,1816,1817,1818,1819,1820,1821,1822,1823,1824,1825,1826,1827,1828,1829,1830,1831,1832,1833,1834,1835,1836,1837,1838,1839,1840,1841,1842,1843,1844,1845,1846,1847,1848,1849,1850,1851,1852,1853,1854,1855,1856,1857,1858,1859,1860,1861,1862,1863,1864,1865,1866,1867,1868,1869,1870,1871,1872,1873,1874,1875,1876,1877,1878,1879,1880,1881,1882,1883,1884,1885,1886,1887,1888,1889,1890,1891,1892,1893,1894,1895,1896,1897,1898,1899,1900,1901,1902,1903,1904,1905,1906,1907,1908,1909,1910,1911,1912,1913,1914,1915,1916,1917,1918,1919,1920,1921,1922,1923,1924,1925,1926,1927,1928,1929,1930,1931,1932,1933,1934,1935,1936,1937,1938,1939,1940,1941,1942,1943,1944,1945,1946,1947,1948,1949,1950,1951,1952,1953,1954,1955,1956,1957,1958,1959,1960,1961,1962,1963,1964,1965,1966,1967,1968,1969,1970,1971,1972,1973,1974,1975,1976,1977,1978,1979,1980,1981,1982,1983,1984,1985,1986,1987,1988,1989,1990,1991,1992,1993,1994,1995,1996,1997,1998,1999,2000,2001,2002,2003,2004,2005,2006,2007,2008,2009,2010,2011,2012,2013,2014,2015,2016,2017,2018,2019,2020,2021,2022,2023,2024,2025,2026,2027,2028,2029,2030,2031,2032,2033,2034,2035,2036,2037,2038,2039,2040,2041,2042,2043,2044,2045,2046,2047
0.92395186,0.37774262,0.2692616,0.21991114,0.3616411,0.2207439,0.3889232,0.2810263,0.17386237,0.34651488,0.41642103,0.09367093,0.22880596,0.4455924,0.27507472,0.24014798,0.93675846,0.67910063,0.53488183,1.0222214,0.65977263,0.1252343,0.31358215,0.12925947,0.16441937,0.20011534,1.0635405,0.23852217,0.3020431,0.81095946,0.19991457,1.0472661,0.2585945,0.5908549,0.19252571,0.48425692,0.51279664,0.5672006,0.2718318,0.05509814,0.814659,0.133153,0.09127474,0.55331385,0.7939948,0.0019973905,0.15178642,0.009090731,0.55943036,0.16987808,0.2930418,0.17448273,0.1293608,0.10695161,0.16326185,0.3120879,0.6448357,0.34286022,0.9251888,0.71517706,0.14784005,0.28235438,0.72194755,0.23220992,0.1568744,0.3210277,0.49222282,0.18314603,0.27147347,0.0455263,0.6298526,0.4719831,0.5430239,0.1314365,0.41558394,0.38648537,0.15894337,0.48840225,0.33231384,0.11392404,0.3090992,0.6886128,0.3882778,0.3948165,0.70498013,0.08198521,0.49567237,0.40780336,0.23893811,0.46962732,0.55171585,0.66045237,0.26954347,0.7241323,0.5672785,0.07952221,0.4376676,0.009284558,0.2947031,0.46616998,1.1404248,0.56485856,0.7433132,0.40887284,0.27665693,0.69232225,0.30240715,0.40079,0.14941287,0.18403767,0.27191877,0.058637656,0.2749867,0.33963582,0.5461719,0.06631149,0.33006796,0.43161803,0.38275552,0.6102724,0.29905972,0.38630062,0.4205486,0.6343204,0.09821693,0.20166229,0.04236512,0.39007485,0.08787757,0.051859595,0.3283176,0.4521619,0.15278536,0.15045048,1.1235822,0.38098398,0.39318067,0.23790218,0.12256484,0.09962577,0.6402763,0.5115589,0.17169343,0.6349569,0.36792034,0.6727886,0.39698464,0.82685894,0.31834286,0.25092155,0.06502869,0.06798381,0.51267374,1.1448834,0.70120835,0.5342518,0.2837566,0.066108555,0.54103965,0.72944933,0.565037,0.2581464,0.9296988,0.28551885,0.12489196,0.08832842,0.16299681,0.5989902,0.24577287,0.121703655,0.17381573,0.93790126,0.78742814,0.51731664,0.1012579,0.18097058,0.41729587,0.1714395,0.42449987,0.46953967,0.49374235,1.1426436,0.23543759,0.37979728,0.3703182,0.54622763,0.5277972,0.2309658,1.1520588,0.5302313,0.070512675,0.099119395,0.4546407,0.697482,0.6408722,0.24628916,0.524931,0.06059687,0.47548646,0.2915954,0.06646946,0.09702411,0.26754642,0.75936747,0.3162501,0.0558301,0.35974896,0.33396673,0.661595,0.78969735,0.1581475,0.51970416,0.08144069,0.90619826,0.55880046,1.0052202,1.1474619,0.15113494,0.69536746,0.2873689,1.0574453,1.1002992,0.14196694,0.34587336,0.5030999,0.32213226,0.13691859,0.23594284,0.6739987,0.19702196,0.082644165,0.8964828,0.11103794,0.108924285,0.026207175,0.38257614,0.055934496,0.49230456,0.08342135,0.6939384,0.24221866,0.58408624,0.30494314,0.34162432,0.08551963,0.673208,0.045275208,0.15693493,0.54657817,0.7045208,0.43712068,0.3185849,0.19777699,0.22913413,0.016684685,0.05991141,0.12191549,0.0024750177,0.15836105,0.13774136,0.20235811,0.24618468,0.5933157,0.33211303,0.024479037,0.18558754,0.79867816,0.22779441,1.0915939,0.25438577,0.36549112,0.25850356,0.26697803,0.048483033,0.30292606,1.3113604,0.1720233,0.462003,0.18852323,0.30651623,0.2006145,0.3706067,0.82812214,0.5022383,1.090339,0.5552426,0.55452144,0.41518533,0.20791477,0.5119935,0.3470892,0.56178963,0.16489403,0.20954159,0.25000983,0.49495047,0.51282847,0.4182705,0.43478367,0.17617679,0.6321209,0.686901,0.07846084,1.1770551,0.4324588,0.009295036,0.25281423,0.4111467,1.0269997,0.0994121,0.27111763,0.057769544,0.0848085,0.5982335,0.3142299,0.13723083,0.21221879,0.43825707,0.22235638,0.32528594,0.028291468,0.5250498,0.4987963,0.3077964,0.11764501,0.10842819,0.038232774,0.36216173,0.36237884,0.1693049,0.29585353,0.40367573,0.065641604,0.44544932,0.7078084,0.30891275,0.27026996,0.11149387,0.33708,0.20903133,0.25328273,0.43437296,0.7732605,0.2299596,0.37389004,0.19033974,0.259133,0.20471278,0.4691906,0.09443386,0.26955187,0.26623487,0.5829399,0.5789222,0.16556025,0.1244175,0.23255016,0.21751803,0.32289085,0.3504894,0.34100515,0.20538144,0.1811289,0.07214441,0.43156072,0.17484564,0.5130574,0.5707203,0.17341909,0.30984148,0.5363195,0.2267928,0.38450745,0.13769054,0.16173917,0.6079003,0.36552128,0.09555988,0.206633,0.71700287,0.30207378,0.19163078,0.50840425,0.6170018,0.42528638,0.5456698,0.3584119,0.13447367,0.94597745,0.07440355,0.55832624,0.31966817,0.3208046,0.2378399,0.1507756,0.32671085,0.50929534,0.34968123,0.5807355,0.34481794,0.27804503,0.34622306,0.17718057,0.1252798,0.09281734,0.25341344,0.16394965,0.22356296,1.2921053,0.34955093,0.14365119,0.44676742,0.20222056,0.3099054,0.24213226,0.3871891,0.06918867,0.21713048,0.27417907,0.16170461,0.044378594,0.23786324,0.5064682,0.453423,0.25882193,0.30238247,0.46110952,0.113667026,0.06868186,0.52339417,0.11229592,0.27238768,1.1399027,0.1110956,0.22485492,0.098273456,0.3047385,0.34195036,0.13554542,0.34629115,0.6300644,0.2466244,0.4867746,0.30202952,0.111610234,0.39128333,0.22909941,0.5594815,0.09881265,0.13846645,0.6611705,0.033573635,0.32763085,0.1291731,0.20674996,0.067322426,0.06851977,0.1466017,0.05943532,0.21489951,0.024980433,0.16890287,0.15777016,1.6446146,0.5738692,0.14273742,0.3906402,0.4928885,0.33573306,0.09057851,0.61749554,0.3788271,0.65815014,0.53603077,0.15440643,0.6803258,0.30706233,0.47054845,0.29782113,0.07215793,0.286111,0.2957995,0.11957363,0.31545383,0.43099016,0.7458895,0.14357603,0.721851,0.14912173,0.15106834,0.11586333,0.13211653,0.23931222,0.1558913,0.34069002,0.32821688,0.542084,0.20979548,1.2719865,0.29268983,0.5822645,0.13280064,0.9034429,0.11699556,0.39588705,0.919855,0.6144378,0.21313713,0.28101662,0.34047353,0.59256387,0.16748925,0.55388945,0.16671611,0.60046697,0.310391,0.2378208,0.48414785,0.18406257,0.26541504,0.23663974,0.34323618,0.187244,0.2778513,0.7426321,0.057371944,0.1559215,0.19047572,0.5018172,0.18223526,0.14881971,0.3782226,0.8129213,0.2850868,0.50170153,1.1126719,0.1852112,0.09708664,0.096485235,0.15131497,0.2697072,0.5549439,0.27144337,0.07929458,0.11217427,0.06532671,0.3065648,0.4213081,0.15622807,0.4162283,0.32898405,0.11944525,0.3646193,0.18512994,0.22391689,0.32651207,0.24207127,0.28502756,0.09077649,0.48005402,0.27083102,0.14976971,0.65295964,0.48266244,0.19116423,0.37149388,0.3357482,0.12244931,0.07693851,0.30732355,0.21974495,0.38098305,0.24687517,0.6077094,0.49994487,0.16449086,0.3139822,0.1497266,0.11290821,0.2919538,0.6834313,0.4356867,0.2415903,0.21360546,0.53152275,0.19808443,0.3708336,0.26813474,0.6634861,0.32176688,0.5656014,0.09345128,1.5776906,0.24420017,0.42724565,0.16246265,0.28425455,0.5967833,0.37558895,0.22182646,0.4820047,0.86722064,0.21869835,0.32936418,0.18952389,0.3143647,0.39306358,0.32994705,0.17095923,0.41202623,0.30764216,0.24182045,0.13750643,0.051015392,0.16440034,0.35341728,0.070701726,0.09778133,0.58261645,0.21236601,0.5933943,0.17772144,0.49515486,0.5177049,0.08486261,0.5059962,0.06573103,0.27344483,0.70021105,0.2790777,0.26529413,0.4845317,0.5108696,0.27561244,0.6414059,0.19588098,1.3145555,0.6244577,0.441164,0.16118214,0.26291296,0.5933976,0.40304446,0.24332064,0.05431556,0.27098703,0.26817542,0.74839747,0.4384585,0.93290246,0.0767068,0.061423525,0.19646561,0.35393766,0.33508593,0.4006674,0.27924645,0.7508371,0.6472963,0.3287909,0.30405036,0.59695363,0.0903842,0.24748288,0.50193,0.20550534,0.060103413,0.5625069,0.14380118,0.483253,0.6668236,0.23772427,0.33105245,0.7846271,0.7407472,0.14702375,0.31978345,0.16083528,0.124145985,0.56824696,0.13553111,0.22973056,1.3408191,0.41381848,0.39975777,0.2140156,0.4820007,0.6493271,0.3762521,1.0943915,0.4083727,0.44644606,0.27933225,0.53167456,0.26036835,0.27410358,0.10893965,0.107991815,0.5732989,0.3423397,0.31761658,0.31105044,0.12578186,0.20063621,0.34558478,0.14892809,0.20777845,0.3009967,0.18251586,0.04065537,0.16248703,0.16294706,0.30891895,0.34858453,0.485051,0.21924704,0.35864553,0.19528173,0.050431795,0.55538905,0.31608272,0.30653894,0.057260234,0.5053829,0.6395886,0.6698023,0.29607865,0.068692096,0.35283023,0.21362783,0.5953654,0.3376413,0.46577448,0.12189359,0.6833574,0.4126366,0.10745704,0.49608806,0.20477183,0.08866207,0.24221724,0.2824,0.28839672,0.66430974,0.2063623,0.09443038,0.29426655,0.765771,0.41701555,0.49225906,0.28310186,0.5718545,0.20832422,0.51806206,0.59552187,0.26096964,0.31340754,0.3860244,0.44226378,0.24188742,0.45730138,0.2080504,0.26022604,0.5402174,0.08435282,0.15380804,0.37577713,0.112984926,0.42574978,0.38599718,0.19876832,0.20394275,0.09237036,0.6387228,0.87597036,0.21293147,0.44891226,0.096210994,0.1045845,0.4564355,0.26352483,0.20683654,0.32232755,0.42935264,0.11751832,0.74634534,0.24448627,0.46152622,0.15271272,0.32608265,0.01095805,0.39306882,0.27167132,0.16230747,0.26546252,0.20572712,0.37458277,0.22470143,0.39216363,0.2555353,0.109030575,0.26441547,0.2331147,0.19208059,0.1783084,0.2647297,0.45543632,0.53949594,0.16478246,0.3022887,0.5475227,0.1456411,0.3441717,0.35200548,0.07601738,0.64811254,0.61505157,0.24129802,0.1140985,0.27201515,0.12124084,0.043652114,0.5116395,0.3080186,0.094196856,0.3098855,0.1143168,0.18773004,0.17742544,0.06451714,0.74933976,0.3462928,0.9425722,0.56699306,0.1895006,0.6860084,0.4443106,0.39733738,0.6710026,0.14527728,0.19551173,0.48700532,0.36157033,0.20069475,0.39618376,0.97283256,0.39330783,0.04406867,0.04560891,0.12835242,0.16306473,0.2597886,0.18597102,0.5622902,0.16761243,0.10576827,0.5345098,0.32930064,0.14475814,0.10352157,0.019950284,0.06978923,0.7977401,0.3204986,0.09502919,0.27152106,0.4077763,0.5563079,0.35307086,0.17786518,0.7260722,0.55781686,0.23241405,0.08091706,0.28903437,0.10934293,0.086951196,0.14420061,0.22762303,0.25656992,0.05047083,0.082468875,0.12798794,0.6046424,0.25261796,0.23689313,0.34005064,0.29266322,0.7858658,0.21169749,0.026768696,0.21594653,0.4730676,0.4784211,0.49892545,0.7169689,0.07672195,0.20771106,0.5370364,0.2007014,0.28641,0.37684336,0.24842052,0.22988363,0.30551797,0.14588195,0.17342012,0.28914812,0.13960187,0.3883834,0.21395373,0.99598217,0.8598217,0.16769393,0.04871876,0.032496054,0.6306207,0.24100462,0.20008418,0.15492232,0.79089546,0.10750479,0.09504841,0.4480382,0.19704004,0.6147256,0.32553023,0.0,0.5214055,0.05325212,0.6415806,0.35584116,0.2620493,0.07672073,0.29557663,0.185875,0.47780445,0.2632515,0.2808907,0.0022327688,0.20917447,0.26099563,0.35482186,0.093547665,0.26825753,0.6668891,0.323964,0.36194944,0.093107015,0.13153951,0.5595613,0.3440493,0.42201707,0.78840095,0.061703123,0.26824227,0.28912872,0.06838125,0.41179138,0.28167018,0.19699287,0.31248328,0.27334112,0.14769219,0.39755285,0.33799872,0.22497946,0.105841845,0.5294659,0.114806935,0.33137643,0.033168525,0.08643111,0.30554235,0.10247992,0.4978424,0.17901947,0.4901309,0.41336897,0.11655456,0.20971334,0.06667748,0.29532784,0.04081505,0.21552667,0.15600483,0.09376569,0.45601597,0.06141671,0.5334808,0.069586515,0.74753624,0.11284172,0.39452183,0.15461248,0.082325555,0.15740456,0.4582622,0.18115234,0.16337782,0.27041888,0.16794086,0.2562363,0.3063804,0.02315801,0.18383904,0.4284322,0.121899284,0.268736,1.0580071,0.04462708,0.37409687,0.11579557,0.6152441,0.234601,0.03186842,0.19307724,0.14011702,0.20828333,0.06453951,0.38732272,0.18867749,0.3457708,0.29613692,0.277829,0.09153804,0.6103713,0.39811355,0.88808787,0.09133521,0.7779527,0.15547226,0.37570733,0.24051157,0.31442618,0.646606,0.18599007,0.31031263,0.24569887,0.40033174,0.19882898,0.4562012,0.7127936,0.56479824,0.34327018,0.5420504,0.24105006,0.24903318,0.2674802,0.21002103,0.12309089,0.56373966,0.16081193,0.3802093,0.047707796,0.16740228,0.5028715,0.042837076,0.6748233,0.19181783,0.16984051,0.19014253,0.4397647,0.6576321,0.14680363,0.6368525,0.36351973,0.31076443,0.3473631,0.2922589,0.36532423,0.0071343356,0.15265319,0.5668205,0.053706866,0.08098199,0.22890341,0.16504873,0.12595195,0.096929654,0.32321754,0.037231933,0.16268846,0.6838621,0.2826699,0.23833509,0.17472525,0.15739045,0.33186176,0.05914811,0.3688718,0.5487782,0.5470837,0.2771927,0.1299716,0.06696945,0.8205001,0.26794142,0.24256326,1.1095535,0.122843824,0.274997,0.16678673,0.28971452,0.07889183,0.51012987,0.10227454,0.26776552,0.3162198,0.45650405,0.9240658,0.14262651,0.115177184,0.3631152,0.21910597,0.1928536,1.5468836,0.43791407,0.7022882,0.7426728,0.029319188,0.20765904,0.47167385,0.79561347,0.41228807,1.0958066,0.015063433,0.5702664,0.114749424,0.43229118,0.6234964,0.3736918,0.49474987,0.09782163,0.0133159505,0.80423445,0.06449704,0.8019105,0.0,0.57388437,0.17181972,0.21529742,0.34626937,0.1715839,0.18437067,1.1025,0.24242312,0.03399793,0.37084305,0.088657126,1.1349058,0.31416348,0.06442792,0.36505008,1.0683236,0.10059489,0.23919322,0.21401316,0.4273342,0.096093446,0.76823163,0.0909467,0.32309234,0.48618442,0.22824118,0.5296406,1.2345004,0.2908777,0.32725716,0.49276558,0.08201462,0.29479113,0.28474364,0.021690486,0.18362823,0.9857635,0.20818666,0.106332585,0.20641056,0.088031925,0.2559206,0.34010714,0.5218166,0.17490335,0.49485385,0.30693373,0.0006956417,0.4692046,0.00023064132,0.00021956224,1.0477707,0.3735698,0.22212441,0.33659744,0.1510463,0.63718456,1.0252234,0.73403317,0.018919248,0.98238146,0.09286235,0.7447841,0.38293338,0.13770354,0.16511032,0.2366615,0.4014764,0.26300704,0.08503561,0.497779,0.811592,0.1551796,0.12877204,0.6168429,0.0022326526,1.081732,0.6723382,0.014086188,0.64468515,0.08529246,0.3986559,0.176727,0.1385995,0.05225055,0.38160652,0.27907443,0.27884424,0.39786053,0.37056488,0.6473938,0.1123101,0.3054989,0.7547637,0.25836432,0.1611711,0.050170787,0.39794147,0.15696192,0.9274466,0.04660356,0.14220582,0.025050025,1.7577913,0.0476011,0.85261905,0.20635399,0.104676336,0.7277539,0.40181,0.10828271,0.8598515,0.4604879,0.6619715,0.06114971,0.06192166,0.07262679,0.4169909,0.44202322,0.12353769,0.2533037,0.11856169,0.29444307,0.47163954,0.45413342,0.23160607,0.28936893,0.08619739,0.7117926,0.24542442,0.94198465,0.62197065,0.2838736,0.59005785,1.1219491,0.2380693,0.51963675,0.33344278,0.4951235,0.15881893,1.234385,0.33099386,0.13142434,0.93792784,0.015691146,0.74437976,0.14308585,0.18336515,0.38936397,0.33838797,0.4377799,0.3985028,0.86246073,0.3161834,1.1774145,0.56180936,0.47708356,0.01519444,0.04830968,0.004593615,0.87441057,0.10661496,0.21129471,0.9847015,0.24320823,0.1808404,0.032363523,0.61463654,0.2733907,0.15449491,1.5127237,0.7667727,0.06328668,0.33862555,0.6090201,0.19547552,0.2178644,0.22489639,0.6912059,0.26925606,0.16084358,0.0789323,0.7692418,0.26348114,0.42767423,1.0181488,0.3395261,0.49128544,0.10275446,0.35406995,0.109504625,1.1001334,0.6075486,0.41150755,0.24688199,0.086922064,0.110378325,0.12167137,0.24404031,0.088539734,0.27153575,0.0,0.0852209,0.9176567,0.124304235,0.39449042,0.038851507,0.19983903,0.32699704,0.56421614,0.3037098,0.27238232,0.3532213,0.41475788,0.0074632997,0.11291458,0.11076759,0.1971993,0.85688794,0.008344854,0.17835364,0.062770136,0.2612559,0.07496363,1.0098809,0.5087418,0.7896869,0.54728067,0.48868987,0.21801409,0.22446826,0.070622385,0.30647096,0.08807975,0.059680507,0.068286225,0.56248677,0.29822916,0.31696045,0.62774014,0.07805145,0.22479774,0.18760245,1.2907574,0.1519778,0.6741675,0.0007346548,0.113728404,0.7720751,0.52339035,0.0015660541,0.6099373,0.22589117,0.7476728,0.36479717,0.53806114,0.21826273,0.50060993,0.19663683,0.09063856,0.023625256,0.40206048,0.41987202,0.15618609,0.055452704,0.40361622,0.06136276,0.30485612,0.41168976,0.22693211,0.36652568,0.10875018,0.332646,0.32466966,0.6186354,0.05131421,0.009212278,0.28791824,0.17622021,0.3978719,0.058533758,0.4407486,0.6529227,0.08966182,0.36885005,0.38844067,0.09586378,0.99439013,0.48884547,0.12937105,0.17563738,0.12779647,1.05423,0.036999635,0.703794,0.1027176,0.21213923,0.49940372,0.534738,0.3942455,0.022081327,0.19233464,0.12864299,0.11376212,0.20968685,0.12254752,0.53453255,1.2560534,0.44443935,0.2693869,0.34293458,0.43716115,0.029757157,0.84727025,0.18631808,0.70553446,0.066309184,0.5164684,1.1846355,0.10107369,0.1309712,0.017670112,0.60720533,0.10250859,0.16558972,0.8229382,0.18445654,0.34284997,0.6693759,0.6159323,0.4315734,0.19117773,0.17976427,0.18399501,0.05448248,0.020931823,0.18955402,1.2871006,0.064456455,0.5989194,0.4700389,0.34174588,1.657574,0.48083773,0.06327742,0.17504193,0.08348754,0.0,0.30467364,0.041738022,0.6790526,0.30955064,0.50366,0.006066391,0.93574226,0.6454452,0.31111294,0.046612658,1.0469565,0.18917948,0.16533348,0.435514,0.07526824,0.5609724,0.69982934,0.15053779,0.034569517,0.02451045,0.21033867,0.13852756,0.15945667,0.023110664,0.8979001,0.075013064,0.0111513985,0.49719468,0.14434442,0.3061365,0.14314608,0.0072796238,0.25206447,0.056921482,0.5676533,0.3858774,0.40951592,0.046638265,0.8440375,0.24750094,0.5353029,0.23178783,0.055287085,0.36836773,0.23559351,0.14448002,0.7518817,0.1313557,0.12175454,0.002022253,0.3205824,0.8128428,0.2658167,0.8293442,0.8274404,1.0056643,0.3141812,0.15737027,0.10187433,0.035779614,0.123868495,0.04038389,0.067041926,0.36104113,0.095446065,0.0020692241,0.0,0.26406515,0.18861108,0.5719888,1.0340303,0.115675315,0.45547545,0.61076266,0.09157435,0.77290523,0.06617671,0.59616077,0.29165137,0.022689782,0.39844045,0.35072014,0.3948815,0.33374822,0.538064,0.2227139,0.6097743,0.6347916,0.09387478,0.006903571,0.406172,0.2451563,0.08527462,0.039206356,0.17742053,0.45302653,0.03725433,0.98393285,0.35661685,0.15687163,0.01624923,1.1830717,0.3870677,0.11306993,0.9033943,0.11002515,0.57848597,0.13976482,0.08144924,0.50589705,0.40112987,0.48155203,0.26952958,0.0007714941,0.086692244,0.39661106,0.40761796,0.9524625,0.40030372,0.22922972,0.22912917,0.06647883,0.16917756,0.7652368,0.06681262,0.57519984,0.3153977,0.87497675,0.5434338,0.25570837,0.966137,0.7514186,0.5384679,0.67899114,0.28815508,0.15695909,1.1777133,0.45187673,0.49941456,0.49512333,0.02626948,0.6531691,0.549811,0.30054235,0.083616234,0.6157668,0.026581611,0.112835035,0.081636794,0.6208668,1.0211543,0.24952307,0.008041832,0.45262685,0.94261765,0.0016755731,0.27301842,0.10919449,0.11223151,0.071374424,0.10762088,0.059718236,0.21700957,0.007920063,0.24197957,0.35130736,0.5661309,0.115910135,0.34942228,0.5702133,0.09196491,0.30320585,0.1544076,1.0178336,0.012688054,0.41580686,0.6690775,1.3306043,0.6445246,0.37808067,0.12919714,0.2638926,0.6454462,0.3184559,0.36287954,0.20451522,0.6485439,0.64543104,0.38128847,0.78615195,0.15637638,0.28344476,0.056687694,0.003361389,0.24551025,0.014638181,0.39721245,0.5697709,0.3120389,0.023860995,0.30236232,0.2023707,0.19983938,0.43834972,0.29408488,0.09466195,0.5456561,0.20613798,0.10171078,0.29358512,0.9904694,0.06153108,1.2236153,0.28684568,0.07026595,1.0808923,0.37834102,0.3091302,0.1756092,0.41172773,0.46973363,0.51561695,0.48419538,0.9156225,0.0057864254,0.030285235,0.18185014,0.20122655,0.075314276,0.39137086,1.4689553,0.119553775,0.22644055,0.037378237,0.0135680735,0.10890302,0.92760414,0.0026182658,0.35073233,0.80726564,0.3333103,0.020223016,0.67463243,0.14594626,0.5672016,0.26659718,1.0163612,0.04127208,0.03395117,0.09248489,0.20136037,0.36011636,1.0317287,0.01307094,0.7626034,1.1050105,0.22699916,0.013852262,0.48626125,0.677366,0.022408606,0.449131,0.6461133,0.6880934,0.22298644,0.09923872,0.013598551,0.15831345,0.08316902,0.036221176,0.4568018,0.17240244,0.40763366,0.18492249,0.08076331,0.40152198,0.28285366,0.027582528,0.54355216,0.96103215,0.13376579,0.08679545,0.19715935,1.0929413,0.74059415,0.8037926,1.0221283,0.9307034,0.07654032,0.7404704,0.21577513,0.6461055,0.21904999,0.09052317,0.46566814,0.45934457,1.0162086,0.09986832,0.6272242,0.058713023,0.42169347,0.7396205,0.5703942,0.026406959,0.43475655,0.06555558,0.5436214,0.056204595,0.5812842,0.24384458,0.59984934,0.26482603,0.07653946,0.5756586,0.30729324,0.15517056,0.1537242,0.200247,0.3670531,0.22826962,0.3364051,0.0098557435,0.16801359,0.58995223,0.42445093,0.31677192,0.31281537,0.29068044,0.11869558,0.50218487,0.3893944,0.3166638,0.32065254,0.3579984,0.08986643,0.19987318,0.24374847,0.10052693,0.14316718,0.15208547,0.007454101,0.0,0.23788951,0.8825748,0.26535332,0.8438892,0.18128236,0.12574612,0.3682423,0.011244014,0.14523533,0.52926224,0.27869272,0.5796772,0.95304203,0.14921829,0.26740772,0.0017076127,0.17746344,0.021340761,0.044599235,0.13679793,1.3401742,0.06420042,0.26170474,0.08645174,0.2350018,0.73844767,0.46963257,0.12917997,0.1309445,0.6710948,0.37849876,0.0,0.5025488,1.9715586,0.4020364,0.16185434,0.24164619,0.73070645,0.033952273,0.84443593,0.3801703,0.079097964,0.18716785,1.086703,0.81052506,0.1164597,0.3601505,0.68065965,0.4312328,1.088604,0.21909094,0.52794456,0.41067034,0.31349498,0.97311616,0.7736952,1.5544684,0.08942997,0.37890851,0.12628743,0.102917165,0.6376857,0.20219529,1.4496254,1.318315,0.11060502,0.39412034,0.0,0.50799185,0.4515053,1.0860242,0.40298533,0.8061,0.21224931,2.6301527,0.6664648,1.4618654,0.7472682,1.0060381,0.798207,0.5758934,0.16991115,0.12773106,0.025387,0.59155667,0.8700919,2.141542,0.6498445,0.0711601,0.071220115,0.0010864397,0.42887795,0.23299433,0.27394265,0.1464675,0.0,0.05296644,0.8851323,0.3770337,0.39188686,0.3042614,0.9646356,0.13923118,0.22188562,0.25993475,1.0311036,0.2587027,1.1104324,0.08111918,0.44920748,0.9118774,0.7064795,0.30538324,0.2591031,0.11078914,0.86962813,1.0927641,0.38059646,0.75040627,1.0108637,0.036577836,0.025742391,0.45417893,0.801098,0.96391773,0.5110066,0.40397975,0.65815604,0.40226787,0.50289744,0.037098832,1.3152065,0.5235648,0.1638994,0.42236084,0.85280436,0.2574004,1.3808662,0.4196437,0.6496092,0.17170195,0.15736851,1.1596711,0.31172663,0.28540584,0.18236297,0.06986162,0.07631447,0.23430477,0.17929897,0.54159415,0.07197085,0.50519484,0.143635,0.10011186,0.8474643,1.5211902,0.16452171,0.6575503,0.42728317,0.38936967,0.085331574,0.81100357,0.56514484,0.29016075,0.03337439,0.6005459,0.15789875,0.3382925,0.33981594,0.9158926,0.3302757,0.2334336,0.14334175,0.18582568,0.35010797,0.3580282,0.03188267,0.5825851,0.65352106,0.19654346,1.2570513,0.61195743,1.1596165,0.6444679,0.804271,0.23920938,0.519475,1.3597289,0.8272486,0.5751925,0.9426389,0.38893622,1.0005802,0.35198763,0.6265749,1.6762971,0.70111024,0.63865775,0.0,0.26389927,0.45952326,0.24923405,0.30350935,0.8467734,0.0,0.40446118,0.33277702,0.42011327,0.1302668,1.6216636,0.4424902,0.599691,0.4225844,0.49261665,0.42226583,0.5242519,0.2566853,0.5089893
0.7833822,0.34068057,0.21886805,0.31878603,0.4489819,0.30947495,0.23867,0.16449955,0.12548909,0.2947244,0.5457547,0.18247247,0.09061107,0.41217083,0.36248046,0.26004356,0.6973241,0.63480586,0.7894858,0.8090384,0.6176716,0.074125156,0.30284727,0.027539125,0.056146964,0.40149328,0.8418379,0.25955176,0.23800647,0.9133354,0.35702616,1.1521003,0.37871033,0.68476593,0.128676,0.55325276,0.5923636,0.5502049,0.28310624,0.044341218,1.185089,0.116853476,0.18672282,0.4058705,0.7000836,0.008414421,0.09639355,0.046811067,0.628371,0.19437097,0.27751034,0.13852443,0.35982347,0.13183084,0.139445,0.32324713,0.3895809,0.21350206,0.625038,0.798653,0.23645422,0.17422044,0.9067158,0.3333811,0.07540499,0.45420945,0.3269409,0.12059316,0.2079153,0.17485166,0.5781024,0.7664363,0.3287368,0.078187115,0.31648737,0.3931372,0.15695761,0.3551307,0.35060745,0.19367993,0.09505466,0.594061,0.37991485,0.4307757,0.73470414,0.1746015,0.36912882,0.47354305,0.24927792,0.5140058,0.29098684,0.7043954,0.34277117,0.6672599,0.29249978,0.0954858,0.2766871,0.007044805,0.5298153,0.8000511,1.1272415,0.65208274,0.66458845,0.3156096,0.5460874,0.49520525,0.47612023,0.51126164,0.4170864,0.36904693,0.30540368,0.18551083,0.37708598,0.42104158,0.35918623,0.0931023,0.40442675,0.5527626,0.73118985,0.80730987,0.30149114,0.5376256,0.4101036,0.6644279,0.15789515,0.24181056,0.035750065,0.43315664,0.0948544,0.07239724,0.32083437,0.40758464,0.11342804,0.18653707,1.0936432,0.3998997,0.24514426,0.2544834,0.09373023,0.15228122,0.30135164,1.0209987,0.22564352,0.4394393,0.34611118,0.6066201,0.33319962,0.8491981,0.4128555,0.26660365,0.1356625,0.11273175,0.22590944,1.1356438,0.5852107,0.40409818,0.4802701,0.14207596,0.5995717,0.72909546,0.31116942,0.2818782,0.98253936,0.24371213,0.10172459,0.05141348,0.05151076,0.44665605,0.27753377,0.24732158,0.15259472,0.8595592,0.666348,0.59223366,0.13496363,0.124294214,0.33383185,0.12752119,0.41807097,0.60270107,0.37284696,1.4342206,0.24378662,0.15326907,0.18623242,0.54524946,0.50360733,0.22498941,1.2888987,0.48902225,0.032299854,0.12014948,0.63590777,0.5710958,0.6753307,0.19573997,0.6211569,0.09251709,0.38782,0.27340347,0.030059977,0.13947761,0.37006465,0.42983437,0.46533963,0.012538203,0.2584588,0.45853078,0.6238295,0.67938113,0.118610606,0.33304852,0.029156707,0.83110213,0.9004073,0.90176153,1.1600723,0.14285769,0.7627052,0.26602262,1.3295767,0.9135585,0.05428704,0.2602365,0.48298216,0.4931754,0.15032259,0.2737159,0.6305717,0.1840818,0.07240794,0.84108377,0.33467856,0.1557095,0.066763856,0.17556052,0.10371432,0.39405861,0.07638663,0.7142023,0.19102828,0.6997522,0.26000652,0.14088938,0.04331915,0.32339108,0.09258222,0.24098119,0.28654793,0.97286826,0.2907102,0.36836758,0.13118243,0.16915613,0.12869953,0.11108102,0.10164491,0.020892484,0.06874914,0.057620503,0.24737108,0.22286797,0.337292,0.36517853,0.068120465,0.21202073,0.6106125,0.16651034,1.1165535,0.2497566,0.3254952,0.1791324,0.18144023,0.028812148,0.3037792,1.3133807,0.1430302,0.5763363,0.2557373,0.42922166,0.58240545,0.65509653,0.78282845,0.51351285,1.3378315,0.4851607,0.5139066,0.2838493,0.17322008,0.38576135,0.33072454,0.30347085,0.18560953,0.2935024,0.2122254,0.4634325,0.7538511,0.530733,0.3614604,0.13935803,0.83611506,0.8828386,0.15966885,0.7941717,0.4537719,0.00243234,0.121408686,0.38058427,0.8056221,0.090034634,0.16813162,0.056252547,0.09688184,1.0026917,0.32529852,0.13886513,0.24771026,0.54093635,0.37155336,0.31154674,0.17843303,0.15847449,0.33321658,0.27463317,0.10717772,0.103071585,0.06771946,0.07917443,0.49237168,0.015220238,0.53326076,0.5321364,0.2079984,0.46586224,0.243,0.6716231,0.3360461,0.060024675,0.21904361,0.19583829,0.25626647,0.3086385,0.9121346,0.23220333,0.101128355,0.047098596,0.09965015,0.32649082,0.17059673,0.16611323,0.122385114,0.28399643,0.53356326,0.58653796,0.56507534,0.05107553,0.41473478,0.07270569,0.2063216,0.19087371,0.15273334,0.21466194,0.26026925,0.078963205,0.14980318,0.08501268,0.46815255,0.7727598,0.19572301,0.14312232,0.3419193,0.28152004,0.29230157,0.093269765,0.13712728,0.41817966,0.1634861,0.06730604,0.28110403,0.72698545,0.14733003,0.24017759,0.76834327,1.0485106,0.39921385,0.4041379,0.30605018,0.032571007,0.7737062,0.26153395,0.90188646,0.3305878,0.57178986,0.06551923,0.26556724,0.17864126,0.2638368,0.2095449,0.6115589,0.055206764,0.3261929,0.45869455,0.041200984,0.18699735,0.031048978,0.19626272,0.09691408,0.08308306,1.155436,0.14797664,0.20325817,0.27875552,0.07880822,0.48206958,0.18249963,0.2681769,0.22778091,0.14373818,0.28770635,0.08114305,0.07442735,0.16283093,0.605568,0.13169348,0.19939458,0.05837037,0.12633526,0.098726146,0.24507128,0.2992676,0.13524997,0.1955231,1.104934,0.08259512,0.32450098,0.20627144,0.17771992,0.44193494,0.0053772815,0.18470708,0.45904607,0.04414691,0.51652354,0.630794,0.13208342,0.1217913,0.37817308,0.3146851,0.10393522,0.07025723,0.37890172,0.19157167,0.5653664,0.06715149,0.38362703,0.045026008,0.046534754,0.17300874,0.13603908,0.2650433,0.01666298,0.2235692,0.16185977,1.211821,0.60422635,0.41281292,0.11366671,0.48276693,0.38071114,0.24055348,0.5540175,0.39648595,0.40662223,0.5413194,0.1792956,0.26293787,0.19984347,0.5263015,0.36322206,0.0055535086,0.17304072,0.37718397,0.07578501,0.24249515,0.08554305,0.35350162,0.14020228,1.2263911,0.26797068,0.14681898,0.07864903,0.04092864,0.081640095,0.08051919,0.32675344,0.46801022,0.16676384,0.06192837,0.85411054,0.05082548,0.36209053,0.4075482,1.1555552,0.053259596,0.7002684,0.56697166,0.687806,0.071472645,0.18786667,0.3983276,0.5479537,0.28237513,0.40654525,0.16056518,0.12462561,0.4415196,0.27651334,0.62823045,0.04300573,0.24006149,0.14161777,0.18505795,0.26331478,0.24988611,1.1249825,0.20620966,0.09737356,0.24587075,0.7057949,0.31178588,0.32193297,0.18332124,0.86821324,0.32153928,0.54214394,1.2309463,0.30731174,0.120219156,0.0034913397,0.06319659,0.17850275,0.29194108,0.38345757,0.027549535,0.027590543,0.08634023,0.16129878,0.6423725,0.05518073,0.47818413,0.3156544,0.10733411,0.28531367,0.22129114,0.158258,0.24777848,0.32616097,0.50797254,0.14236598,0.5397029,0.39246452,0.14559844,0.2836568,0.35567266,0.38800368,0.32128915,0.14081922,0.15506878,0.09577058,0.2273803,0.28373146,0.28369448,0.5703316,0.51454586,0.4221021,0.09895842,0.42700163,0.1686281,0.23966695,0.2790283,0.16189545,0.4322286,0.36891854,0.24782299,0.41933918,0.1470369,0.35794383,0.9992287,0.16802688,0.34716505,0.49615347,0.042680778,0.96056867,0.33556473,0.6676233,0.018261503,0.33983368,0.69237113,0.27426326,0.2623441,0.36471117,0.74392086,0.113908455,0.15482706,0.033778623,0.27264166,0.55480504,0.5906109,0.19762617,0.3279464,0.12052912,0.10890792,0.10026733,5.2516767e-05,0.23145357,0.625165,0.13807818,0.08429856,0.45715892,0.052762832,0.43515614,0.29921466,0.21656127,0.8605244,0.06847285,0.558673,0.21800542,0.122567795,0.99249387,0.18233499,0.31889102,0.2570198,0.4854196,0.13499242,0.7525751,0.14639312,1.0119153,0.29348844,0.8209222,0.30486807,0.2754256,0.5814723,0.20666705,0.105159394,0.17649204,0.2087994,0.074305594,0.45264912,0.3504072,0.8320433,0.10089652,0.10261922,0.25899166,0.027523616,0.6037361,0.3693476,0.253162,1.1183249,0.77034265,0.108747005,0.084914386,0.39827436,0.19512092,0.27394706,0.35955304,0.31710654,0.058550585,0.3813981,0.11879832,0.50432134,0.3431502,0.09239052,0.24136007,0.4551835,0.3669057,0.22832543,0.15434016,0.1505044,0.10146213,0.53331697,0.3857552,0.2391127,0.37614524,0.3377782,0.23760216,0.15370741,0.34311795,0.4439777,0.33350685,0.96115506,0.24168363,0.21849449,0.14365807,0.28268683,1.0041639,0.3046185,0.23095563,0.17995468,0.9551948,0.45128325,0.019612404,0.10427132,0.44698396,0.31686115,0.6807834,0.014151374,0.25432685,0.102393925,0.048600353,0.06090734,0.03552209,0.012419861,0.09031326,0.3489483,0.36308965,0.033390954,0.24302025,0.19708082,0.1667418,0.21361664,0.40524632,0.364572,0.0026983335,0.12907338,0.60538834,0.75045633,0.19768059,0.15866585,0.32824272,0.16701758,0.3578294,0.44632095,0.30721268,0.05810257,0.57493913,0.51617837,0.2814321,0.14386076,0.23759876,0.18071276,0.20938504,0.19202231,0.3681491,0.29733777,0.3324067,0.17302229,0.009454381,0.6613008,0.5238515,0.48783553,0.22257504,0.28825375,0.13227104,0.6098717,1.4246738,0.04695475,0.30273145,0.19495061,0.49733642,0.3286635,0.5437089,0.36045238,0.12521386,0.27404305,0.08796722,0.07030863,0.7294963,0.163879,0.360601,0.28861845,0.08044176,0.15777946,0.18039492,0.69031763,0.51995,0.239412,0.085403904,0.10699699,0.07251638,0.022225043,0.38939226,0.8000674,0.4478687,0.38153636,0.024216307,0.3896015,0.115867354,0.540613,0.29774487,0.4501564,0.11530465,0.29853183,0.111442246,0.11076911,0.369206,0.15153229,0.26640564,0.17161348,0.10961683,0.23520005,0.17776199,0.36095318,0.13504457,0.11127446,0.42764032,0.25520036,0.41476548,0.17315504,0.1870693,0.11689637,0.71314293,0.28677088,0.54973817,0.61221313,0.12809843,0.39035836,0.24351296,0.16022219,0.14548022,0.38682368,0.11961809,0.31895727,0.38018483,0.19307339,0.15115218,0.53323823,0.16353108,0.14659238,0.1094998,0.023706902,0.16672027,0.29587618,0.2948604,0.20369785,0.118956685,0.7122638,0.12882018,0.33371723,0.6875324,0.053394742,0.10926958,0.42396602,0.09803365,0.10688334,0.2238404,0.63226676,0.14286482,0.2898569,0.14305301,0.11008589,0.08999441,0.53269035,0.08915506,0.77967656,0.092095844,0.17011362,0.69719565,0.25199276,0.033237234,0.22439444,0.190567,0.023536932,0.72818685,0.3506129,0.12299187,0.5348214,0.2483083,0.5079985,0.24331415,0.0046307477,0.5105514,0.1831355,0.19742037,0.092423424,0.20369044,0.04278992,0.07996541,0.1303902,0.18327911,0.13364212,0.1923187,0.24492174,0.14046055,0.3321945,0.30616513,0.30648404,0.53819454,0.11521733,0.5517297,0.1130199,0.0061326018,0.17233425,0.594756,0.27299446,0.3815998,0.46351185,0.13157752,0.33060685,0.2615784,0.0823763,0.1910638,0.39765027,0.24868819,0.28464285,0.120466195,0.058904696,0.4572044,0.31621736,0.2909097,0.3607373,0.21631016,1.1581836,0.45910776,0.19490042,0.11457231,0.04037771,0.21835844,0.010136846,0.45201942,0.073875025,0.9599205,0.14543255,0.07673601,0.5930511,0.36003405,0.6511722,0.15538205,0.008878698,0.3494451,0.086435296,1.284529,0.40281987,0.26102597,0.028245743,0.28767103,0.16581458,0.63102406,0.100281395,0.53919584,0.1004619,0.22328025,0.09605844,0.20540765,0.18163899,0.26652902,0.42719454,0.2360451,0.41064596,0.099551454,0.14416516,0.4914809,0.26721436,0.16629295,0.9017913,0.3349171,0.35690424,0.15923846,0.036242954,0.37959754,0.50225776,0.28872147,0.46669817,0.24515086,0.15668057,0.3603378,0.3393328,0.22979605,0.26049814,0.89506197,0.24765867,0.010141936,0.08414925,0.16287825,0.15413333,0.026401538,0.64187765,0.1537357,0.7507733,0.05776408,0.033810057,0.18278924,0.07144932,0.5380516,0.007964864,0.12708142,0.123757765,0.14037956,0.2706976,0.008857101,0.9519466,0.0132339485,0.40126693,0.17679459,0.32521516,0.27608,0.13289273,0.04848461,0.06417574,0.11216231,0.2323281,0.40984875,0.17347889,0.18150246,0.24657705,0.022395052,0.14160848,0.34253657,0.29702017,0.11980753,1.1863718,0.05037505,0.63224983,0.25631955,0.050491735,0.2860582,0.004427299,0.25684658,0.26812768,0.18563156,0.0061245533,0.2007099,0.19243371,0.29312623,0.26759702,0.16078608,0.20557317,0.42286092,0.09670294,0.7917283,0.11467531,0.3500137,0.171577,0.22114539,0.13745901,0.24656244,0.55826473,0.19214717,0.2362102,0.1864759,0.29347354,0.35551888,0.3091401,0.26464224,0.8917583,0.28359452,0.58847046,0.17629519,0.8469032,0.45151645,0.10525222,0.07540584,0.41270375,0.06919281,0.57563376,0.10783227,0.2604778,0.34850502,0.014734796,0.57574683,0.10913866,0.083321065,0.056008693,0.18646145,0.30814537,0.27567363,0.8426904,0.7113131,0.7502771,0.1822803,0.4223662,0.20323871,0.102170825,0.19769678,0.29235974,0.043816254,0.100965805,0.10408974,0.20621723,0.1271575,0.051425755,0.3521006,0.05343097,0.10106216,0.8456321,0.110921636,0.2929061,0.19723031,0.027567957,0.34647998,0.061065584,0.40812343,0.21157745,0.38194418,0.20820212,0.036724776,0.19272023,0.9272207,0.13932231,0.047860093,0.97768795,0.40049,0.06578326,0.04781082,0.27326125,0.23635909,0.68467426,0.18016794,0.44550222,0.21211866,0.5636528,0.38257965,0.054806624,0.13323428,0.20762834,0.021327227,0.09810513,1.2342389,0.6119667,0.30758083,0.52790046,0.006892389,0.2672005,0.3513322,0.5922215,0.9351342,0.40884367,0.0018032279,0.33903,0.23569378,0.6793752,0.81243813,0.043404296,0.33549294,0.14016464,0.013801523,0.9219495,0.0032277477,0.5874947,0.01692127,0.38988018,0.05484344,0.2512966,0.1650395,0.17742348,0.043011215,1.0628102,0.06481486,0.019135611,0.29902866,0.052445002,0.56514895,0.062809035,0.05970899,0.57738256,0.7668159,0.052747168,0.1363878,0.10402426,0.3080234,0.10050012,1.4681462,0.04707808,0.2157131,0.22834301,0.10610436,0.15805903,0.9042639,0.07767047,0.15069577,0.46007755,0.13313621,0.5637635,0.05637785,0.12409486,0.19177976,0.52655613,0.052490056,0.049507815,0.05945977,0.027373314,0.2419982,0.13842613,0.6205974,0.3452242,0.44426984,0.13897672,0.0,0.41215706,0.009460233,0.008876053,0.93548036,0.5504435,0.16854523,0.3573947,0.08292056,1.2130085,1.1521062,0.66217005,0.01089474,0.8275244,0.12612039,0.57620823,0.32361338,0.14782143,0.1482656,0.45507276,0.2684829,0.26907325,0.17611533,0.20299867,0.98885286,0.015994571,0.32538444,0.2907021,0.0,1.1347165,0.1432928,0.10085135,0.90572464,0.04526668,0.7651731,0.02134384,0.18335527,0.033248693,0.41676712,0.1158231,0.21352609,0.41253567,0.24008039,0.7827388,0.13554443,0.6898541,0.48149753,0.18408896,0.7164849,0.09724244,0.49668518,0.047991753,1.0761507,0.012228427,0.14571692,0.0027526505,1.4889443,0.008746265,0.6506458,0.06886314,0.014805052,0.9143497,0.43347365,0.061596856,1.3055911,0.3573338,1.1392938,0.14338036,0.0028743637,0.106918715,0.21726184,0.42567736,0.19094384,0.15640432,0.035317414,0.22273466,0.121433,0.7935615,0.14690512,0.23514539,0.088936135,0.6614891,0.011697458,1.1100132,0.81427217,0.259802,0.46164882,1.2160004,0.101776294,0.4628805,0.31715393,0.48287126,0.2140489,0.6975907,0.1471496,0.28225207,0.8679042,0.00015761143,0.4017065,0.18326472,0.16774654,0.4501465,0.21195723,0.28420976,0.28055763,0.83271563,0.42063075,1.507925,0.3264843,0.6747552,0.0022472288,0.091504455,0.0,0.7468915,0.46527308,0.20514593,0.54928696,0.2119526,0.048499353,0.017181467,0.24934807,0.12126794,0.093614936,2.0631766,0.73953664,0.051756185,0.30542174,1.2493134,0.17767844,0.035398398,0.1299606,0.720062,0.16776003,0.17881395,0.014803475,1.6994665,0.46572557,0.16738439,0.6391548,0.07720378,0.27746576,0.12673081,0.23282823,0.10210535,1.3206663,0.26527882,0.13251391,0.08562504,0.02366661,0.053025097,0.074517906,0.03111014,0.006167387,0.16117463,0.00057864434,0.3335742,0.7159646,0.27699608,0.25186443,0.17426938,0.06841378,0.4533069,0.583017,0.30459005,0.24249166,0.27598238,0.353413,0.103163056,0.04766244,0.04142764,0.06722999,0.70810294,0.08997573,0.06652583,0.0,0.21488884,0.22522983,0.58706,0.47151458,0.5727104,0.4350258,0.40164697,0.11106976,0.16763291,0.15460181,0.15359825,0.24350709,0.034506045,0.062463477,0.47472426,0.23505735,0.5416492,0.28701577,0.051479734,0.06390853,0.19486758,1.4079533,0.20183045,0.415617,0.00092958176,0.21339028,1.1250075,0.2259396,0.01243535,0.25061527,0.12633115,0.5967823,0.6513358,0.39908898,0.05764681,0.74092406,0.02350607,0.038204174,0.010483779,0.3857305,0.3991965,0.12719397,0.095608965,0.5303916,0.17625761,0.061668627,0.47584772,0.061528947,0.42728525,0.047983766,0.064854965,0.16128391,0.23931393,0.040712,0.020546574,0.3781312,0.27921492,0.35691673,0.090870626,0.2592461,1.0068002,0.05104231,0.4010229,0.34665984,0.027413351,0.52104,0.3750836,0.04096944,0.26317865,0.03384901,0.8932712,0.0,0.97504956,0.15899707,0.45920777,0.4764491,0.19273679,0.43710113,0.13404775,0.3904885,0.17187516,0.06778781,0.10270765,0.21794248,0.18411708,1.0660977,0.7990311,0.058408644,0.13770193,0.42274386,0.10378213,0.59801066,0.045633253,0.3851097,0.1582314,0.38948262,0.90957814,0.11608836,0.5528704,0.05355782,0.74224216,0.053186268,0.22008464,0.537827,0.18737915,0.11319586,0.24623388,0.54299843,0.38420707,0.0017816027,0.29234952,0.25536358,0.049551316,0.02742587,0.06421147,0.7882718,0.11477631,0.26844406,0.16178766,0.505527,0.830056,0.3894367,0.0044632824,0.0507003,0.038648304,0.030248243,0.68255216,0.009520347,0.23739824,0.4072194,0.6898656,0.095446676,0.8517095,0.64278626,0.21558374,0.014471082,0.9525928,0.060506977,0.2387965,0.27999046,0.39956558,0.6847489,0.35403895,0.015169001,0.049194634,0.0,0.14982189,0.18709397,0.022171473,0.010558486,0.44883782,0.02349582,0.037579827,0.3183341,0.013732462,0.24388006,0.012020392,0.0,0.2274964,0.13865826,0.5059212,0.6919664,0.1911126,0.14236405,1.363833,0.03587538,1.033521,0.5797259,0.33354837,0.19150421,0.08903518,0.04361268,0.8231962,0.09063551,0.46571997,0.011511222,0.24671519,0.9909643,0.113296494,0.6696422,1.0014088,1.0381272,0.18485239,0.07162905,0.015146158,0.007836656,0.04299684,0.0043663112,0.008396021,0.1058942,0.04230822,0.0016037633,9.846299e-05,0.39329976,0.018574873,0.57773745,0.8209213,0.43660596,0.54157364,0.20273903,0.2369361,0.5133934,0.14024332,0.60222185,0.36562905,0.025050037,0.120514125,0.25266603,0.23787208,0.19272679,0.345502,0.21995614,0.2398625,0.48961774,0.108761825,0.030253898,0.060240626,0.21253967,0.12888348,0.018383484,0.3013019,0.26771846,0.20973653,0.75096714,0.8444082,0.015048913,0.41603658,0.4300927,0.46080786,0.033311285,0.72128797,0.014877654,0.6914252,0.07101408,0.021797678,0.3375754,0.46205467,0.43652964,0.06862107,0.026270883,0.21754065,0.07256611,0.17605585,0.8828134,0.2463657,0.018705959,0.07227439,0.12806398,0.06821436,0.32240516,0.28490576,0.38676962,0.17875376,1.2365744,0.3036505,0.3059138,1.4287374,0.8927878,0.42385712,0.72412205,0.2862932,0.42592746,0.9429775,0.18375057,0.36330587,0.48758587,0.00950084,0.7629822,0.21535715,0.71163344,0.0333353,0.2999574,0.06534317,0.18344817,0.3784123,0.270162,0.62151736,0.18426281,0.057508,0.56340325,0.6052441,0.0663783,0.22606076,0.034779027,0.2104567,0.14408839,0.23093125,0.19028065,0.22023192,0.1277461,0.18817422,0.23401394,0.597893,0.06976532,0.41598296,0.13142353,0.061775364,0.3439459,0.2179704,0.46233264,0.10817702,0.31126833,0.7657597,0.8762891,1.0107977,0.5929697,0.029019918,0.22070181,1.1259675,0.430488,0.31009126,0.05162279,0.3520931,0.16373387,0.36619145,1.3107135,0.36212802,0.34601092,0.067913696,0.14566356,0.14637831,0.12110217,0.36333638,0.59488547,0.49505413,0.018231016,0.1759724,0.2873289,0.28681844,0.5790471,0.2885248,0.082912385,0.40907115,0.083214834,0.21343677,0.09651135,1.1895239,0.190132,0.9622159,0.15299119,0.34526917,0.6104431,0.2352491,0.106461555,0.14809963,0.24072178,0.22392538,0.2339687,0.7128142,0.5488119,0.20014113,0.04994343,0.14410406,0.084573865,0.0009822836,0.3044142,1.0690839,0.28740376,0.16036518,0.17869003,0.14178866,0.027150733,0.9125055,0.03549335,0.51768285,0.41335672,0.4359001,0.08727149,0.47819138,0.12567449,0.10786208,0.53840905,1.0837348,0.033602085,0.038830563,0.0836087,0.18298876,0.07228404,1.1182408,0.040691208,0.43768638,1.0845478,0.21683231,0.00044752908,1.0931014,0.36320984,0.06328215,0.19220792,0.53739554,0.34846193,0.01066367,0.057655603,0.1667595,0.01781999,0.028550856,0.49404818,0.21089014,0.2623344,0.48071638,0.2433596,0.01956449,0.46999562,0.683124,0.07388115,0.6815006,0.6190953,0.0066908496,0.31510866,0.3183061,0.7411996,1.220226,0.66986597,0.34748107,0.8830584,0.043465044,0.27379727,0.26839,0.10034351,0.31907684,0.07820584,0.33373243,0.17277741,0.82778025,0.42942291,0.35778213,0.0048256502,0.23131478,0.41029075,0.8346563,0.09348953,0.10348247,0.42832017,0.5347939,0.20471635,0.6280564,0.029420063,0.70961916,0.32455042,0.050550077,0.7537663,0.33739012,0.155521,0.057765435,0.2717051,0.14152792,0.19942695,0.8246228,0.04152283,0.116725326,0.191944,0.2283529,0.08840092,0.038686875,0.4922188,0.10945249,0.9237461,0.040183544,0.22866878,0.32765448,0.14508618,0.06516905,0.18961132,0.34221974,0.06796617,0.07518628,0.047426872,0.116014466,0.0010143194,0.16945504,0.7462535,0.1497294,0.5333536,0.021746768,0.07418567,0.2967235,0.036123503,0.04498847,0.34797555,0.45290026,0.1940769,0.48278567,0.20361032,0.25729868,0.0062974454,0.11252161,0.06499791,0.032762103,0.30513382,0.8297368,0.16516677,0.16377446,0.09149076,0.4481703,0.34752974,0.26134807,0.10356005,0.24789517,0.5471543,0.52162975,0.025465218,0.41398668,1.6240435,0.35795814,0.19548711,0.45176393,0.76326936,0.021587055,0.89418113,0.44032735,0.3515969,0.13665268,1.0195389,0.80016774,0.067573465,0.28822404,0.746475,0.10447103,1.2908314,0.49255428,0.5786645,0.23527862,0.19541384,1.3102112,0.7409804,1.3628744,0.047200464,0.495176,0.31454295,0.16331445,0.7121345,0.5462435,1.0764905,1.6854613,0.18348159,0.75631285,0.0058632484,0.63970083,0.1956246,1.0365453,0.34490436,1.2237368,0.11766602,2.6940057,0.64963293,1.3805659,0.42939404,0.7097619,0.38902265,0.43634525,0.28023478,0.07439797,0.055886127,0.3830218,0.98508024,2.2334695,0.68708533,0.4538806,0.029912462,0.106573746,0.85903823,0.3605063,0.069321975,0.3004969,0.02254203,0.036044665,0.6242759,0.54565805,0.15117899,0.14095908,0.54025954,0.14533585,0.24175239,0.41159204,0.82054365,0.30881733,1.0986241,0.3540343,0.5718955,0.70284665,0.60043645,0.53909314,0.19293219,0.086166985,0.62581503,1.1528423,0.39602217,0.6670153,1.1282161,0.037229396,0.26123616,0.091317,0.8521153,1.2047966,0.20034537,0.4253713,0.4090398,0.58438087,0.6862663,0.08132799,1.1597078,0.16262914,0.26173332,0.39669353,0.4920326,0.4907587,1.5991364,0.13406374,0.702738,0.025813363,0.13980724,0.9986476,0.11327115,0.29882514,0.38603184,0.15936303,0.102371685,0.35993868,0.25259152,0.48026672,0.034886904,0.5408006,0.076692164,0.14106953,0.7957929,1.520872,0.23397064,0.55216944,0.2470973,0.82462376,0.049561873,0.42877626,0.4070866,0.42343518,0.007655258,0.7219745,0.26371998,0.26022604,0.3698471,0.825649,0.51774263,0.29652765,0.12639672,0.13897403,0.44581005,0.69961333,0.04834064,0.4686606,0.8807975,0.21832573,1.1942781,0.4615913,1.0151228,0.55359936,1.0395582,0.20786458,0.7080476,1.8290849,1.3392291,0.749715,0.6819413,0.5515219,1.2394059,0.12064405,0.6870157,1.6332418,0.6936689,0.32581115,0.025587134,0.27428803,0.23872194,0.15248452,0.2691701,0.9329598,0.025698941,0.53982174,0.11620435,0.3907015,0.23863357,1.4539591,0.65763104,0.43220216,0.76346934,0.42319947,0.7133594,0.25246802,0.08165255,0.33975515
0.72317624,0.33920372,0.22610013,0.22767031,0.4281147,0.29495227,0.356965,0.18493792,0.10137975,0.25133833,0.42751098,0.1069452,0.1581864,0.4664798,0.23502469,0.38863978,0.48411363,0.45693427,0.46231318,0.77011925,0.6281229,0.09891139,0.22806646,0.059824258,0.08240542,0.32358995,0.8974687,0.19274409,0.28575763,1.0756015,0.42324266,1.1881614,0.47513673,0.5402771,0.07987841,0.49575812,0.42811406,0.64044285,0.28515896,0.03189581,1.1392401,0.1415515,0.1969774,0.6104343,0.6300309,0.00020616026,0.18040541,0.043138992,0.622403,0.08716037,0.19155914,0.099726826,0.40422297,0.17955603,0.1130419,0.38015237,0.54769766,0.32176363,0.59326124,0.75917983,0.25319448,0.19431621,0.7493423,0.19766426,0.097556055,0.34022117,0.57518905,0.16766639,0.31745106,0.22013623,0.6092335,0.8721806,0.2189759,0.1656535,0.35861063,0.27507162,0.15497348,0.28414425,0.22086217,0.16962336,0.05047649,0.4218694,0.41947207,0.3726187,0.5989561,0.26044464,0.4189245,0.7108612,0.2632421,0.4606364,0.31153458,0.5113375,0.19432752,0.5957935,0.48156387,0.1396442,0.34358588,0.0052002743,0.4256667,0.75975114,1.0471175,0.56499064,0.5883207,0.58869433,0.5554538,0.32330984,0.3757602,0.24200451,0.28174847,0.2472963,0.1128138,0.15776917,0.32799578,0.26536453,0.33915934,0.06931564,0.39238906,0.5384111,0.65135753,0.8548816,0.29671264,0.52778655,0.52510047,0.5100957,0.13858484,0.18736516,0.026493847,0.4363891,0.08703916,0.07237663,0.21152875,0.6128859,0.06141981,0.12206106,1.3538394,0.52040285,0.25536993,0.2683945,0.073194705,0.21244124,0.5131892,0.9528197,0.1410535,0.2474396,0.25745603,0.4723888,0.42383093,0.7994575,0.416714,0.3567069,0.093716264,0.14931993,0.39884925,1.103322,0.6281197,0.43386346,0.46907586,0.16472465,0.58555883,0.8378234,0.46582976,0.31162092,0.8139827,0.3676749,0.20449935,0.09192951,0.07315621,0.39581114,0.2449694,0.1731951,0.20482677,0.7295373,0.6410763,0.3783651,0.19790989,0.11857128,0.29151213,0.112667605,0.2506514,0.37189162,0.3856446,1.0429084,0.14564183,0.31028533,0.2473029,0.5199877,0.36940798,0.17074668,1.2442217,0.3860449,0.030587295,0.14296702,0.48380116,0.6835393,0.540612,0.18182544,0.41434652,0.04764655,0.3266577,0.23541301,0.06472695,0.27051464,0.3469574,0.5566497,0.091322914,0.02000279,0.16371082,0.3881005,0.690094,0.7938536,0.05885464,0.5068469,0.053954925,1.3356376,0.66535795,0.96145,0.89928705,0.1363959,0.6936097,0.3671469,1.1702771,0.8475769,0.10257539,0.34938195,0.4837116,0.53281176,0.18530244,0.23176873,0.52385944,0.117890924,0.084404655,0.7858318,0.3272615,0.12517156,0.011212506,0.4119512,0.05424335,0.50517184,0.04831344,0.584484,0.12117791,0.4818038,0.26076877,0.23675221,0.06844966,0.3974746,0.04205209,0.17895453,0.27388293,0.8955392,0.2704525,0.2988704,0.08849337,0.2152954,0.13295922,0.059061594,0.10123313,0.018167729,0.07785212,0.0732335,0.27411747,0.13853988,0.6629132,0.24165286,0.07955662,0.17821547,0.652429,0.075385116,1.2687702,0.16340108,0.2405325,0.120738044,0.11193909,0.058317054,0.2872302,1.3930501,0.10515278,0.43906492,0.2067272,0.4457692,0.31407586,0.44998622,0.7601088,0.36670342,1.5193958,0.4847284,0.53357637,0.5812458,0.1552544,0.4179389,0.40826052,0.3878097,0.2712793,0.26476836,0.2293813,0.46745944,0.75147766,0.44990337,0.42044926,0.080517806,0.75088793,0.6072642,0.2717631,0.879808,0.33816648,0.0036550101,0.07527779,0.37708005,0.6910838,0.07916099,0.20481345,0.0597193,0.13578853,0.9147433,0.30468267,0.11131263,0.30571386,0.38894382,0.37285352,0.4251406,0.09899574,0.13072681,0.43030396,0.33529663,0.12275836,0.1187381,0.04968387,0.22853072,0.5487803,0.09496714,0.67890894,0.43386176,0.14485018,0.3565487,0.48499635,0.7613157,0.2638329,0.14572547,0.37278464,0.1838378,0.21085867,0.31508696,0.7970389,0.20935234,0.11461899,0.08641009,0.04217909,0.18597314,0.34363806,0.08704412,0.07569249,0.31462577,0.38717273,0.547368,0.5402945,0.07134502,0.6132455,0.14279202,0.17116034,0.2530915,0.070961855,0.123657584,0.20038871,0.07976366,0.120885596,0.12894316,0.39180198,0.92736,0.1802915,0.16592585,0.5193977,0.19154595,0.2803923,0.15078422,0.110676736,0.44354615,0.3207855,0.042232066,0.278512,0.7368677,0.22543916,0.21000546,0.4481485,0.8928392,0.26895326,0.3755003,0.27003345,0.08807759,0.31519678,0.23447296,1.0406821,0.26087022,0.86022836,0.07223015,0.27933493,0.20059666,0.27518046,0.2421521,0.53944165,0.12420088,0.29521233,0.54472864,0.09795162,0.022344915,0.1986017,0.25148633,0.094216086,0.07416286,1.0088212,0.13448179,0.21221869,0.37081105,0.32449177,0.25985104,0.1542512,0.21837856,0.29875928,0.11885748,0.3240393,0.30653828,0.17508599,0.1885589,0.5567763,0.14091519,0.11463882,0.13518248,0.15593676,0.1427696,0.12938592,0.3652647,0.1339648,0.16551651,0.7479222,0.019823749,0.43438685,0.10602864,0.23164639,0.4137438,0.070010684,0.17433536,0.525017,0.056299616,0.21160287,0.6418643,0.0930191,0.25220758,0.31065962,0.5495875,0.2808395,0.019482013,0.44777974,0.30120587,0.25075465,0.07742126,0.34062833,0.037458695,0.0670568,0.17942038,0.19729897,0.36203855,0.11446518,0.13663448,0.04661321,0.5755025,0.713604,0.23746413,0.17679352,0.41323698,0.405238,0.20556283,0.5338309,0.273995,0.38105834,0.44772446,0.12960126,0.60768735,0.43123063,0.47801343,0.27716208,0.06335937,0.19772166,0.3107652,0.08574599,0.18406345,0.21432237,0.4553774,0.1592624,1.0765218,0.14348884,0.1601949,0.09069204,0.09281663,0.13465318,0.08274819,0.25637496,0.3723105,0.08046881,0.15391959,0.6280198,0.11396159,0.34301087,0.30761948,0.7428188,0.07304654,0.5268493,0.6079521,0.6806943,0.11374863,0.17799449,0.3750987,0.4183459,0.17632234,0.31194395,0.09220095,0.22319962,0.46416533,0.28460956,0.5470688,0.14115664,0.31005585,0.23888907,0.3219909,0.19437514,0.24386887,0.73832613,0.27287334,0.23070768,0.118187115,0.67081344,0.19729245,0.18263906,0.19607452,0.71596617,0.2295897,0.3357299,1.1123549,0.29034227,0.06066734,0.035235666,0.0115549425,0.31116816,0.36871797,0.2597289,0.04395605,0.12598634,0.02871934,0.13819937,0.5370582,0.24240693,0.5148249,0.37422672,0.11891638,0.13643482,0.31566316,0.1062607,0.26180643,0.26711112,0.44026658,0.07046454,0.31170884,0.4081062,0.08532993,0.3165114,0.5851315,0.41979116,0.35600525,0.06757712,0.1296238,0.0009314853,0.32590556,0.12894247,0.26986653,0.60645914,0.4549068,0.48428044,0.1534764,0.7011528,0.07928713,0.3112359,0.17089619,0.30654162,0.2707505,0.5095353,0.33678895,0.30963093,0.27076957,0.22612938,0.38336134,0.13231035,0.18179324,0.40697485,0.033130452,0.79980034,0.23978694,0.63607985,0.08433749,0.27055007,0.38433686,0.26252303,0.25761604,0.32180706,0.72446203,0.24832617,0.41700616,0.029158672,0.24164847,0.5045561,0.15632358,0.16693008,0.32612634,0.1452854,0.086877376,0.05367674,0.0060528526,0.3048431,0.5092375,0.08489878,0.10360597,0.41657144,0.1959331,0.30908316,0.24723154,0.35605308,0.58215773,0.03390875,0.43424764,0.1972575,0.27788395,0.5335302,0.20956235,0.41315278,0.3510707,0.52841604,0.19188514,0.32914674,0.12972885,0.73411655,0.27295798,0.71843773,0.35696852,0.23258941,0.4245252,0.34284735,0.20234764,0.11550068,0.12266523,0.11063394,0.63205475,0.37555343,1.3010372,0.124017194,0.1388234,0.26020357,0.055160597,0.3652251,0.41438955,0.17309749,1.0463454,0.47489142,0.21818185,0.1093563,0.36493278,0.10886815,0.3194023,0.37755764,0.26287282,0.064373314,0.39552307,0.013569511,0.29459006,0.3869911,0.17320472,0.26475316,0.50402284,0.50016546,0.251581,0.05686409,0.20956482,0.11080459,0.6883873,0.13451317,0.11986489,0.5210104,0.39770487,0.25278634,0.14905094,0.38816577,0.37056753,0.25708485,0.5348138,0.24401438,0.18121375,0.16566257,0.43846253,1.0128,0.2864542,0.099549316,0.20756415,0.67738867,0.28169504,0.0560051,0.08819317,0.43057376,0.3380183,0.5983793,0.06044001,0.117086805,0.09458001,0.08196847,0.07980192,0.018475,0.21219644,0.20206158,0.283805,0.5476842,0.11002891,0.37214124,0.18123187,0.051685072,0.34524977,0.44299465,0.3436408,0.04261406,0.17575479,0.61986357,0.8687156,0.17640197,0.09353265,0.27537027,0.09294407,0.5369402,0.2641577,0.22673382,0.112407625,0.47921795,0.41369814,0.11708467,0.054113917,0.18691227,0.16867973,0.13512087,0.15817794,0.36379972,0.4203047,0.2519651,0.07652452,0.074568294,0.684488,0.41323012,0.7547431,0.27906093,0.09915686,0.18602583,0.63612485,0.9863867,0.31737173,0.20677522,0.29558223,0.44634163,0.37079632,0.56154144,0.43247792,0.11692616,0.2229085,0.095005736,0.0695253,0.5311725,0.091613084,0.20914663,0.41701996,0.08916188,0.20765686,0.21281058,0.46343485,0.5209682,0.20763192,0.09423137,0.03917744,0.13838041,0.08766046,0.27470055,0.637517,0.41164696,0.3148822,0.05919925,0.28159732,0.07497825,0.3499401,0.22317871,0.6931224,0.034742773,0.21463433,0.32210106,0.21533066,0.2030035,0.16944477,0.45863786,0.19522128,0.19262396,0.20630302,0.1272577,0.32529217,0.11193821,0.078672856,0.5153531,0.26013532,0.28043965,0.3648596,0.11504388,0.12333543,0.5684759,0.19828545,0.73414373,0.667165,0.14806814,0.5145534,0.22275904,0.07541339,0.086799905,0.20833376,0.05788324,0.3748704,0.398928,0.12551616,0.054884598,0.62041533,0.1755786,0.114800334,0.07945901,0.10767922,0.33699864,0.30301112,0.3484812,0.30021608,0.13447176,0.95386994,0.1416088,0.4032918,0.48030102,0.106692836,0.1564801,0.6085417,0.13973102,0.07460494,0.51962805,0.5691341,0.07149554,0.3194623,0.10213977,0.07192168,0.1829043,0.41132796,0.06171445,0.47623286,0.2192553,0.15981662,0.71098626,0.2880073,0.06726016,0.15377004,0.044452585,0.06708469,0.60293055,0.36248142,0.12426841,0.15116884,0.22010177,0.3468771,0.3390972,0.021876264,0.7742113,0.2184368,0.10070271,0.1924396,0.15071478,0.0114958305,0.118495315,0.08834781,0.29084218,0.08032764,0.16763827,0.2655236,0.2597259,0.3732738,0.13616318,0.34209216,0.51254696,0.15316558,0.56245613,0.057609886,0.011793934,0.4565013,0.76760334,0.34065154,0.31605214,0.22570306,0.14929032,0.4483305,0.31999907,0.103603855,0.15874511,0.47742844,0.2296263,0.18603629,0.091337584,0.02546863,0.38326627,0.21206899,0.15950492,0.44582137,0.20350233,0.8075274,0.53221816,0.13292858,0.08925667,0.038584463,0.263197,0.004552674,0.4342797,0.01989326,1.0461463,0.17957304,0.07200794,0.4159854,0.29020897,0.707778,0.18834548,0.023099314,0.2714247,0.17379929,0.91931224,0.40470088,0.41033542,0.037349425,0.13224657,0.12618406,0.57122976,0.10261395,0.21786383,0.052249026,0.15267201,0.14276983,0.31999657,0.14814723,0.323743,0.5308693,0.27597588,0.32095706,0.12670079,0.2247653,0.6073468,0.32694703,0.16106969,1.0055044,0.4442901,0.38642797,0.18314612,0.146487,0.2543443,0.30722404,0.17678523,0.4308639,0.25000954,0.16017665,0.5811617,0.24628824,0.11370864,0.18425196,0.78652036,0.16341464,0.036863144,0.046707798,0.21695027,0.20562138,0.0536885,0.43515518,0.16046694,0.6587597,0.054249473,0.06151451,0.12284312,0.09118179,0.55644596,0.031719558,0.20064509,0.10396488,0.09098312,0.31150812,0.08370945,0.9661205,0.048854552,0.36287367,0.09362452,0.36493993,0.20489125,0.092357546,0.2245432,0.19529048,0.07801423,0.18307573,0.32456332,0.5648149,0.33820698,0.31398654,0.033005584,0.16339278,0.4013939,0.16343978,0.13917583,1.1075381,0.09615356,0.6401385,0.15570205,0.08225565,0.2791871,0.019283619,0.11161688,0.13689496,0.16799691,0.029935172,0.21913561,0.15082535,0.124183916,0.2872057,0.16950364,0.22138485,0.381504,0.08929938,0.85307026,0.26488563,0.5071205,0.13897282,0.31766677,0.10316791,0.39777637,0.4633425,0.18638176,0.24930431,0.27288643,0.29962876,0.29380482,0.47645718,0.38380986,0.65597105,0.23024753,0.43590856,0.25254017,0.692132,0.43761298,0.0723684,0.103999734,0.46287832,0.06390928,0.41957968,0.02714121,0.18727267,0.33519602,0.023420848,0.8789312,0.15361072,0.19974121,0.051595926,0.20439312,0.53994274,0.16739684,0.7043584,0.3821687,0.46280518,0.23079205,0.3129912,0.26306546,0.024202261,0.1976892,0.44647628,0.03462914,0.19044167,0.07921732,0.18723966,0.05685162,0.019481065,0.34061086,0.07994515,0.08337097,0.7160422,0.1109725,0.09702481,0.30052286,0.07911888,0.36463952,0.07803607,0.21116847,0.33302736,0.4735933,0.30325907,0.08107854,0.06688615,0.7414222,0.1214266,0.1395458,0.9749278,0.30241075,0.134369,0.043453056,0.09240925,0.23821527,0.6749293,0.09511332,0.1866126,0.31992042,0.41308066,0.650371,0.07958509,0.2842121,0.22450405,0.12000588,0.01640751,1.3591235,0.56096417,0.43955067,0.65388733,0.0,0.05837972,0.5405256,0.54710484,0.4840518,0.46628895,0.10749556,0.39101946,0.28856543,0.45536333,0.63303614,0.009664068,0.31040585,0.24286766,0.0068987273,0.9386083,0.05031302,0.7867731,0.013160348,0.5331605,0.060553882,0.24226499,0.2847608,0.35955304,0.03833204,1.2424169,0.1028632,0.011263512,0.35785335,0.07958448,0.7457764,0.0629033,0.055418745,0.8083297,0.42345104,0.11547762,0.08317715,0.047409236,0.25188893,0.20872337,1.3350329,0.023899097,0.27754796,0.25765547,0.41088277,0.19069934,0.6692735,0.06258168,0.13327125,0.8840396,0.061098278,0.81125027,0.20941204,0.017296879,0.13264263,0.46075886,0.035310287,0.020111416,0.13343698,0.016233392,0.2246229,0.28611162,0.7282608,0.33806005,0.49098593,0.12782422,0.0,0.44512278,0.0,0.0074132048,0.6941143,0.4709667,0.21746877,0.35257027,0.20304601,0.8918252,0.96668136,0.78919655,0.028934466,0.7618929,0.07080817,0.51698136,0.4599033,0.29983926,0.27324623,0.44912967,0.092196524,0.41327035,0.5139313,0.23960412,1.2754543,0.04606897,0.36867094,0.42935824,0.00013688505,1.0660973,0.17953832,0.048486754,0.5969629,0.0028976928,0.5435119,0.034412097,0.09316352,0.07210642,0.11700503,0.16507924,0.7988851,0.4866521,0.22038496,0.7551185,0.11934607,0.5571932,0.6634666,0.0683665,0.4722048,0.12393594,0.5173436,0.12374753,0.8496605,0.0715536,0.025138266,0.1305022,1.4168558,0.010055625,0.53573537,0.05931066,0.15999284,0.6797402,0.4688184,0.3497389,1.2866943,0.42124635,0.76577556,0.0,0.012955569,0.02046369,0.2932212,0.36103186,0.15541875,0.10401654,0.17684296,0.52970487,0.058947437,0.5454893,0.1806157,0.2469033,0.03759007,0.8854402,0.020330079,1.0948347,0.70045143,0.22933444,0.30887198,0.98855,0.028778324,0.41351834,0.490387,0.55854744,0.1910674,0.7224684,0.31649143,0.11315736,0.96503556,0.027627423,0.51291716,0.344922,0.4341341,0.5204858,0.37565345,0.26902705,0.2873931,1.4142959,0.294919,1.4356552,0.5278498,0.8445346,0.0007324152,0.022048255,0.00067813875,0.8198546,0.36265376,0.29809624,0.3660922,0.16155991,0.0061552846,0.12652847,0.2113401,0.1033261,0.18234256,1.8280321,0.9458462,0.20978628,0.10451247,1.1937215,0.19841883,0.06549175,0.048131395,0.5056788,0.21291836,0.16188048,0.11121486,1.2179339,0.43246964,0.20337678,0.8617045,0.09675011,0.2790703,0.08560664,0.29607368,0.042991985,1.3848355,0.5544164,0.13835692,0.1635466,0.10026723,0.00021120436,0.15391792,0.063721254,0.09073312,0.24026461,0.0011326852,0.039085187,0.84028256,0.34748536,0.26102227,0.09884672,0.10695701,0.45067802,0.2306959,0.61764216,0.1952205,0.09496437,0.31196553,0.22744069,0.11073345,0.14620301,0.15866888,0.66744405,0.11772441,0.05356957,0.0,0.10800503,0.38039818,0.410722,0.5193459,0.5200111,0.64265996,0.21043988,0.12172025,0.12414977,0.096367195,0.3358579,0.30250227,0.29006213,0.031062145,0.65319324,0.29057872,0.47876492,0.43623114,0.07317813,0.3081755,0.18095176,1.0500983,0.16474286,0.40329742,0.008759633,0.30703714,0.9546597,0.21924306,0.041347187,0.24936925,0.12420975,0.49496803,0.3916812,0.50196505,0.09425772,0.75342035,0.0978467,0.043164533,0.12016198,0.36198083,0.5403048,0.20742667,0.08352812,0.4506334,0.0369091,0.3522591,0.3558454,0.22351582,0.23086137,0.0,0.11378822,0.15563451,0.19871575,0.05092538,0.059413582,0.28799802,0.22497892,0.47256863,0.13175517,0.26565826,1.0360059,0.16003639,0.69858754,0.2850809,0.018670801,0.73293954,0.32714695,0.0039744163,0.27431333,0.042328812,0.92796266,0.0,0.78554344,0.2622206,0.6900482,0.3994531,0.27609235,0.32904592,0.10522789,0.177849,0.29175305,0.18182889,0.12203242,0.13036466,0.24003616,1.0470439,0.49941713,0.01982271,0.19691482,0.33536202,0.23270312,0.9186665,0.009285097,0.5076003,0.012212892,0.25299555,0.89279974,0.04210212,0.601448,0.019921655,1.0978459,0.021249825,0.48945647,0.79246855,0.123309806,0.08662457,0.20450765,0.43443903,0.2829019,0.001947732,0.21021374,0.57256806,0.10114166,0.1328274,0.06096687,0.9271995,0.08362599,0.20711619,0.3618965,0.08500917,1.141196,0.24321082,0.032459028,0.14649884,0.087793276,0.008248718,0.4441977,0.03433829,0.45233867,0.150229,0.7311548,0.122210346,0.4341992,0.65589416,0.2574492,0.08423275,1.2390523,0.0,0.07483701,0.16373852,0.11964682,0.7463568,0.11538626,0.010480033,0.016290357,0.056116886,0.14249,0.2676305,0.031678937,0.0028644763,0.78172374,0.099249884,0.020477932,0.23741433,0.07254039,0.16556254,0.0061612753,0.0,0.08746423,0.07011603,0.3055302,0.21046308,0.08028661,0.03730525,1.2558608,0.08843325,1.2210445,0.3897587,0.2275758,0.20622459,0.20437685,0.10285235,0.77832747,0.033804353,0.11339763,0.0003986213,0.30983806,0.64876306,0.07818572,0.4607632,0.9827269,0.70224416,0.1254961,0.020431861,0.09110273,0.0012963314,0.061220255,0.021833982,0.04494044,0.03235539,0.023319134,0.0058511673,0.0,0.32465383,0.10644855,0.5031526,0.65205187,0.1978432,0.45569897,0.132075,0.21294561,0.22284642,0.05048278,0.47695205,0.20558518,0.025649386,0.30226567,0.3573711,0.13202295,0.435105,0.35672122,0.08125124,0.35857543,0.50058967,0.3237643,0.07615352,0.16956607,0.03893925,0.2631676,0.018000264,0.13143009,0.16460365,0.21993813,0.55603933,1.1041651,0.018862411,0.51251495,0.8268731,0.6432227,0.11337549,0.4299267,0.0765501,0.5468595,0.02157437,0.13603058,0.64410174,0.1588574,0.7475315,0.1088973,0.0009015474,0.07017876,0.21566056,0.7003609,0.7221422,0.328297,0.041942537,0.2240876,0.0026344524,0.32807285,0.1456498,0.21901035,0.23880899,0.10758753,1.4859132,0.4524377,0.13247472,0.9901366,0.6591197,0.6375689,1.1281266,0.2715873,0.18803135,0.5493317,0.36594886,0.42997956,0.2698443,0.029712794,0.71259636,0.40713072,0.7715317,0.17818637,0.16611437,0.040108707,0.16968796,0.29232848,0.47828412,0.95246935,0.56374985,0.03063716,0.27804962,0.8124427,0.047557943,0.07248591,0.031176828,0.30897677,0.11142953,0.3291725,0.061362058,0.09396729,0.031852894,0.13665093,0.19970796,0.9274755,0.22623836,0.4344592,0.51583916,0.009306682,0.30580494,0.13140042,0.44956464,0.12687787,0.31741804,0.92773,0.48408508,1.0776721,0.38495943,0.011652332,0.20672822,1.0403314,0.050993573,0.5223079,0.0,0.67704475,0.09651029,0.49603522,0.96970826,0.090901755,0.48426986,0.116968706,0.04518219,0.25520208,0.041748047,0.76362664,1.032244,0.47221005,0.019578155,0.212371,0.3608329,0.2031132,0.43313354,0.18594453,0.11941766,0.3366524,0.10210806,0.075791076,0.4448321,1.1257198,0.021539893,0.87039423,0.2772048,0.27523655,1.0928596,0.17587027,0.08744443,0.05627931,0.10989097,0.25020772,0.25319898,0.5210291,1.0589632,0.23027274,0.025308343,0.17381766,0.04641111,0.022272155,0.13738042,1.0449313,0.3214678,0.21090546,0.15821801,0.2274117,0.0133422855,0.6963114,0.001059013,0.41584164,0.57016665,0.41065425,0.15782681,0.46146166,0.35940772,0.1343942,0.09942194,1.2576382,0.09416488,0.0082167545,0.067371294,0.24901685,0.4065052,1.1141504,0.19609983,0.3450147,1.1113763,0.17658946,0.01289103,1.0613956,0.45772284,0.08741316,0.5158936,0.6329266,0.35331964,0.009508042,0.09059572,0.09733029,0.0023566566,0.2480841,0.32014626,0.5077953,0.27341467,0.5148382,0.17622,0.06516051,0.68705857,0.4953355,0.12509483,0.6091839,0.6542215,0.10246515,0.103149526,0.23324,0.8369584,1.1405203,0.32449126,0.6138625,1.1107123,0.064649016,0.15996937,0.14885454,0.26465124,0.24381934,0.027799148,0.21801034,0.20112093,0.7373464,0.14815392,0.39509556,0.0019096754,0.38330954,0.45913178,1.1244481,0.036453024,0.32753685,0.54559183,0.64317226,0.039322298,0.24918377,0.0047587045,0.538465,0.6190795,0.2733726,0.8028266,0.4383741,0.0463218,0.019649927,0.25537044,0.10642588,0.24593113,0.86492276,0.06713077,0.097399764,0.4811633,0.20123607,0.10549084,0.15599884,0.43868142,0.10018553,0.78420484,0.09331995,0.29839712,0.28205737,0.47897592,0.098912574,0.18642506,0.26515067,0.12966888,0.28513053,0.0675507,0.19660342,0.007017992,0.33312133,0.57124746,0.19192837,0.5557656,0.16216719,0.011892264,0.49256846,0.0,0.09414306,0.48569643,0.33769873,0.36829013,0.94823325,0.25278652,0.5191444,0.007249591,0.27258396,0.033558406,0.043296352,0.16519493,0.74564254,0.10589925,0.21980467,0.25757167,0.31801844,0.4268139,0.3819993,0.038961105,0.26987648,0.53139174,0.621791,0.053435102,0.5656124,1.7714119,0.3429714,0.20784938,0.43716577,0.7136848,0.025342148,0.71189284,0.36727238,0.16011658,0.03730624,1.0960494,0.8669056,0.120299734,0.2989087,0.94504744,0.12909244,1.3967013,0.48746356,0.37261462,0.17976734,0.18567784,1.1795572,0.83497584,1.6617041,0.055843003,0.35558578,0.2038053,0.30024737,0.7640492,0.37535855,1.5153883,2.0093746,0.32617182,0.36881942,0.000611453,0.5656714,0.31441987,1.1123259,0.06085206,1.0721719,0.20122173,2.5233583,0.81365716,1.4932907,0.32218638,0.79330206,0.25739917,0.53058136,0.22657217,0.15297328,0.065053955,0.4260479,0.9984337,2.1819873,0.6186918,0.45846617,0.19195822,0.07807478,0.7679923,0.18303259,0.14259902,0.16536099,0.069347195,0.081941925,0.7832284,0.70185983,0.30991116,0.12545311,0.71041864,0.39697412,0.36965388,0.29437736,0.6375872,0.11975859,1.0732654,0.26499104,0.71784073,1.0021083,0.37247393,0.5801698,0.3435175,0.06634122,0.605039,1.004337,0.5182075,0.7293764,1.2344186,0.0033934063,0.14681062,0.21418107,0.7465558,0.8522745,0.24213845,0.77119195,0.50093275,0.41442066,0.69163144,0.044025548,1.1210161,0.27195683,0.21639277,0.30881703,0.87649333,0.4363742,1.870492,0.18404086,0.6541016,0.07239836,0.21648148,1.1900834,0.08892427,0.5488351,0.25443006,0.13808948,0.16575766,0.50175375,0.32088616,0.5934843,0.28935343,0.78776026,0.2540201,0.03866567,0.7325951,1.7139114,0.3022634,0.35681263,0.15436105,0.47252613,0.28449926,0.8442257,0.35567972,0.51885086,0.0031218617,0.85174286,0.24668685,0.12816787,0.4846493,1.0858765,0.26528287,0.1390198,0.14886372,0.1491174,0.21685962,0.40671387,0.100803345,0.47075444,0.40854427,0.19912188,0.9768362,0.08456619,0.9271578,0.36216393,0.8532157,0.26556015,0.3778082,2.032125,1.3177959,0.7304338,0.85719943,0.30483687,1.0503057,0.13997573,0.4970014,1.4564474,0.77712774,0.4488665,0.0,0.32708237,0.39630532,0.22459154,0.109124474,0.59043676,0.0027342355,0.35504588,0.17104091,0.4481358,0.10420634,1.658431,0.69518775,0.268902,0.7377296,0.42767704,0.5658535,0.4987223,0.16530621,0.22987294
0.5933675,0.36313295,0.20371173,0.18335909,0.4255651,0.28643,0.36279592,0.21037416,0.07429896,0.16720665,0.34305444,0.12491091,0.16537806,0.56734097,0.20156291,0.29089206,0.65323365,0.5028554,0.40496418,0.693848,0.49710158,0.15001339,0.27639222,0.044454306,0.029429458,0.20693567,0.7848137,0.12577735,0.12835418,1.2265484,0.33835652,0.95543945,0.15313974,0.72723866,0.0633119,0.46837157,0.39345238,0.34722716,0.26695907,0.040493723,0.7228894,0.23803082,0.1011851,0.6809311,0.41826934,0.0047650547,0.14975491,0.016507223,0.6437895,0.11130154,0.24415796,0.106704146,0.3392668,0.14961238,0.01905945,0.22444335,0.45021933,0.17349157,0.7404096,0.6140381,0.19244435,0.18403265,0.8797498,0.3540966,0.08521669,0.45619103,0.46307534,0.12696518,0.24262536,0.11456383,0.42327958,0.5908253,0.28739688,0.073099256,0.32906532,0.37337372,0.17779228,0.31741506,0.23522297,0.19463773,0.045221686,0.4555019,0.6465841,0.3816603,0.5495136,0.16847998,0.20774437,0.7672047,0.3136064,0.41579306,0.22483924,0.38192788,0.25912523,0.60263205,0.36148828,0.204106,0.2327976,0.0047820443,0.48324716,0.6906372,0.8260304,0.5265554,0.4041183,0.57811725,0.35451627,0.39480835,0.37693238,0.2475512,0.2620938,0.3057946,0.16382687,0.103607565,0.30930084,0.1472955,0.3069154,0.075461365,0.20220685,0.46478942,0.5574874,0.83114266,0.27828857,0.42694044,0.3859932,0.38900563,0.12016613,0.101978794,0.04281329,0.43023834,0.042621955,0.10150589,0.22757897,0.52777946,0.17658594,0.09370765,1.3797944,0.25216898,0.34226292,0.40700617,0.04321434,0.13383746,0.49416518,0.71834147,0.16029206,0.33802676,0.19256306,0.40916422,0.35968313,0.9905369,0.27685976,0.3590681,0.027437719,0.14315395,0.365121,1.2597827,0.65082,0.41041678,0.44094157,0.10217886,0.6477605,0.48540032,0.21871021,0.14621079,0.9864237,0.35132164,0.22662368,0.10905233,0.06326653,0.36274898,0.12372678,0.10560165,0.25285047,0.6941539,0.47774884,0.46545374,0.12362968,0.090910874,0.46148598,0.1664067,0.253854,0.33163154,0.44935572,1.1051672,0.11088312,0.19350444,0.2032592,0.08890197,0.30917203,0.23310557,1.2226254,0.23375867,0.040865228,0.101771414,0.5319605,0.5689742,0.41244143,0.06847342,0.4551502,0.084544465,0.38710132,0.29660892,0.058969155,0.12075199,0.36872175,0.47708446,0.15068457,0.020860475,0.24405205,0.32594573,0.7038709,0.56490505,0.102974065,0.4574563,0.021708658,0.9380305,0.5887682,0.89533067,1.3483466,0.11419298,0.44663903,0.19186886,1.055615,0.97108334,0.11985212,0.30862623,0.5244355,0.29108784,0.23342735,0.26081353,0.498402,0.15406832,0.03793331,0.65230596,0.35446504,0.0977283,0.015652642,0.2738222,0.077358596,0.73390174,0.066132545,0.46448988,0.0854298,0.4162173,0.17306215,0.19161204,0.06883218,0.4205249,0.07966337,0.13037354,0.16144255,0.9965647,0.19455439,0.22205223,0.13517451,0.27340102,0.094860435,0.09519355,0.031891234,0.009051217,0.07378303,0.12646073,0.31184804,0.14771852,0.49068537,0.17951192,0.08210776,0.13471769,0.40207538,0.068624064,1.2233286,0.20224498,0.2993027,0.15041344,0.25180614,0.0371074,0.4069021,1.126014,0.17652002,0.4785663,0.13288532,0.34981197,0.33485374,0.36295193,0.6869979,0.26386535,1.7174639,0.45607442,0.24293742,0.3571735,0.16097353,0.4230718,0.24510811,0.35466027,0.22473553,0.2638216,0.25529027,0.29741636,0.6095201,0.3978709,0.34237763,0.071271256,0.7990931,0.729056,0.20464724,1.0333368,0.28146404,0.0,0.117486894,0.37030235,0.5827045,0.10811264,0.07389572,0.075857244,0.123657316,0.9312607,0.13977835,0.08392075,0.19767177,0.4665159,0.4588452,0.4098681,0.06949212,0.1952003,0.19453269,0.47337696,0.076024264,0.068106145,0.039990574,0.24545738,0.4110486,0.052695353,0.23168021,0.38158792,0.20495132,0.26801354,0.586688,0.9882939,0.13781747,0.03705345,0.24634823,0.11849877,0.20632854,0.07324445,0.7931894,0.15334663,0.17336011,0.090953946,0.06615111,0.20897388,0.34201318,0.029489545,0.02777311,0.20954326,0.37227648,0.47313505,0.2144559,0.08714395,0.39659435,0.16334853,0.0069639822,0.32217243,0.17147204,0.14371748,0.017995872,0.110997394,0.14855173,0.033175237,0.25315538,0.4701847,0.1415441,0.1612609,0.5508791,0.22351994,0.22582811,0.20295486,0.13956527,0.36278647,0.3379442,0.09728207,0.20316984,0.37373337,0.1731043,0.046360914,0.24749379,0.53368604,0.12282098,0.28980932,0.15171725,0.04573654,0.28090042,0.37458986,0.76619613,0.12821233,0.56196105,0.06570463,0.056842797,0.2229547,0.16920784,0.18405059,0.5938459,0.12526858,0.22455731,0.24797682,0.06367091,0.07210456,0.15155537,0.40288663,0.11597955,0.09644712,0.883575,0.13371085,0.09558262,0.30066,0.2801104,0.3009482,0.1433061,0.29790187,0.11153305,0.14259031,0.32378948,0.12752742,0.15425137,0.16071917,0.671314,0.20267451,0.17300531,0.19150417,0.13849472,0.1584832,0.30363527,0.17145367,0.05926602,0.074701935,0.5678587,0.019728325,0.24240941,0.05334998,0.20130925,0.23833585,0.090030365,0.31632054,0.43949175,0.06250757,0.2167724,0.4306792,0.08474609,0.07507048,0.28059888,0.24971013,0.084856205,0.07726505,0.67362297,0.16141838,0.34042186,0.06172628,0.2610484,0.05950842,0.104692526,0.10752244,0.16041538,0.2374509,0.053885594,0.30295867,0.16255386,0.5196873,0.6120373,0.23883101,0.13689823,0.33641538,0.23261705,0.11162533,0.4037373,0.17629974,0.4666676,0.39167023,0.09724595,0.1993303,0.15401155,0.45757568,0.28187203,0.006705739,0.16262865,0.19805133,0.05038712,0.1531496,0.3143711,0.5001049,0.12479519,0.68648946,0.19686615,0.2217222,0.13029659,0.06562271,0.019184534,0.17986503,0.047082134,0.66378987,0.12121475,0.18287477,0.48880357,0.098752744,0.3543209,0.34462255,0.45192313,0.034318052,0.56435037,0.6360798,0.60478497,0.19912925,0.19201937,0.12630256,0.267915,0.072773166,0.2352515,0.087151535,0.07743864,0.30611748,0.252988,0.58180624,0.21619049,0.16475028,0.2054754,0.24745756,0.15271166,0.5820104,0.6394804,0.29481572,0.108658135,0.12787361,0.33713096,0.22482994,0.14821166,0.25262338,0.6537733,0.28512317,0.21953921,0.74737895,0.19711736,0.034815546,0.0763017,0.092472166,0.18838075,0.5115796,0.14755252,0.008907299,0.08054722,0.0378719,0.12685637,0.43852982,0.11935407,0.34951502,0.34444344,0.11695516,0.14753334,0.12995556,0.047376532,0.32572708,0.29125962,0.27519807,0.016352944,0.34064484,0.37515295,0.04518126,0.29948992,0.2111967,0.5022477,0.3330407,0.12606126,0.12884612,0.011301225,0.20970501,0.065898255,0.1984546,0.2692756,0.28181592,0.2733141,0.08932658,0.5530224,0.12285026,0.3378058,0.10858822,0.10201742,0.1629458,0.30137974,0.21398117,0.13070375,0.1450425,0.16714764,0.12060187,0.244402,0.27236125,0.31178552,0.07332909,0.6690726,0.16947097,0.33444282,0.021180917,0.20015463,0.6064977,0.17993025,0.20191272,0.24948972,0.75995725,0.18122703,0.4147324,0.04380208,0.1831895,0.39959085,0.52011335,0.09227967,0.080822304,0.17262034,0.06745474,0.062257893,0.013651564,0.23664992,0.40722352,0.14772865,0.119531244,0.17166543,0.21193762,0.41302472,0.14495195,0.22936822,0.517846,0.01685986,0.4561728,0.20993042,0.29703254,0.7159919,0.23999375,0.3708487,0.1831711,0.30754375,0.15749861,0.28004256,0.038670726,0.5771426,0.14521918,0.5206693,0.25561023,0.15763436,0.40006098,0.22089116,0.12734675,0.1305998,0.15490577,0.065400116,0.21561281,0.20987447,0.9300992,0.14241052,0.15475994,0.22164267,0.028849542,0.27098528,0.1620782,0.19816077,0.88897884,0.45965037,0.15950662,0.1431782,0.33543462,0.08638532,0.28127128,0.16855097,0.32728156,0.19813941,0.72694755,0.02363455,0.564397,0.39185357,0.011245721,0.15806723,0.48447686,0.45582536,0.14350566,0.18047504,0.17542088,0.24252371,0.55190146,0.14606605,0.12826884,0.44753575,0.31999522,0.1963889,0.111361034,0.26346865,0.35631177,0.29019743,0.57687026,0.44176966,0.071808785,0.06275058,0.31352115,0.76380783,0.14560506,0.13402422,0.2031487,0.63563025,0.2166323,0.05263889,0.07789195,0.32464963,0.31209978,0.58838713,0.034790352,0.1089801,0.14816223,0.04583646,0.048456106,0.08164899,0.2359852,0.17497937,0.3852503,0.51872534,0.23539433,0.2776611,0.1603661,0.08178028,0.2730896,0.38355234,0.4670047,0.039350685,0.1935586,0.74640536,0.48796567,0.109744824,0.16526632,0.23859158,0.06802222,0.27880013,0.22943418,0.06642671,0.1335772,0.3295475,0.14957966,0.15177302,0.023950566,0.18288185,0.19480951,0.27296647,0.32223672,0.33479252,0.42161477,0.041684277,0.10793747,0.24602598,0.34119326,0.24412185,0.74491346,0.42627227,0.33622697,0.19045009,0.61908484,0.79081166,0.16074115,0.21468101,0.33565795,0.17347834,0.14014149,0.22937034,0.21370244,0.06470886,0.14898163,0.07706358,0.020043582,0.3973477,0.074632764,0.3014304,0.29145196,0.15024328,0.21790487,0.11628381,0.57509696,0.3569029,0.1750356,0.27518493,0.042081155,0.33181304,0.12617217,0.1814813,0.542852,0.20689723,0.3162907,0.06257207,0.19388616,0.019980254,0.15969789,0.09562334,0.5107152,0.07361397,0.33226603,0.31158036,0.059632976,0.22117853,0.13883413,0.0971517,0.07680834,0.27525854,0.26075244,0.06572875,0.23992349,0.21844241,0.14992404,0.45990247,0.30795574,0.054107647,0.32681298,0.1491718,0.2085424,0.2660967,0.28148872,0.59780854,0.3007445,0.16026989,0.26659384,0.18162918,0.38155332,0.15114298,0.13257545,0.05247029,0.22873795,0.08130862,0.12112643,0.032889616,0.61680853,0.10914145,0.11800968,0.13176598,0.010255667,0.40244377,0.104196355,0.48932305,0.26812094,0.08193822,0.52954155,0.09890838,0.36101067,0.36169618,0.10016152,0.13501449,0.25294906,0.056669854,0.17064986,0.48606148,0.36076477,0.15910476,0.2515848,0.28532445,0.099161796,0.073259614,0.64260316,0.05474212,0.6366145,0.1883914,0.174636,0.4647975,0.14326213,0.033740293,0.11536104,0.17651306,0.06244637,0.61529964,0.18547183,0.03845018,0.16070548,0.21924718,0.5038614,0.24457496,0.13454187,0.418686,0.20955452,0.15506212,0.073837064,0.21276997,0.040863596,0.1291113,0.22595976,0.21598096,0.026267588,0.09780182,0.22584671,0.07668401,0.29419586,0.09068167,0.23596215,0.40162975,0.13201143,0.23949903,0.13491307,0.007865931,0.3021031,0.29428327,0.34052926,0.23402813,0.32957524,0.25071922,0.24735503,0.4308462,0.24683776,0.10345584,0.42084372,0.24328381,0.15830891,0.08685766,0.034298085,0.318788,0.04893384,0.26644182,0.3036443,0.13204841,0.5789994,0.61955166,0.22631629,0.075132035,0.06187967,0.15584566,0.01136036,0.5312536,0.14171073,0.7129616,0.14492278,0.07857877,0.33766913,0.25735065,0.43798113,0.19558014,0.0072861724,0.49260342,0.117069766,0.597265,0.20589702,0.19881552,0.039762042,0.20903349,0.3578756,0.37982464,0.13634683,0.040427327,0.054137055,0.2646828,0.1458344,0.38536152,0.1941423,0.32779643,0.70369375,0.28748196,0.37753183,0.13279784,0.109948,0.5997827,0.51588655,0.22741772,0.6194115,0.5785649,0.28079885,0.19829196,0.02127837,0.1894792,0.18059775,0.14616255,0.15009266,0.23121928,0.18062618,0.3734367,0.19148546,0.19986112,0.44509065,0.52505714,0.21659973,0.10134806,0.13863178,0.27752194,0.16719262,0.088447064,0.4821714,0.2663989,0.5106449,0.044010546,0.06638044,0.20850341,0.04323083,0.34128153,0.0066812932,0.15271485,0.1171639,0.048304558,0.13121918,0.1290166,0.5596944,0.07085259,0.3750038,0.03910245,0.41407192,0.10644004,0.24447793,0.32960424,0.2236722,0.15900666,0.07682553,0.25673306,0.39149803,0.191638,0.07644164,0.019537382,0.01840507,0.2256877,0.0916169,0.18762997,0.9385285,0.079419106,0.3758498,0.31405693,0.1674305,0.14961255,0.007731497,0.26910347,0.06353058,0.12266626,0.018222053,0.20637117,0.090193614,0.09118712,0.25886512,0.08105888,0.20135552,0.50641316,0.14311062,0.4353399,0.33371174,0.37754443,0.17139736,0.36531636,0.19247957,0.4170427,0.3124583,0.20288998,0.26467305,0.27496114,0.08040684,0.18771829,0.22476865,0.22664475,0.774019,0.41619486,0.3147002,0.1404864,0.66559565,0.5087931,0.16042781,0.2345538,0.4418402,0.13663588,0.515934,0.00490199,0.11003293,0.1764489,0.007835144,0.81219214,0.21069609,0.1086231,0.042405687,0.069507994,0.2703277,0.16106962,0.6727302,0.21899876,0.2163792,0.11598509,0.33167326,0.24240416,0.15395726,0.16662791,0.4962821,0.07985676,0.13132587,0.05342064,0.21950172,0.057604738,0.02115232,0.2437922,0.111480266,0.2350606,0.81027937,0.14860654,0.12937485,0.4868579,0.06665367,0.41806674,0.028019356,0.14872831,0.28856376,0.21733938,0.14433107,0.033753227,0.013284889,1.0983539,0.058717642,0.095264584,0.67759275,0.3252296,0.08112909,0.089074664,0.006268667,0.28117993,0.7636533,0.1301175,0.42017037,0.2531974,0.45471597,0.5774651,0.060351335,0.05296977,0.45139545,0.15868536,0.0125653865,0.86707383,0.24578018,0.3987192,0.2896911,0.0015086874,0.11711484,0.47834262,0.47360885,0.6174934,0.6265321,0.10116201,0.72024375,0.44974533,0.8537394,0.6910521,0.18449405,0.040469065,0.02983721,0.032154642,0.9868977,0.077362806,0.8828608,0.015169747,0.096578754,0.046840344,0.17782637,0.27734324,0.027441878,0.0,0.8125855,0.0068683615,0.011138507,0.41111603,0.053138915,0.98895895,0.15607911,0.04065243,0.4856579,0.27453047,0.0071189036,0.0,0.18119031,0.54393613,0.09546277,1.3892912,0.08640285,0.31031814,0.05243648,0.18261991,0.010773247,0.6063102,0.030740779,0.15203407,0.74671197,5.122491e-05,0.6047199,0.015610892,0.023701392,0.35556734,0.5931558,0.24726343,0.036190704,0.054404706,0.023105888,0.07390649,0.3567707,0.4637532,0.20451605,0.46514136,0.21390471,0.0,0.19954102,0.0,0.0030040292,0.835677,0.535808,0.060693234,0.2898108,0.19496526,1.1182777,1.0836743,0.71964383,0.05765299,0.9167428,0.10559971,0.46580386,0.70998937,0.35827464,0.12283977,0.17208204,0.1659825,0.3331567,0.11177177,0.25039166,1.0605382,0.024334716,0.32285324,0.11708147,0.018571597,1.0963702,0.1357192,0.062024046,0.46702135,0.13457592,0.8995008,0.01263573,0.33513135,0.012379246,0.7282494,0.05731275,0.6639886,0.61744404,0.0810493,0.5699728,0.033891633,0.46969134,0.24270275,0.23638657,0.52194726,0.12734072,0.42150658,0.31877548,0.8600588,0.011519793,0.06645201,0.17091782,0.8987832,0.041301742,0.5621531,0.173206,0.0,0.5961577,0.2280303,0.2610185,1.4629318,0.47323927,1.0242691,0.17596813,0.015807051,0.0,0.17920735,0.5211422,0.027666293,0.3898131,0.031273007,0.13854635,0.14527959,0.6167104,0.171085,0.30017322,0.21438552,0.6066954,0.03831368,0.6142785,0.86832726,0.17707221,0.33396843,1.1343946,0.022702731,0.47809228,0.43149197,0.6285031,0.043865703,0.9659105,0.3839746,0.09219848,0.90794414,0.029977571,0.1518194,0.16431342,0.10701534,0.42831284,0.27342167,0.09683714,0.09147486,1.1229641,0.5050539,1.1302085,0.40474522,0.8416902,0.004313927,0.054722108,0.02669019,0.6956712,0.5069156,0.3023818,0.3201606,0.08595907,0.0052867634,0.029625379,0.30986091,0.040752757,0.07568391,1.6729699,0.26339066,0.15742227,0.2608708,1.1367787,0.03827554,0.1937604,0.05701861,0.16870922,0.12864402,0.15411264,0.04134068,0.7514614,0.55888116,0.22559819,0.7673238,0.0,0.058593355,0.25878176,0.32045454,0.029917154,1.1505651,0.40006807,0.13221678,0.27025217,0.01112839,0.0051317895,0.21654049,0.05487096,0.0846688,0.24657227,0.0,0.080829956,0.25281715,0.3822159,0.2808945,0.107443005,0.049566366,0.34892774,0.30566454,0.637198,0.10975648,0.21877447,0.28925577,0.15840662,0.04085035,0.25505728,0.023464205,0.483401,0.13609216,0.101163775,0.009003087,0.122564025,0.23432986,0.39214763,0.41378245,0.45164037,1.1418078,0.11245718,0.040376466,0.07195687,0.0028726705,0.4358464,0.20464274,0.08684082,0.08107109,0.5843651,0.1887728,0.37329018,0.5605748,0.013710044,0.113041654,0.09031174,1.0133584,0.25614053,0.6531731,0.0053914012,0.12983787,1.0169457,0.053012896,0.014244859,0.17591776,0.22637096,0.7730077,0.5753383,0.49472335,0.072497,0.6717777,0.11093584,0.029572286,0.09349432,0.2501129,0.8102182,0.12257229,0.15465441,0.5290148,0.0,0.2603161,0.61203814,0.011733741,0.20263925,0.054308746,0.0944155,0.041360505,0.2038471,0.044553857,0.16948256,0.37889966,0.15245867,0.7297005,0.111518115,0.11961063,0.9534353,0.057438157,0.7272121,0.26119685,0.023842426,0.40984005,0.73429203,0.0142923,0.5682059,0.1710271,0.7635888,0.0015771529,0.74940425,0.043835234,0.5013665,0.12165931,0.056116804,0.3218443,0.0019513122,0.47935194,0.13736588,0.19303702,0.27185553,0.13849318,0.21009928,0.76592076,0.27984938,0.00479843,0.1155543,0.14159018,0.06039785,0.6448144,0.0003936013,0.3385586,0.023257997,0.10459417,0.7899233,0.0,0.31047106,0.02014456,0.9711362,0.11960665,0.18957555,0.5955049,0.06220685,0.39468575,0.072906144,0.5263827,0.4823854,0.03264029,0.1061805,0.33532405,0.04354462,0.014541576,0.026263172,1.1035733,0.0028832138,0.4873949,0.54126745,0.038324192,0.95122874,0.13536291,0.023384457,0.15141405,0.023425695,0.022265121,0.42321306,0.07956213,0.70235705,0.12742214,0.64827234,0.1786351,0.65992296,0.4879827,0.20858611,0.010153702,0.8889987,0.0,0.06619057,0.14905956,0.30434778,0.4022393,0.09681152,0.0806058,0.10284905,0.0015575606,0.09989653,0.13392347,0.044298124,0.022064738,0.5279313,0.013972593,0.06409519,0.37934333,0.010834736,0.11852084,0.10014692,0.001248922,0.13387297,0.018454576,0.5418648,0.80964375,0.039015666,0.04448282,1.0098159,0.24187389,0.62244046,0.29600435,0.2065269,0.15660474,0.19723873,0.57989484,0.60072094,0.09495179,0.021214332,0.0,0.12385844,0.9030657,0.17789102,0.5235848,0.67905724,0.6041815,0.07996565,0.06927194,0.0,0.005887226,0.03372331,0.058020487,0.033925127,0.26930916,0.07000983,0.0011826667,0.043604515,0.5581757,0.13381903,0.42176485,0.4256764,0.20743257,0.6775545,0.11314416,0.37583447,0.20766482,0.034475736,0.50973344,0.07711211,0.1284654,0.19469692,0.16062883,0.07010206,0.27281487,0.2895636,0.04436139,0.4514636,0.50696665,0.12526318,0.016302364,0.41449833,0.047132052,0.1253414,0.00027310487,0.13434342,0.54931307,0.19258152,0.28217947,0.7978945,0.089809306,0.109996125,0.63431597,0.22001435,0.31101957,0.42973,0.06434539,0.24619919,0.00095364265,0.13999535,0.16463092,0.27933633,0.5159888,0.0858905,0.0,0.24407537,0.28109986,0.94001377,0.61405677,0.21399646,0.27874696,0.10830556,0.009975823,0.49721238,0.34084275,0.3040931,0.3933475,0.18183336,0.9344704,0.53579015,0.43190587,1.1667348,0.6068097,0.5888896,1.0142218,0.16217268,0.31697726,0.5359473,0.047336884,0.45475167,0.4486031,0.11938624,0.578385,0.78625023,0.6914418,0.13891771,0.56972826,0.017079232,0.40828866,0.52188087,0.1546958,0.65119493,0.2861853,0.057337824,0.390752,0.9533833,0.03993512,0.09341123,0.0,0.20923299,0.17384464,0.026056513,0.23082957,0.101788424,0.022498783,0.17468081,0.31470957,0.71935153,0.04266452,0.70205975,0.2567838,0.010045236,0.3593158,0.12447573,0.47195718,0.07932166,0.6831739,0.82820684,0.4013861,1.4496937,0.5036063,0.052584708,0.36522284,0.5766258,0.24839365,0.3087006,0.0,0.32365042,0.031649284,0.6511656,0.99362445,0.4165,0.54174304,0.043643497,0.20609558,0.52731586,0.12918255,0.37698755,0.46371415,0.34692395,0.022564858,0.18922764,0.48289168,0.1816881,0.5444639,0.5881677,0.06722543,0.29403013,0.08482465,0.2436544,0.29556042,0.85389185,0.11801404,0.8580295,0.52535576,0.10008813,1.081032,0.16697127,0.06048107,0.2718243,0.20451003,0.4625285,0.3071671,0.4761935,0.6145967,0.396639,0.050476853,0.10668024,0.08161165,0.000689381,0.38059092,1.284414,0.46020672,0.4379338,0.1152938,0.17332305,0.101156056,0.46902776,0.029898379,0.58705974,0.45172393,0.26128352,0.064565144,0.87221324,0.0024880345,0.19373672,0.09765562,1.0479759,0.10158878,0.031015787,0.10646117,0.37986755,0.17243251,1.0817872,0.12798156,0.19765085,1.3194282,0.12720916,0.0033383036,0.6702746,0.34134483,0.11403574,0.5069986,0.2190023,0.42849752,0.0702828,0.06857382,0.0408526,0.02089597,0.23388316,0.5518552,0.41021496,0.2804502,0.6625989,0.053258315,0.050744537,0.6214843,1.1622304,0.062267456,0.4520197,0.9768895,0.08113603,0.37431228,0.09652126,0.9037026,1.1087993,0.3541191,0.49855536,1.2310925,0.023514502,0.27899212,0.18047707,0.19309136,0.46052557,0.025621379,0.26496872,0.3365196,0.44166625,0.12059629,0.6186484,0.0669524,0.3996115,0.084886804,1.0250988,0.013472119,0.4015035,0.61469316,0.6199517,0.0016313886,0.78563094,0.058137726,0.25624704,0.58200204,0.314112,0.6152214,0.16694912,0.08069789,0.16177039,0.19320047,0.37493175,0.36725885,0.51141155,0.13418776,0.030016085,0.15775788,0.085674085,0.15971223,0.31193924,0.3010704,0.1162599,0.9341472,0.016884157,0.11927553,0.24174938,0.34753174,0.17185444,0.10230488,0.25833967,0.077166826,0.0001901921,0.2789017,0.15659407,0.0,0.43893987,0.68300456,0.015300439,0.48384604,0.019162957,0.009887917,0.14398159,0.0070194765,0.09246844,0.45606273,0.16593084,0.38005304,0.92572236,0.061707277,0.57698834,0.027800433,0.07191387,0.1846829,0.0008812142,0.08424601,0.98164225,0.09093492,0.32861125,0.07071687,0.050821602,0.30570087,0.24442987,0.024843128,0.32296365,0.3525026,0.472868,0.05162914,0.25809178,2.110977,0.33812833,0.17077906,0.56731105,0.7200096,0.0054145884,0.638412,0.6280988,0.072055325,0.08834457,0.94392884,0.7866446,0.087174356,0.27160075,0.8522903,0.21672934,1.5372815,0.29406074,0.2159876,0.45669952,0.2040344,0.99101526,0.82080424,1.3954213,0.055021565,0.25040016,0.35223418,0.18165158,0.69379246,0.42645603,1.4339621,1.9176497,0.36477762,0.10446131,0.03722343,0.44953454,0.25467798,0.96746314,0.12313248,0.96286845,0.41650617,2.021717,0.6144061,1.495292,0.24609613,0.46999234,0.24817301,0.27947772,0.090487406,0.11366091,0.08518805,0.46460384,0.8174206,1.8327183,0.2734426,0.3242169,0.009279245,0.07145235,0.7148032,0.12801707,0.006202878,0.1649474,0.12346169,0.10431047,0.6864469,0.5172224,0.37536716,0.0914813,0.5875037,0.44601724,0.35368848,0.27039072,0.81803566,0.21105692,0.8968993,0.32714474,0.6054828,0.6324542,0.35637957,0.31136644,0.11881161,0.039346285,0.6807491,1.1210865,0.36400416,0.6025131,1.2216599,0.0034379894,0.20525429,0.20474805,0.6600419,0.8149925,0.23536718,0.39589328,0.14340283,0.56330657,0.61481315,0.04092865,1.1847653,0.23175196,0.1801362,0.32815826,0.5983459,0.43296605,1.7540472,0.28441572,0.75405484,0.19844939,0.106671296,1.0407608,0.003495541,0.26218298,0.1354695,0.22241656,0.07349803,0.37776077,0.31457227,0.30050537,0.030515095,0.59415203,0.08186233,0.022508947,0.85638237,2.0554986,0.34032565,0.28829113,0.16306528,0.4508475,0.20654798,0.6359184,0.41705963,0.3117097,0.0028136533,0.9992935,0.08798066,0.2411602,0.3590585,0.6350485,0.31836343,0.19039679,0.13230602,0.123220965,0.37622693,0.6310977,0.15879667,0.66865504,0.37439197,0.19934332,0.76012206,0.045880463,0.82241297,0.26707324,0.56725204,0.21822783,0.36546513,1.1017718,0.7526814,0.67512095,1.0912395,0.4984184,1.0641835,0.17833576,0.33836892,1.3235785,0.43449897,0.6323116,0.029489167,0.38424367,0.38046092,0.19636668,0.072079614,0.8974098,0.0,0.3335794,0.12424531,0.2352381,0.07951919,1.4557248,0.26736978,0.37803614,0.44942468,0.63658106,0.283058,0.5250864,0.12001442,0.19012046
0.30816352,0.23320976,0.1581078,0.105727255,0.4225986,0.29925537,0.484317,0.15978959,0.1214204,0.20066807,0.47437805,0.11684281,0.11166845,0.37773025,0.38945985,0.2120272,0.5871779,0.34987497,0.4724768,0.9113552,0.4493034,0.14228469,0.57157725,0.08335141,0.26570484,0.30527458,0.9971047,0.16528851,0.092784725,1.0801911,0.4759962,1.0083894,0.26104638,0.46554875,0.11776733,0.32473174,0.44161987,0.60026777,0.254854,0.046156414,0.80322766,0.19185619,0.1662673,0.5581646,0.5416785,0.013765599,0.20775467,0.03749571,0.4851429,0.116051316,0.24092041,0.1441782,0.29295027,0.109501176,0.019187104,0.36487702,0.42381367,0.23109089,0.6152022,0.5932697,0.25817034,0.21382007,1.0603904,0.19092067,0.09655419,0.3283329,0.22504114,0.06849863,0.1789141,0.11862448,0.3900385,0.89860845,0.37193412,0.12233085,0.40504616,0.26275817,0.1981723,0.19862397,0.34740484,0.11011345,0.23991138,0.4904754,0.3549931,0.43367893,0.5345547,0.15078184,0.27631113,0.6692795,0.2703545,0.43362042,0.29456702,0.6367279,0.259816,0.6675037,0.38233048,0.096449286,0.19237864,0.0055029932,0.45960686,0.77970845,0.9438508,0.60134995,0.5193616,0.45374024,0.6927289,0.5147038,0.41490477,0.4387949,0.35405278,0.29107738,0.19862735,0.09328273,0.26742202,0.18325272,0.35160524,0.20384529,0.2727152,0.5604335,0.5119778,0.79282945,0.31765166,0.439276,0.31707275,0.41011983,0.068176724,0.07939507,0.00979695,0.25118104,0.031205077,0.008639719,0.41654244,0.59888494,0.119904876,0.15494797,1.4276342,0.34149486,0.37643328,0.3035361,0.072327554,0.23924324,0.34559602,1.048037,0.162121,0.36880133,0.21910734,0.4415475,0.17952412,0.8894074,0.5256478,0.0944436,0.069516465,0.076074444,0.3295905,1.270662,0.5905566,0.72650075,0.3491114,0.16432473,0.45557034,0.43875575,0.40860718,0.30793935,0.95866305,0.37404197,0.18564403,0.19447714,0.15484892,0.41697228,0.18481144,0.28803593,0.17749739,0.6687498,0.5287757,0.65132856,0.12119338,0.17072365,0.26625794,0.14958003,0.41921785,0.36973834,0.2583806,1.1333871,0.33422592,0.13114808,0.12870266,0.08064078,0.57738173,0.19754204,1.3767424,0.4322314,0.0052706758,0.23186243,0.5166624,0.5820581,0.56673557,0.04626351,0.37349677,0.051329773,0.27742553,0.25853348,0.060293335,0.14356688,0.15372786,0.7068971,0.5197828,0.048229028,0.23354521,0.5697269,0.8153629,0.6599112,0.113618486,0.5145575,0.021156669,0.97449166,0.49572533,1.1818452,1.4098171,0.03636194,0.7177932,0.16010804,1.0194443,0.88035566,0.056603167,0.263496,0.631775,0.24322632,0.1388908,0.26482728,0.4618169,0.15978514,0.102175,0.7853205,0.2960047,0.06292333,0.034415163,0.39289725,0.102819726,0.60761416,0.03863571,0.6835922,0.121250704,0.36665595,0.27431804,0.1880372,0.06506087,0.4213757,0.13292085,0.14509837,0.072398916,0.99601525,0.3272382,0.4314924,0.15177587,0.35073858,0.080599636,0.08509411,0.103381395,0.030360287,0.13885878,0.07687116,0.4576662,0.28342026,0.76462483,0.1008797,0.08527588,0.077164546,0.47698456,0.05299387,1.2124275,0.37849677,0.3382619,0.06494804,0.31343186,0.061888933,0.3954528,1.155757,0.2011198,0.5215925,0.35764274,0.31994602,0.3747735,0.36898297,1.2679664,0.14995386,1.2443631,0.4971969,0.2566052,0.21452658,0.31545264,0.45504278,0.20549902,0.5782168,0.2722056,0.2392931,0.1689478,0.43485093,0.3605155,0.282749,0.41930068,0.09671996,0.7891409,0.6092029,0.36713016,0.7215802,0.3034963,0.004063422,0.16441526,0.45245457,0.60106975,0.13270135,0.17107241,0.07743216,0.21425623,0.92910165,0.15096737,0.085212834,0.20923275,0.44974437,0.30318892,0.38324234,0.14723022,0.5656227,0.11862801,0.29938725,0.04972384,0.12358633,0.035683386,0.22851656,0.32807404,0.08338757,0.19764781,0.5039871,0.14960134,0.3081308,0.4149117,1.0296438,0.19521433,0.077559516,0.31699118,0.24673869,0.39820117,0.11190034,0.5443073,0.2851727,0.2712827,0.23173094,0.027582407,0.14656983,0.24325292,0.0896022,0.278279,0.45579028,0.303572,0.41535926,0.3864608,0.12722923,0.3033041,0.09923016,0.0090699745,0.3939025,0.19484057,0.1396735,0.048413202,0.035632804,0.111845285,0.11013959,0.3747729,0.51271087,0.08494086,0.3780774,0.4989567,0.37260467,0.31694445,0.22523896,0.14381784,0.40715605,0.3487888,0.039294243,0.19246306,0.26555762,0.32296175,0.15128943,0.4159703,0.78222597,0.20218116,0.3387072,0.242685,0.08526274,0.65739733,0.20273161,0.56276095,0.23692217,0.5164448,0.035171047,0.057092626,0.42789915,0.37162808,0.11593609,0.42709413,0.07738635,0.09792931,0.46773022,0.11771019,0.07245271,0.1456883,0.30326968,0.19046699,0.12731126,1.183847,0.09468798,0.042871784,0.34773135,0.4101342,0.49672982,0.28734824,0.3523225,0.1989503,0.16203457,0.224029,0.12551653,0.2249018,0.12066495,0.53930306,0.33776832,0.21691407,0.18478937,0.13374828,0.084788665,0.22422189,0.4002577,0.1264101,0.064149894,1.0497024,0.06464133,0.22527586,0.04207471,0.3637498,0.25655985,0.14191538,0.5006132,0.22722313,0.056511685,0.15328978,0.37703574,0.045053363,0.078576446,0.2973174,0.25038886,0.103737414,0.07445382,0.54560465,0.28764135,0.35312396,0.19435589,0.17075887,0.08277118,0.07978004,0.16885376,0.20809567,0.16315252,0.06375073,0.28679758,0.28799364,0.9858215,0.6452608,0.33173987,0.117377296,0.22560288,0.22765478,0.053938493,0.64273024,0.116246015,0.48953435,0.48635367,0.11726275,0.035970464,0.07633923,0.4585669,0.16901413,0.030555468,0.10567233,0.32056648,0.1611082,0.10871089,0.42295545,0.44161022,0.08159849,0.9608489,0.3524834,0.21637948,0.1390407,0.065685615,0.110588625,0.123323366,0.075094596,0.4694523,0.37353086,0.20474526,0.64384174,0.14631669,0.49265346,0.22385289,0.65541744,0.022456177,0.59374654,0.42869422,0.8809932,0.17886962,0.17845191,0.20603791,0.4090226,0.030256268,0.6094156,0.067829125,0.18351215,0.18227175,0.1637232,0.7447313,0.09973698,0.09079804,0.14305505,0.28868487,0.22637857,0.22488739,0.65916705,0.24832658,0.21752454,0.21987173,0.55196816,0.20922512,0.20619768,0.42503697,0.63176215,0.25134426,0.34182426,0.51263,0.20276666,0.12320594,0.07924384,0.12671283,0.33309278,0.65184176,0.4291351,0.049300727,0.12116571,0.11116929,0.2751705,0.65301263,0.1355603,0.48659152,0.25313687,0.044935692,0.3418927,0.1555672,0.10578065,0.36285272,0.08749954,0.41658205,0.19397947,0.5568876,0.3379573,0.108488135,0.4154015,0.16815417,0.46495226,0.62322336,0.36502802,0.104712896,0.038957115,0.28534377,0.1406673,0.13652425,0.27505857,0.3689528,0.19660139,0.1739067,0.43266582,0.334423,0.36036813,0.0933415,0.13976075,0.2503141,0.1366577,0.046595477,0.08616409,0.14900325,0.073988676,0.38666448,0.26389247,0.5129339,0.334666,0.06897302,0.7342795,0.18835786,0.31944793,0.0027593288,0.15734348,0.623489,0.17123182,0.18266572,0.4615472,0.91172564,0.17026661,0.2637146,0.13330914,0.14032525,0.618294,0.8282161,0.07704035,0.20730577,0.13635248,0.11844847,0.06545842,0.019590009,0.32383585,0.46561268,0.25637472,0.16258311,0.089707784,0.16531035,0.47737342,0.35128713,0.21840096,0.52502656,0.051916678,0.51420474,0.21159159,0.236569,0.75645065,0.2770352,0.20890495,0.115896136,0.23765594,0.07673107,0.32456398,0.13987352,0.7545061,0.17261337,0.8327324,0.28748298,0.39886093,0.30702302,0.36199504,0.09062666,0.22282511,0.2955828,0.06684757,0.29103708,0.14899993,0.56195307,0.1181531,0.105232604,0.40554956,0.09994086,0.44298208,0.33336192,0.34243733,1.0717056,0.7098079,0.08191931,0.10421051,0.44292706,0.2869191,0.14788125,0.24998628,0.3587739,0.21550888,0.5080925,0.068519816,0.57700133,0.34703493,0.047009856,0.501112,0.5784198,0.33917552,0.19658133,0.15704231,0.20041023,0.3700883,0.63627267,0.29291221,0.121070035,0.6201662,0.13901933,0.053929143,0.06874516,0.094102904,0.46797994,0.37244537,0.76944447,0.33585146,0.12130086,0.03685657,0.31565416,0.27387643,0.19568661,0.0804611,0.21260703,0.6230001,0.31520993,0.11329451,0.09092511,0.33326066,0.61268747,0.69071186,0.07482235,0.123060316,0.3145097,0.1265711,0.05238194,0.11305052,0.10922035,0.2504085,0.4697274,0.38851786,0.16569903,0.15270893,0.22247504,0.059114564,0.27742812,0.55848056,0.22182716,0.011194291,0.29788822,0.50021416,0.5090688,0.101328164,0.21741351,0.20372358,0.057430994,0.3823739,0.25278574,0.1527597,0.14071462,0.43467745,0.09864034,0.23537895,0.024969121,0.11086009,0.22170489,0.36841336,0.33979905,0.18221843,0.34749904,0.10491711,0.14471048,0.33013263,0.23092362,0.14603478,0.45171285,0.25150067,0.44370204,0.15057428,0.38343692,0.5765226,0.069254585,0.19936022,0.30458274,0.13391522,0.10744952,0.6799839,0.33218497,0.07807304,0.16045472,0.058159575,0.076459676,0.20901373,0.1573128,0.26088512,0.10541629,0.22121435,0.1598988,0.086703025,0.7648089,0.15685481,0.13613574,0.3645898,0.070577726,0.24528524,0.14349739,0.27853468,0.6144972,0.4112446,0.22717047,0.1834538,0.4148988,0.053019032,0.14410317,0.14244923,0.20487839,0.03935613,0.65873283,0.43093204,0.0798591,0.18726572,0.102275394,0.11240014,0.120008364,0.2917468,0.30975875,0.18813133,0.29612356,0.18662551,0.16679674,0.3322323,0.41038612,0.01783012,0.46324766,0.15589799,0.20063029,0.3341931,0.21036759,0.32291526,0.5099404,0.14227562,0.15775433,0.27855694,0.3152941,0.17466974,0.22698846,0.051687226,0.16917315,0.048078727,0.065649375,0.018888202,0.41817284,0.057188563,0.18930858,0.026443228,0.024605986,0.36969572,0.06957105,0.5443443,0.32032466,0.26809216,0.6120215,0.08388965,0.2938713,0.2606141,0.14802605,0.123913825,0.23033828,0.26296154,0.14309838,0.35452464,0.20544346,0.24741164,0.33876663,0.4776274,0.09455966,0.16950145,0.66830134,0.047899216,0.5987473,0.111917384,0.1291011,0.24903905,0.06424972,0.045430057,0.11117856,0.1249118,0.10259057,0.6796659,0.22288692,0.0025389325,0.23595086,0.2470035,0.640109,0.25087637,0.08865774,0.47759968,0.19500843,0.22410083,0.10946345,0.24827445,0.025065634,0.06733313,0.12204136,0.12770769,0.05370155,0.040045395,0.18072812,0.07383658,0.2413924,0.120101005,0.31032872,0.7853298,0.12541284,0.28073573,0.033096574,0.039608687,0.2937485,0.28847668,0.35109168,0.3102004,0.3438059,0.31043607,0.23386052,0.32400414,0.29206985,0.15666369,0.3134902,0.22799683,0.21570456,0.029148463,0.092043504,0.24178648,0.077441975,0.15807773,0.22238438,0.1258026,0.68537706,0.541837,0.41979876,0.0048604975,0.11096039,0.1607606,0.015295316,0.5063355,0.3015752,0.89053905,0.23421293,0.091847934,0.23082852,0.20259625,0.5255488,0.18367824,0.011322705,0.4203667,0.26466733,0.54264724,0.25440904,0.22056848,0.07847479,0.36928385,0.39407122,0.51219326,0.069278255,0.14635351,0.078679696,0.48227537,0.11324163,0.097334325,0.14429265,0.54614294,0.33439583,0.25092876,0.45622578,0.17121102,0.1759476,0.32418263,0.32784945,0.21876213,1.0622594,0.45639682,0.3072318,0.24001834,0.14082709,0.34600812,0.48965052,0.07585555,0.16245788,0.17281915,0.15483595,0.16217881,0.45834047,0.40924904,0.19741449,0.47738856,0.19330153,0.14057654,0.18551704,0.25537673,0.047151804,0.16877493,0.39394677,0.12188117,0.405399,0.023138033,0.09521124,0.18783131,0.07045555,0.30959806,0.0,0.18426338,0.10447946,0.14980261,0.2892245,0.11758254,0.42090493,0.042737678,0.51879555,0.09860125,0.40498525,0.08535105,0.2297864,0.15621473,0.21863416,0.18093492,0.0770439,0.3307467,0.2514816,0.12551242,0.09168646,0.0079666525,0.027161382,0.19097751,0.055336684,0.24381302,0.94689524,0.054792363,0.5414891,0.23076603,0.22388858,0.16304909,0.008276015,0.29858115,0.09405443,0.09833726,0.08059762,0.21004602,0.23368087,0.19217,0.2471256,0.07816446,0.14827509,0.54704857,0.0077605858,0.50614834,0.20711876,0.4712821,0.2859469,0.38401854,0.16848208,0.39725935,0.22826222,0.2289488,0.11983945,0.15529586,0.09807262,0.08776986,0.089557216,0.26775125,0.7833756,0.45838213,0.24560064,0.09426571,0.8633149,0.552385,0.21778889,0.32208443,0.4517287,0.1360851,0.6184841,0.007964703,0.056080475,0.14887351,0.04726989,0.35742438,0.27877495,0.16954318,0.13569231,0.19047388,0.1853529,0.17666723,0.84055376,0.19853616,0.36706436,0.07921388,0.24643542,0.16758868,0.1816999,0.10570688,0.5981241,0.07862906,0.0874345,0.1511029,0.2280758,0.11772886,0.050668843,0.30021572,0.059518125,0.3344324,0.44407213,0.07424384,0.16189337,0.14752205,0.026642907,0.373716,0.03147877,0.073867574,0.33226842,0.13703892,0.2129871,0.03053821,0.06889185,0.8315535,0.070706695,0.27332053,1.0957592,0.1803618,0.29020086,0.034413483,0.014595723,0.4936349,0.60943246,0.19608867,0.4284034,0.2650597,0.46854863,0.40118542,0.16873181,0.08903277,0.3216051,0.12435116,0.014426066,0.91067266,0.23186022,0.48989612,0.33709437,0.0121318,0.16088645,0.38291484,0.226194,0.8786619,0.32187045,0.08799856,0.8239577,0.54511535,0.71351016,0.7653731,0.07402706,0.29383326,0.24167293,0.09928333,0.7891414,0.109682426,0.61439073,0.1466959,0.3728884,0.21618214,0.20420758,0.20984857,0.03429335,0.06549274,0.7453246,0.07168457,0.03174267,0.29903665,0.009614608,0.6213181,0.15194242,0.13818884,0.5948074,0.5434823,0.05839175,0.19072078,0.124255,0.47997957,0.2139195,1.1616037,0.07851272,0.4040808,0.14286605,0.23668641,0.05843709,0.609462,0.13783255,0.25480545,0.4277559,0.06025993,0.73911643,0.071547605,0.08662542,0.15629683,0.6635554,0.096586764,0.020198679,0.14280638,0.05544672,0.15211463,0.3412364,0.528415,0.2229918,0.22350672,0.49453655,0.0,0.28188396,0.022766005,0.014663925,0.3869394,0.53142995,0.092008926,0.3504035,0.09289212,1.0512259,0.9433958,0.3293742,0.1433406,0.8776119,0.3076959,0.52558213,0.97794414,0.21783546,0.09349939,0.3289773,0.35620654,0.38717896,0.07524204,0.48832732,1.0031198,0.0069101,0.38040742,0.022887383,0.0031613826,0.7579739,0.23381567,0.5279541,0.9469501,0.085996814,0.6114186,0.13936177,0.037223227,0.14463617,0.51034796,0.043101072,0.40832987,0.13380557,0.04220961,0.5579137,0.12149879,0.42599583,0.08255513,0.16219026,0.7947469,0.24308243,0.18494296,0.26934972,1.0864851,0.00047470274,0.09473361,0.03304531,1.3216465,0.120594405,0.851669,0.17515385,0.0031857004,0.29810792,0.5105419,0.12360528,1.539958,0.4216659,1.2343997,0.14649284,0.03318153,0.0049819807,0.1947666,0.35266536,0.11039418,0.17499629,0.14844966,0.29941806,0.12298398,0.822831,0.35921553,0.1626851,0.26320428,0.6347791,0.13997059,0.43068072,0.6533239,0.23163605,0.19611932,0.9886595,0.014607408,0.41529098,0.7413057,0.40751716,0.14406955,0.7419409,0.2748561,0.07433026,0.445156,0.20759405,0.3054058,0.58145154,0.15971942,0.4105301,0.033713263,0.2905003,0.2175966,0.6452136,0.28070912,0.77165365,0.57430255,0.7153296,0.013825416,0.30328205,0.043617785,0.41365153,0.7704116,0.25883764,0.38284567,0.14600958,0.04503065,0.1377106,0.40644383,0.071835816,0.12358851,1.350723,0.74646443,0.15237862,0.27210695,1.1913483,0.033373,0.1969727,0.066832915,0.14560953,0.09558974,0.065977335,0.11212396,0.948508,0.49234465,0.48109344,0.7542251,0.0035331498,0.09514005,0.17293724,0.19334707,0.0,1.066201,0.3163905,0.12595111,0.25696555,0.101785615,0.113505825,0.16412355,0.0038666357,0.14740345,0.081847146,0.087395996,0.22543004,0.6219487,0.34792605,0.11196107,0.44157398,0.1548121,0.52489364,0.4828496,0.6263635,0.34282658,0.048031148,0.40405923,0.33858424,0.14814278,0.24209121,0.040369175,0.54912037,0.15903841,0.14164814,0.07506773,0.2638436,0.2844255,0.3975345,0.4593457,0.78902715,1.0160189,0.30713883,0.00075989816,0.13439964,0.0821172,0.32285714,0.23585416,0.1088569,0.16169599,0.40168405,0.16908891,0.27630663,0.50916165,0.06755121,0.15541187,0.29356587,0.8616263,0.11365208,0.8290523,0.03763239,0.6550063,1.299242,0.06225727,0.04158522,0.12663282,0.34394476,0.36884224,0.6835434,0.837631,0.089404106,0.89126617,0.34899414,0.010498786,0.18297893,0.4430321,0.60492134,0.22250012,0.21921018,0.64672434,0.014390077,0.50463074,0.60406625,0.12817334,0.103885286,0.057190813,0.0065057413,0.1456747,0.27269825,0.2393898,0.11675008,0.7455903,0.3935616,0.3768468,0.22371545,0.32081783,1.1199225,0.1123723,0.57149327,0.63789344,0.034620106,0.5716831,0.45152527,0.04642918,0.3383462,0.086013034,0.6956592,0.0010126516,1.0078723,0.35494816,0.32434738,0.22281209,0.188729,0.51539576,0.07392553,0.5377337,0.118738964,0.06906063,0.20342031,0.20610453,0.2664182,0.8918335,0.28357226,0.0051556155,0.28016078,0.33402163,0.10178959,0.37113312,0.025275325,0.3805521,0.09311825,0.16793588,0.7322736,0.023778139,0.32151753,0.031961434,0.9868627,0.053684585,0.2499442,0.47944176,0.16611263,0.18862033,0.20063895,0.6095016,0.48865807,0.007859299,0.19491804,0.6488552,0.15558213,0.11558564,0.039287236,0.508852,0.08783755,0.08316696,0.22657758,0.3061386,0.7504977,0.046824068,0.13707015,0.25781012,0.20821375,0.01136595,0.21471319,0.071734175,0.43436816,0.21285592,0.19694215,0.2233814,0.31783155,0.6038599,0.26441562,0.18895447,0.6366112,0.038125165,0.22101074,0.15914497,0.15629229,0.57033026,0.104467645,0.008879171,1.4590528e-05,0.05083657,0.13993189,0.3925373,0.044788368,0.021671945,0.7353128,0.07113387,0.0062367776,0.08623882,0.006968785,0.011984507,0.17088419,0.0,0.3024985,0.13806508,0.591079,0.76013553,0.15344813,0.08809183,1.2407559,0.3485147,0.7669797,0.6980599,0.23789167,0.11153396,0.22277874,0.43585056,0.6425646,0.08207142,0.19054532,0.008502693,0.04464639,0.93462604,0.037655525,0.80364704,0.71900654,0.1464014,0.10131307,0.09257705,0.035933886,0.040524513,0.23764129,0.027224554,0.09412343,0.02329883,0.12824005,0.00418252,0.099953994,0.5589174,0.091803156,0.27699476,0.7132822,0.26821992,0.42099088,0.10112883,0.35160488,0.3057279,0.014970152,0.29614264,0.06834297,0.077703565,0.07678849,0.25702477,0.017436784,0.41884306,0.16906755,0.4950384,0.6245558,0.1511177,0.18596402,0.101762384,0.15812227,0.08950415,0.20974989,0.06886838,0.12982461,0.53048265,0.2520882,0.6075229,0.46394983,0.046744943,0.17887506,0.5772855,0.051332515,0.35482553,0.24433593,0.21185054,0.42339188,0.038817562,0.134206,0.12435408,0.5114776,0.41355586,0.025850777,0.0,0.33802193,0.5069542,0.6404984,0.4929182,0.3955125,0.15067783,0.011487748,0.11317411,0.38395637,0.31383714,0.24434912,0.71515095,0.02633421,0.98874766,0.52150595,0.2967103,0.9499074,0.8852118,0.46685833,0.49403328,0.2991531,0.27868652,0.33980405,0.08349751,0.5571869,0.2504837,0.10170256,0.41633025,0.54902756,0.5968012,0.3211096,0.6417023,0.051356457,0.49310157,0.5473299,0.11676902,0.8759849,0.54197204,0.09609219,0.49857524,0.7217017,0.0828432,0.16150498,0.06785488,0.015117804,0.17882729,0.20614338,0.28377375,0.11516762,0.021590846,0.31358495,0.5135865,0.49252158,0.08166976,0.5465514,0.28826198,0.013712975,0.26089272,0.2436378,0.44817394,0.09133198,0.5077752,0.63955915,0.6420437,1.461869,0.3297029,0.08569272,0.13273412,0.9054485,0.24654964,0.8441706,0.05262686,0.09908752,0.07074608,0.5967323,0.7420669,0.27556902,0.7758523,0.11214727,0.18281466,0.27460638,0.17092258,0.28237966,0.25464138,0.5849347,0.06836757,0.05588441,0.3571537,0.23388855,0.60375315,0.110259965,0.14303236,0.19275174,0.12269698,0.1336734,0.16527021,0.72308093,0.41987383,0.64516973,0.34252977,0.22889839,0.5168666,0.20022167,0.22964206,0.5373055,0.46858197,0.5475114,0.37676984,0.8253168,0.570306,0.44911945,0.04933577,0.15137434,0.16561462,0.018348165,0.4697001,1.0421162,0.5354545,0.5703302,0.3726423,0.32084617,0.12838584,0.35484785,0.041718602,0.46628928,0.734708,0.11853249,0.25895602,0.33257753,0.07166402,0.19954431,0.15796512,1.2335715,0.074616365,0.029227389,0.10478014,0.26184112,0.1008573,1.4292194,0.21023187,0.5434386,0.69801205,0.16613364,0.00036837926,0.7450762,0.39723736,0.22562602,0.42490384,0.36795828,0.009110001,0.025338199,0.008936071,0.060265046,0.03885483,0.12842096,0.3021826,0.27596286,0.840775,0.70908844,0.09207942,0.20320144,0.58315223,0.83916056,0.21105336,0.5832217,0.537465,0.21436648,0.31993103,0.17721438,0.8017474,0.84020126,0.21682197,0.55640364,1.1509712,0.09770823,0.11764392,0.50550485,0.1163006,0.37773153,0.012007797,0.09855424,0.19419998,0.55516416,0.37508237,0.18834913,0.3294457,0.2343268,0.24304657,1.01215,0.05931238,0.42709902,0.37482613,0.6828278,0.0781909,0.45180255,0.17631298,0.6009003,0.34933576,0.31453407,0.4839777,0.3679821,0.18038875,0.17608866,0.604427,0.6065724,0.22201258,0.58926994,0.14297418,0.04938232,0.5231389,0.2193172,0.5959597,0.33712417,0.5288229,0.16416693,0.6616795,0.12500623,0.1362293,0.34731287,0.43733835,0.09052068,0.34109676,0.3361309,0.33411753,0.0018546712,0.16033491,0.06460853,0.02895827,0.5613798,0.7250774,0.08061259,0.65976316,0.1329197,0.1215225,0.3260582,0.09599075,0.25784898,0.1552582,0.33830333,0.18182515,1.019657,0.073357694,0.4783436,0.17058192,0.23381695,0.120651715,0.2292555,0.2811999,0.82716316,0.12710786,0.3748874,0.13561952,0.14824262,0.39677525,0.18799424,0.05963363,0.4107137,0.6922748,0.3449223,0.030906644,0.6984067,1.3456495,0.71360373,0.026335433,0.24638775,0.579002,0.08261244,0.36173648,0.4351092,0.06003987,0.22433269,0.69158155,1.2769496,0.09747382,0.32183987,0.7427253,0.27795002,1.1441643,0.35992667,0.24923618,0.47884476,0.11160886,0.43895698,0.7437219,0.97413087,0.12044002,0.18256283,0.31567746,0.27201492,0.44743323,0.35425425,1.4029542,1.705467,0.26766264,0.12596239,0.0,0.5720303,0.36880797,1.17568,0.06605059,1.1249496,0.31718,2.1707969,0.8050459,1.0929081,0.24429175,0.69953954,0.5040208,0.44712314,0.23120639,0.22120178,0.11011183,0.36595944,0.62377006,2.1296299,1.05014,0.43185663,0.09680419,0.043709666,0.8747911,0.06561615,0.004598841,0.50247073,0.27539027,0.053982474,0.41046852,0.52667564,0.31568384,0.14904445,0.5777089,0.13536781,0.35394675,0.7729727,0.5448015,0.27955854,1.0044279,0.20523317,0.4894888,0.8234855,0.29255617,0.7749963,0.17752367,0.075197555,0.5897522,1.178786,0.3224175,0.6024826,0.9063327,0.008958964,0.3145389,0.15232614,0.3887245,0.6017586,0.436482,0.76698816,0.18746929,0.5282575,0.6828842,0.116603516,0.8528444,0.21933503,0.57262886,0.26778448,1.2949169,0.3449477,1.7917588,0.45783597,0.3680392,0.18691634,0.032154564,0.83964854,0.054159757,0.16878456,0.12488894,0.13830718,0.5695301,0.6743563,0.17790988,0.30417192,0.06974963,0.58620214,0.15085013,0.016018929,0.8701097,1.5389743,0.37917858,0.49307102,0.118331954,0.55143857,0.10816949,0.57468426,0.7323034,0.72588456,0.046139926,1.1562347,0.20781136,0.62943196,0.19689716,0.929147,0.30917427,0.16896883,0.23388213,0.19106957,0.45844454,0.7474203,0.025722511,0.47942007,0.26214558,0.14949252,0.5740166,0.06348151,1.0275003,0.44238988,0.16717264,0.031158336,0.5863804,1.2727844,0.77891755,0.77897215,1.0952232,0.3985288,1.1934824,0.0489664,0.2995915,1.599273,0.5049064,0.58475983,0.038326494,0.1979619,0.11687876,0.17824903,0.10194447,1.1139796,0.0,0.63201356,0.25520718,0.24486966,0.051591896,1.4420075,0.24932471,0.69189644,0.5634097,0.46040818,0.16076432,0.50415057,0.30534223,0.12860319
0.3514477,0.17182551,0.05590134,0.18017632,0.19442347,0.31228453,0.36526543,0.18155739,0.13955468,0.270277,0.22860071,0.08736715,0.09878887,0.5378149,0.20677054,0.27677858,0.5195961,0.28687674,0.5183358,0.64115465,0.45440814,0.069810845,0.35566798,0.04432949,0.17175311,0.15844263,0.44872862,0.24819098,0.13410787,0.71809936,0.43373632,0.6732143,0.17905454,0.29835278,0.09131661,0.19677678,0.20822987,0.5091262,0.32244983,0.039196413,0.8195461,0.12597446,0.08438397,0.19367163,0.6299477,0.0,0.20640337,0.048658006,0.405361,0.09069614,0.17177929,0.09489386,0.3198569,0.2935714,0.057042424,0.41818413,0.43958908,0.062348653,0.45902187,0.56117207,0.60926175,0.088891715,0.8355063,0.20003292,0.10676927,0.25944787,0.22286952,0.08264149,0.10560856,0.08533952,0.4451133,0.8055933,0.29816103,0.05504609,0.27086744,0.2637228,0.20455028,0.30741638,0.13925624,0.09018997,0.18273607,0.5907727,0.13341105,0.3993154,0.52462894,0.22548181,0.41513032,0.46048525,0.2086358,0.2813527,0.30434257,0.5578079,0.26104325,0.5854975,0.4839479,0.1533969,0.32910582,0.0,0.07321254,0.61247987,1.0132986,0.700347,0.43287748,0.48680216,0.78979206,0.44141296,0.44883978,0.81665766,0.15660429,0.3559667,0.045337576,0.12664646,0.38371682,0.17003308,0.30335206,0.35317627,0.33264244,0.5761564,0.51895696,0.920617,0.14353447,0.46667904,0.3498031,0.24771881,0.03063265,0.2524179,0.0,0.2533422,0.058079697,0.015633767,0.29646626,0.31006646,0.1581788,0.083608724,0.9913473,0.38271153,0.45901173,0.3649484,0.015982948,0.24352032,0.5643823,0.94537187,0.26267588,0.18544431,0.18425566,0.31106287,0.15332085,0.842239,0.56870615,0.08408661,0.09575841,0.087263614,0.18569626,0.7922194,0.55122364,0.8571438,0.24928652,0.14368832,0.44832665,0.6452297,0.42157423,0.4075722,0.59993654,0.20825636,0.3106476,0.14417733,0.053099602,0.31536752,0.11502975,0.15321237,0.076588586,0.5887091,0.5830971,0.36445004,0.21804819,0.2544509,0.15694097,0.19924171,0.42311877,0.2238808,0.27548864,0.728123,0.19339922,0.09247946,0.15696718,0.1251333,0.5725982,0.09410944,0.87451684,0.42176023,0.0075656576,0.174968,0.2990193,0.7304572,0.698702,0.010476651,0.31635043,0.015400491,0.40038323,0.13409495,0.08115059,0.16738346,0.18691486,0.34799662,0.14259559,0.1253487,0.13027823,0.41396794,0.91241974,0.5817602,0.02224863,0.2996015,0.14664334,1.2404075,0.66443163,0.83372176,0.8820373,0.016900236,0.7178487,0.11623362,0.9914015,0.3676709,0.03448419,0.37190506,0.6423615,0.2688489,0.3285032,0.47789305,0.71302855,0.074018635,0.03425452,0.4617954,0.3466813,0.040957607,0.07159989,0.14692429,0.041937687,0.24361482,0.028566007,0.55320764,0.12554783,0.35047245,0.3424481,0.39234298,0.14363733,0.40937734,0.09535722,0.12576146,0.039158765,0.9450542,0.3757459,0.30236727,0.10263288,0.19167908,0.1530875,0.12078875,0.06716995,0.07618639,0.06104528,0.09089421,0.47640762,0.3515494,0.8647727,0.39182568,0.15593055,0.04922508,0.46224988,0.06463746,1.126789,0.110545665,0.24734616,0.1516793,0.18050684,0.006268983,0.29517782,1.2287982,0.11980157,0.4567034,0.19141974,0.44573534,0.27168187,0.35886502,0.720579,0.15718208,1.4088881,0.3257261,0.32484475,0.22793457,0.14585112,0.44868147,0.27167016,0.62485164,0.21484569,0.1708398,0.10592641,0.46890795,0.5440198,0.13457613,0.22023022,0.03194052,0.5397581,0.41766116,0.14808553,0.27841774,0.241844,0.058468062,0.13730192,0.31959343,0.43890345,0.06471431,0.36242127,0.20381571,0.11876266,0.8820205,0.34681556,0.21684189,0.24305287,0.17074497,0.10127249,0.39854032,0.09498994,0.29109403,0.048295274,0.19521612,0.14007746,0.00021983769,0.014898777,0.35497308,0.16223295,0.18997791,0.39271957,0.41254503,0.0648049,0.34984022,0.5455595,0.660751,0.2967568,0.090945974,0.39324075,0.18660508,0.4058802,0.08254002,0.5442314,0.38875276,0.13172524,0.13390282,0.008856032,0.1856742,0.11295085,0.19523326,0.07987553,0.4267157,0.29719633,0.23692775,0.34775645,0.09723085,0.22755796,0.4209561,0.076139316,0.25894198,0.037684366,0.06676201,0.0045308787,0.08395794,0.11397715,0.19392328,0.29535413,0.43635976,0.063067265,0.090172954,0.36099833,0.17251515,0.10390045,0.06297106,0.10452004,0.19016196,0.63633066,0.15591632,0.38140452,0.09293952,0.37539268,0.12135743,0.60393304,0.7180513,0.2411674,0.32138962,0.22940835,0.06352159,0.2500052,0.14759992,0.29729295,0.3088097,0.41702998,0.03637304,0.04885543,0.23967294,0.29549086,0.052353382,0.34088576,0.39644784,0.09498851,0.38235354,0.12245811,0.07348007,0.07285318,0.42256638,0.12598594,0.21284606,0.9653051,0.057210088,0.13325171,0.14778659,0.08254781,0.2995507,0.23569152,0.21642205,0.16188577,0.08065567,0.061340146,0.04552549,0.17249328,0.3048825,0.3201939,0.19784,0.22315009,0.24603865,0.1676127,0.1270447,0.23229013,0.20867497,0.028682828,0.08032799,0.8364432,0.05890871,0.15446441,0.20475276,0.06577114,0.33154202,0.10662214,0.33222902,0.16814525,0.013082108,0.15503475,0.35910916,0.051779777,0.13217217,0.33569986,0.16399288,0.2051447,0.10927835,0.19379437,0.10347602,0.30503982,0.06501474,0.09207831,0.08950813,0.050677527,0.11080275,0.13184337,0.18833013,0.087368876,0.16838932,0.14845566,0.4970339,0.46963626,0.13577902,0.07949863,0.30178434,0.27189365,0.10593931,0.42232066,0.18694583,0.26749566,0.6059277,0.032446146,0.13368891,0.02611492,0.3082354,0.08573157,0.061464764,0.039290223,0.25926435,0.14045173,0.18329719,0.28658798,0.37454095,0.15528512,0.9945079,0.16370465,0.08749713,0.088190466,0.07023753,0.065372124,0.055869114,0.04406707,0.25817934,0.21557592,0.28513515,0.31810418,0.18123521,0.2048864,0.09164646,0.80072814,0.17020726,0.40631545,0.13156877,0.8201059,0.03433508,0.1382077,0.08561763,0.1838553,0.1961306,0.316809,0.046437807,0.21272716,0.24930233,0.1258956,0.35457462,0.06295625,0.20946571,0.05802287,0.22289358,0.07915473,0.23927742,0.6549351,0.11753026,0.16085035,0.21756859,0.8576973,0.15733412,0.13160366,0.2890932,0.2594555,0.13999596,0.17567757,0.44645214,0.20019461,0.02156546,0.16022144,0.055517703,0.33854726,0.632629,0.39376616,9.612954e-05,0.016102856,0.14092042,0.18805641,0.41743994,0.14939699,0.18535931,0.13533771,0.08110639,0.27756354,0.1692823,0.05645565,0.19452512,0.19658907,0.46996862,0.08588029,0.6185382,0.15478645,0.18767399,0.4853903,0.11146176,0.23556904,0.42623276,0.120581664,0.06447022,0.07327972,0.013130797,0.2068598,0.016131151,0.21479231,0.62223977,0.21075313,0.087243274,0.1103954,0.16866298,0.5854081,0.08618109,0.09592401,0.25692582,0.12773627,0.10478865,0.14555733,0.13922067,0.0789033,0.7372284,0.06777985,0.26911968,0.34103668,0.056135703,0.33629364,0.25216204,0.29284835,0.05397439,0.32371637,0.3228526,0.34726736,0.30393404,0.36384344,0.7388014,0.088614225,0.13958241,0.06388843,0.026118238,0.45497036,0.46014735,0.054778207,0.07210505,0.13953601,0.1946919,0.06833717,0.020662617,0.2968033,0.35165057,0.09029071,0.14984109,0.18759997,0.13535666,0.36095145,0.17478725,0.18997315,0.41337645,0.16237827,0.5552253,0.13991286,0.12816437,0.7461252,0.19804278,0.22246255,0.25160235,0.23046124,0.075230636,0.3291878,0.12468453,0.3641771,0.19374278,0.92606026,0.17804626,0.11509232,0.24745084,0.37908554,0.25642675,0.46035954,0.22975126,0.07218949,0.2565122,0.22279425,0.9251524,0.0883981,0.10510455,0.29827377,0.12428361,0.538484,0.271955,0.22368577,1.1784699,0.69389766,0.2271883,0.118737325,0.6149324,0.067798555,0.14058185,0.15706143,0.16916582,0.078872986,0.41523486,0.07635484,0.14514452,0.26869822,0.061662033,0.067213,0.22700766,0.16062972,0.05682388,0.120978266,0.09603733,0.3537737,0.76892257,0.23191059,0.071215846,0.292159,0.14112529,0.19649461,0.17059752,0.14831269,0.30978018,0.343853,0.29340866,0.26932877,0.048231494,0.01993439,0.33380622,0.19529238,0.13429016,0.11361772,0.14075471,0.5893016,0.24893524,0.070130415,0.06935788,0.11773646,0.21726015,0.7580099,0.11885868,0.06413161,0.25492468,0.03780105,0.07338547,0.04561455,0.22829288,0.1494227,0.4016859,0.3684171,0.11389625,0.05693792,0.09250502,0.10524811,0.26980472,0.51815003,0.13991983,0.017411273,0.27664864,0.23978393,0.42361873,0.13857651,0.119138114,0.39640233,0.010718792,0.38385266,0.2555482,0.2191914,0.1891883,0.2867104,0.1068116,0.16979578,0.04120698,0.22280324,0.2276556,0.2104857,0.06326826,0.19252503,0.54171205,0.051050313,0.078060746,0.12811244,0.21266298,0.30050415,0.40972394,0.16129354,0.25004303,0.05792754,0.19606763,0.5510073,0.26010597,0.17249677,0.09801993,0.13612294,0.2331847,0.91776794,0.1897269,0.061308097,0.08362142,0.07993744,0.20514369,0.18905044,0.09691921,0.034821346,0.17643072,0.12851587,0.118090495,0.12261817,0.48915023,0.0609792,0.10006675,0.2557501,0.04299692,0.05453294,0.08942109,0.58872724,0.52384436,0.5506655,0.19255689,0.05974269,0.23109639,0.018930681,0.21019492,0.13132177,0.10511798,0.07756279,0.33744836,0.4922723,0.05063714,0.06870985,0.21986642,0.059191428,0.0843343,0.43465966,0.22830486,0.107170284,0.5219369,0.110627875,0.08738086,0.20204887,0.21840984,0.0400525,0.38580143,0.19467321,0.05499128,0.13236615,0.07322766,0.49650112,0.70502496,0.08519019,0.5859648,0.19285065,0.12777828,0.03572327,0.08414218,0.015259396,0.016522322,0.035971735,0.027563067,0.024894662,0.41650707,0.046179038,0.06812762,0.081998646,0.07137376,0.23382033,0.14239429,0.21542749,0.5309441,0.112688504,0.6526598,0.029261503,0.2838301,0.15490144,0.051834647,0.03918441,0.7289651,0.4271324,0.02410283,0.59984124,0.3084836,0.04204631,0.13517365,0.17166209,0.039902918,0.08461111,0.43338543,0.034404412,0.42316175,0.21852893,0.05621094,0.27084363,0.08062342,0.0565491,0.13173607,0.20805101,0.15533233,0.4707889,0.1451368,0.039831027,0.19076058,0.4791717,0.5673848,0.38375223,0.039613526,0.5608223,0.17579982,0.20763983,0.06427179,0.11106607,0.026175229,0.20746866,0.40439022,0.2159489,0.03673484,0.01985616,0.14884838,0.05346424,0.41894206,0.20223995,0.39984423,0.74122,0.12020569,0.44637603,0.060012918,0.09699193,0.012025218,0.28582978,0.26021838,0.14964089,0.3029281,0.4143101,0.29799592,0.17175534,0.12391733,0.026256155,0.24618325,0.1679836,0.101570524,0.04792508,0.075047486,0.11725308,0.18681787,0.108686246,0.03888011,0.23601013,0.9708911,0.32673097,0.28508872,0.05721417,0.13817021,0.17624533,0.0037320028,0.28839013,0.15733942,0.8712035,0.31812137,0.09376822,0.19193852,0.5245048,0.54027283,0.105586916,0.006137041,0.33182007,0.13416195,0.4510545,0.18979299,0.0921077,0.030481465,0.30637985,0.23629516,0.3892866,0.07831535,0.35555464,0.24106753,0.5004262,0.21923274,0.12072856,0.22457251,0.3266629,0.25338954,0.17150097,0.35654634,0.07324267,0.08907825,0.47995216,0.11184152,0.24729612,1.3674072,0.45833027,0.27944934,0.05154914,0.13962212,0.20900941,0.3189061,0.077912495,0.13956092,0.14863482,0.18845336,0.20011586,0.4468624,0.1760324,0.22863951,0.5566628,0.13994151,0.14820707,0.11412457,0.18411036,0.0622282,0.06607522,0.1463275,0.1693056,0.41548157,0.020551251,0.062173385,0.09915313,0.062337477,0.23779029,0.009414089,0.13519347,0.048550773,0.19198832,0.31851172,0.107968,0.21558906,0.019100906,0.52546453,0.04026091,0.30876857,0.015603831,0.17604426,0.20919152,0.1789163,0.14266399,0.08080825,0.23884445,0.038548384,0.35080463,0.1184749,0.017853122,0.08753703,0.19238487,0.008145424,0.10933711,0.94967437,0.027922308,0.7624267,0.14637241,0.32836893,0.10944225,0.0101616355,0.06978619,0.18261686,0.14665937,0.04990938,0.06833318,0.14589778,0.08255163,0.25917217,0.16058242,0.15617421,0.39354563,0.0,0.67853653,0.18492474,0.4143874,0.15534239,0.29469326,0.1428016,0.2993908,0.41672897,0.11101022,0.14080116,0.19996919,0.12719339,0.22177497,0.1604501,0.13139418,0.42952785,0.23458284,0.28700155,0.26171046,0.51125467,0.37291116,0.012690599,0.2323887,0.19846368,0.10379185,0.47278577,0.005940536,0.216366,0.17179112,0.06059504,0.23616928,0.05025739,0.034072787,0.095596254,0.23398495,0.15559763,0.097809665,0.91254556,0.198136,0.50181943,0.04954049,0.19068924,0.0615368,0.08701344,0.0764905,0.1787736,0.03222619,0.17534716,0.13954338,0.5639591,0.17174073,0.0012871351,0.32487738,0.10906198,0.18924771,0.4357897,0.30217576,0.0889711,0.11709008,0.04462733,0.14233306,0.0,0.1411494,0.10650105,0.041494265,0.5663605,0.115179315,0.045369323,0.48247367,0.0007213238,0.099819824,0.7295717,0.268026,0.32377324,0.046043854,0.007219155,0.18854624,0.46734375,0.12598076,0.23410141,0.16185373,0.23775923,0.3357104,0.053728007,0.16314931,0.19530794,0.1734795,0.006743705,0.99245495,0.31133914,0.42406404,0.1491008,0.0015696909,0.0928865,0.442191,0.03976143,0.47828257,0.204796,0.05980465,0.48184425,0.2235569,0.60587776,0.5768433,0.0051028766,0.08843189,0.25429168,0.056163505,0.96032166,0.042495303,0.39778227,0.010919936,0.26091152,0.05777895,0.11822437,0.22967425,0.04935591,0.0,0.49019304,0.0007390469,0.0057716616,0.25455204,0.05872721,0.7353974,0.050305896,0.11833768,0.45948577,0.07647811,0.029388946,0.040377982,0.09389622,0.31218585,0.11371967,1.1912196,1.7654758e-05,0.14478292,0.14964621,0.11150703,0.019300723,0.4192639,0.19095856,0.12441039,0.4529971,0.009965005,0.7623734,0.012229358,0.0039405497,0.23593858,0.38403106,0.0047865342,0.014542452,0.27112645,0.09840693,0.08647366,0.11474149,0.5904742,0.0043564625,0.3069653,0.025049279,0.0,0.15137842,0.02195988,0.0078468565,0.27397525,0.084314674,0.10424915,0.23471504,0.07778605,1.0244114,0.7253305,0.21424882,0.006651728,1.0779805,0.0568334,0.24271846,0.28827995,0.04139133,0.021960028,0.43667325,0.051121905,0.52984893,0.08971557,0.17126213,1.4278142,0.0446194,0.13231553,0.029246788,0.0007600859,0.97200775,0.080509245,0.11151673,0.54049444,0.04341852,0.5055112,0.083773196,0.2683834,0.06186458,0.38972533,0.009760228,0.9410734,0.33554238,0.020726357,0.7404171,0.02468396,0.16537859,0.11735848,0.07899396,0.45974904,0.29445785,0.14753023,0.1453923,0.87763727,0.0062293923,0.049886107,0.008814759,0.6991931,0.031720523,0.5146191,0.042876203,0.029005736,0.060977545,0.14062843,0.040588118,1.2061965,0.21775052,1.034701,0.022024937,0.0018338219,0.04910498,0.11864196,0.4366676,0.056261905,0.076435655,0.10065925,0.091773935,0.09926796,0.8264763,0.32672015,0.23019761,0.24934646,0.39686924,0.008965761,0.26642156,0.9728105,0.13839857,0.113324896,1.2503421,0.015205124,0.3788746,0.30376732,0.37102202,0.044373035,1.2010266,0.35954982,0.0,0.51077855,0.06481096,0.470707,0.25185204,0.06861289,0.8242309,0.0924401,0.09298231,0.052792028,0.83829856,0.24952286,0.83876157,0.6396416,0.8619715,0.0,0.08276805,0.0039416915,0.6766615,0.4592381,0.51796097,0.24990465,0.03161627,0.0,0.032249637,0.24434328,0.033604838,0.01990474,1.3800513,0.7764598,0.07448638,0.43043602,1.1621069,0.009922493,0.26684797,0.11280674,0.05821593,0.0674485,0.10470152,0.046318226,0.8672255,0.28784508,0.06690452,0.3709729,0.001039511,0.12298896,0.20264524,0.066209234,0.06932694,0.9536777,0.09890152,0.0,0.13869464,0.0035807567,0.0,0.118969984,0.013118112,0.051666148,0.102613196,0.016632695,0.021447001,0.22346903,0.08242607,0.05158501,0.29631364,0.1930236,0.416215,0.23438977,0.197705,0.44770715,0.08532476,0.3020126,0.16372111,0.050938338,0.030931726,0.022265453,0.5152365,0.07730429,0.016636487,0.0044688038,0.07865393,0.07676197,0.15204339,0.15290314,0.8379248,0.6965978,0.032465674,0.031544574,0.09024011,0.03287759,0.4954126,0.09692653,0.016083624,0.14532124,0.18708548,0.03698222,0.19378653,0.2256715,0.09072863,0.0768861,0.11204252,0.8531871,0.091889836,0.6114245,0.0059492453,0.47073287,0.94948703,0.0025871966,0.036099408,0.20008148,0.12034284,0.34397557,0.51013154,0.7230713,0.015621936,0.5220295,0.0404481,0.017213495,0.34466106,0.1683929,0.5981403,0.3906624,0.062430076,0.69230235,0.008609838,0.09001836,0.19508833,0.19790313,0.09276639,0.020489609,0.07498842,0.07879352,0.34167302,0.014045048,0.013839737,0.4209783,0.18945591,0.23114225,0.026016934,0.17419294,0.9167797,0.003735023,0.36623693,0.25173834,0.10213773,0.6375276,0.339926,0.00042158688,0.2971372,0.07864451,0.68077534,0.031236757,0.47195524,0.021004867,0.33399934,0.10542923,0.10394968,0.6266983,0.07706272,0.31759977,0.23757441,0.001310773,0.018258955,0.020709028,0.42872375,0.58758456,0.41552275,0.08637364,0.3707438,0.42035463,0.0017029267,0.2447991,0.0033856782,0.12607071,0.0040074503,0.0033300596,0.5860919,0.038916904,0.21804681,0.0053994074,1.010678,0.0036596558,0.26139683,0.10449083,0.04878866,0.24403602,0.099082515,0.33306593,0.37455472,0.0071027493,0.049564805,0.30785826,0.07492374,9.636562e-06,0.13052383,0.6570239,0.014943297,0.1822975,0.08149253,0.029801432,0.33083975,0.028425174,0.0,0.05217021,0.10784531,0.0033394617,0.18568954,0.08401628,0.41778556,0.36931986,0.5563462,0.032740936,0.09610801,0.7455851,0.06848538,0.032787777,0.4582019,0.02339006,0.09549621,0.020279748,0.28559297,0.69584984,0.024248581,0.027659677,0.00085587404,0.00650599,0.07760607,0.16547886,0.028898837,0.0006116215,0.8192979,0.004745844,0.014854051,0.08656043,0.0,0.005687566,0.0006087086,0.0,0.025881723,0.0249747,0.18017057,0.33658952,0.056605756,0.053103015,1.1560836,0.03208515,1.058927,0.5910183,0.217703,0.13503906,0.14025727,0.2811036,0.50798094,0.022516847,0.13980442,0.00028143686,0.013335129,0.4925112,0.04808209,0.4190061,0.57214135,0.3424422,0.06026556,0.0064035743,0.005991548,0.016196534,0.11537599,0.0019594324,0.06427178,0.03296172,0.1697884,0.07480856,0.06885365,0.37551498,0.03114323,0.26608497,0.5114823,0.22541831,0.19800301,0.011794381,0.44385618,0.15480578,0.08018268,0.61244375,0.05390811,0.1439725,0.060129344,0.24848951,0.0049994793,0.010699641,0.3074143,0.19473757,0.28717566,0.10566475,0.11195774,0.060891114,0.33579725,0.00012489397,0.21186647,0.0032375532,0.026374826,0.52609617,0.4537611,0.26400635,0.48847714,0.043568708,0.13639191,0.28669482,0.23531121,0.45010132,0.18508892,0.012195427,0.093520194,0.041337654,0.08191209,0.18104088,0.16307886,0.29507813,0.026077371,0.0,0.3227181,0.12913635,0.35388282,0.514069,0.14306656,0.2652415,0.0,0.003231988,0.2283444,0.20706321,0.08127658,0.21374887,0.011657003,1.2086624,0.46167576,0.1118228,0.93455577,0.5967808,0.2225892,0.5568094,0.11874063,0.30396694,0.23529966,0.005934923,0.11670655,0.3454624,0.28500593,0.11603585,0.35978284,0.42127723,0.10800972,0.3328849,0.0004369214,0.5143684,0.30917516,0.0054524066,0.43098277,0.32213604,0.008978896,0.14183483,0.51848733,0.042406324,0.13694717,0.0017891611,0.060171977,0.24551149,0.08754638,0.10000677,0.09674941,0.05620127,0.28293937,0.15272303,0.41728726,0.0771548,0.48445904,0.09864641,0.091928154,0.31741127,0.092930734,0.13483106,0.043262266,0.10753563,0.7925061,0.33993855,1.228963,0.4392437,7.140113e-05,0.05193589,0.6204595,0.12630865,0.49226138,0.009517666,0.34721228,0.0060951924,0.48452592,0.61082244,0.046179414,0.57130027,0.05612857,0.0771816,0.08789286,0.10234816,0.23555562,0.28106564,0.65136266,0.0,0.009083051,0.24416928,0.13173106,0.5950408,0.0047458173,0.0014328061,0.14959356,0.056516737,0.27150792,0.17180213,0.61955583,0.011338675,0.42784312,0.38302737,0.061328158,0.45855856,0.30356687,0.07311258,0.05364772,0.14053705,0.4551058,0.31260768,0.41521847,0.5147975,0.09579876,0.038504392,0.057216182,0.048498668,0.036683477,0.21815148,0.67745805,0.0776678,0.14350419,0.13975397,0.10223006,0.02120807,0.2111251,0.0,0.36279374,0.48569173,0.22863927,0.010777885,0.37811267,0.081349224,0.01936809,0.08022277,1.068224,0.019642401,0.01003477,0.018934853,0.11046019,0.26295882,1.1510669,0.21084088,0.06908047,0.41319835,0.16499928,0.0,0.5904568,0.5234716,0.18903393,0.098522484,0.09235061,0.06887184,0.02327355,0.0,0.041637268,0.016548356,0.11099221,0.48059803,0.070850536,0.3850035,0.5289241,0.1573992,0.025300264,0.69670224,0.57877994,0.15000543,0.61165607,0.31323844,0.07375987,0.25995567,0.13469401,0.44739574,0.96657133,0.16409715,0.26853383,1.0152501,0.12842035,0.1125399,0.059851374,0.038561042,0.40341896,0.0021817707,0.088563845,0.03360925,0.11025073,0.03277924,0.14510459,0.06168231,0.18264535,0.09833188,0.6211713,0.055300634,0.26699477,0.34735864,0.60171235,0.11410076,0.46436438,0.0,0.39714295,0.1468511,0.062071577,0.19976677,0.14999977,0.06028105,0.14147294,0.21036465,0.28247,0.15633401,1.0280406,0.1914493,0.0950298,0.25871795,0.10839627,0.25967333,0.24798898,0.30898455,0.028565237,0.6797065,0.021513943,0.10654924,0.48646015,0.17739189,0.0023898047,0.051033147,0.18212005,0.14033481,0.002808123,0.09817448,0.05602656,0.00054405193,0.13589473,0.4895957,0.009333894,0.9396328,0.11741637,0.015314728,0.31574625,0.00594183,0.157173,0.20040728,0.085710846,0.05763741,0.61771137,0.048052274,0.6029463,0.069938265,0.22191273,0.002934899,0.02187339,0.08646911,0.49286136,0.04069016,0.20864007,0.10594922,0.044129014,0.23695639,0.04370682,0.091843665,0.41701627,0.6203085,0.3292416,0.25650543,0.6053276,1.2601357,0.6963856,0.15822053,0.36476034,0.65883183,0.0017767857,0.35256878,0.4684526,0.015178208,0.18519682,0.3580048,0.583333,0.06625632,0.2552212,0.6923512,0.027148027,0.8450827,0.13610452,0.14919662,0.3052401,0.31386983,0.5780184,0.93420535,1.2049772,0.06538783,0.32172567,0.36610988,0.075125396,0.21731098,0.17906372,0.7205286,1.7484503,0.24499519,0.19835028,0.0017681691,0.5675023,0.27379736,0.66594255,0.20216629,1.2138964,0.1427038,2.112336,0.48049763,1.2434379,0.3635744,1.0925992,0.37146318,0.35305503,0.08302204,0.15879476,0.04740621,0.39039797,1.0065997,1.6832519,0.6935842,0.6086843,0.23526767,0.24768703,0.50818205,0.20279193,0.014966311,0.7691922,0.21800427,0.062170014,0.9681202,0.5720104,0.2666434,0.12943153,0.98813224,0.05838452,0.4318518,0.4607448,0.78501445,0.17124255,0.54259634,0.09611829,0.34005892,0.50429267,0.32917768,0.5778612,0.16689992,0.10767807,0.6839912,0.7600428,0.25540966,0.2836781,0.8540851,0.017613057,0.2826134,0.23900643,0.90997887,0.5214862,0.31649455,0.2531284,0.32358328,0.52745914,0.5344136,0.103383586,0.91704345,0.40786287,0.22049212,0.64950013,0.64305645,0.10146095,1.7712458,0.41543752,0.4967178,0.20880537,0.100489244,0.6847057,0.033553317,0.08923908,0.23776187,0.05263641,0.17442502,0.83853656,0.114991955,0.31007746,0.12728247,0.47521836,0.112485126,0.018022384,0.67481524,1.4665717,0.5482716,0.28590363,0.29044494,0.27914485,0.07053609,0.46045068,0.45130554,1.034751,0.015058556,1.3041143,0.22687069,0.5330797,0.27431044,0.38712627,0.24472082,0.17619762,0.092394724,0.18517476,0.067430995,0.8700789,0.19127882,0.13125284,0.81535816,0.092295446,0.653255,0.14178577,0.7027346,0.18790592,0.28830007,0.10155007,0.2212509,1.5409255,0.9613507,0.47799093,0.6239479,0.30314302,0.9854892,0.2412284,0.30420703,1.447134,0.23982114,0.22900492,0.014041243,0.28595692,0.08928682,0.101283915,0.043993395,0.9278375,0.0,0.243641,0.14233442,0.46615374,0.108290195,1.365055,0.35360548,0.5337013,0.52921736,0.49273294,0.63154936,0.41236314,0.18252821,0.08312721
0.32768875,0.21536762,0.061042655,0.16083328,0.25968766,0.44711083,0.38098234,0.219264,0.20581436,0.5586256,0.1843323,0.10504603,0.10163172,0.4774552,0.18557388,0.3414402,0.38940272,0.36357862,0.39929253,0.72820956,0.41050357,0.12671682,0.3097855,0.07276394,0.2738034,0.29261798,0.73816866,0.12880754,0.16648537,0.66208065,0.3598544,1.0904305,0.40574515,0.48772922,0.05329044,0.3060273,0.2333104,0.5831945,0.39310917,0.07146625,0.6989887,0.077028245,0.10281162,0.19169118,0.6348529,0.012224232,0.3583461,0.03435859,0.4629446,0.08930454,0.10411277,0.0953349,0.4415091,0.19202086,0.17988023,0.23219773,0.5530238,0.29237688,0.64595985,0.49590373,0.7196585,0.124183886,0.72043747,0.23580138,0.3277893,0.21527922,0.26096964,0.051705606,0.26271832,0.08884322,0.44109583,0.9571681,0.33652702,0.051906824,0.19315542,0.41424435,0.29546097,0.17638701,0.20783734,0.07715084,0.24021032,0.5692891,0.23000768,0.6376715,0.7948666,0.122572936,0.5671377,0.47836703,0.28760195,0.3172697,0.2532537,0.5669091,0.37854737,0.43043542,0.68239605,0.12561631,0.24825281,0.011874046,0.20569077,0.6536087,1.0361109,0.87926304,0.61090076,0.37410682,0.6982583,0.40178606,0.57582575,0.6949804,0.1864905,0.26128346,0.16916674,0.23030542,0.30593693,0.22618365,0.16435933,0.21549442,0.3294358,0.29935488,0.5891521,0.49998933,0.20454772,0.579772,0.111579165,0.38769847,0.08104446,0.2919269,0.045782663,0.1489833,0.03399438,0.082125455,0.30472675,0.42050934,0.119592026,0.15507472,1.0436525,0.39335197,0.2315377,0.31221753,0.04918575,0.20611976,0.31277174,1.0670886,0.18953055,0.234834,0.15028968,0.5649707,0.21178976,0.9630043,0.84925556,0.045060176,0.15481393,0.09188661,0.23578238,0.7711129,0.3280397,0.705251,0.3023302,0.3605448,0.43194044,0.65176934,0.8086934,0.34931496,0.34473068,0.1739106,0.22250825,0.14630745,0.042036243,0.3443409,0.4326518,0.17786595,0.065998584,0.6767863,0.84671664,0.317087,0.24800168,0.22979295,0.12576742,0.12754403,0.26747674,0.34414265,0.34114236,1.0477604,0.21338609,0.067580774,0.1557513,0.3195306,0.56043327,0.08599515,0.530536,0.40524626,0.03360235,0.123372145,0.24840504,0.3462332,0.7101717,0.05028168,0.34126884,0.03507956,0.25945136,0.13982005,0.03712471,0.13782072,0.2846815,0.28130037,0.13530217,0.12297353,0.13219659,0.3994046,1.1018155,0.49384573,0.037871275,0.24681476,0.1694751,1.6894778,0.48899817,0.9718264,0.8016329,0.07575204,0.7334625,0.16014667,1.0298578,0.38375723,0.048536956,0.3091292,0.61340034,0.3680453,0.33415264,0.36405063,0.68580574,0.07243675,0.01570759,0.36946666,0.42002162,0.014051326,0.035936106,0.1491566,0.043715227,0.13645948,0.033904828,0.40738237,0.09192578,0.46519795,0.14146526,0.2672337,0.11775949,0.5537219,0.14918795,0.118788436,0.011651822,0.9395786,0.322994,0.24271733,0.113829985,0.24779254,0.25691846,0.09779802,0.04721174,0.21242252,0.06532414,0.06732981,0.64174306,0.1660765,0.75542164,0.26804566,0.12972361,0.09587273,0.42274436,0.028530058,0.9917596,0.105759606,0.113610245,0.19934484,0.20094502,0.06734382,0.2666345,1.0961022,0.10305743,0.3117837,0.23424578,0.30399895,0.26858044,0.30734113,0.595621,0.13808598,1.1830658,0.33071035,0.4512791,0.28216344,0.2380737,0.2677374,0.37250394,0.57371914,0.27409935,0.20301998,0.13318083,0.4251157,0.80339825,0.12300068,0.333916,0.049162425,0.5645778,0.43482682,0.17267433,0.2616388,0.3211157,0.08667758,0.09993023,0.41082704,0.38214654,0.048711684,0.5254202,0.18570483,0.34620327,0.73188215,0.34007534,0.13959104,0.18774179,0.2886403,0.2420207,0.3981094,0.059242964,0.14472017,0.0914046,0.07356299,0.18411706,0.016858682,0.011762772,0.30513015,0.48205534,0.23560587,0.6668749,0.40096202,0.10321458,0.24893194,0.48138383,1.4541066,0.25216457,0.044147808,0.37068406,0.22239387,0.11490303,0.22972052,0.78714895,0.42164123,0.12145362,0.0306953,0.026274584,0.30325535,0.10975469,0.30522904,0.16603458,0.755725,0.31617755,0.29514438,0.2551553,0.04803847,0.13845891,0.11931984,0.20308615,0.2181154,0.17143776,0.099969395,0.028120693,0.09923518,0.119843766,0.17606698,0.20719355,0.6441655,0.14754514,0.19232817,0.51227057,0.14435354,0.19067784,0.06685691,0.25709558,0.19617476,0.5152179,0.15105058,0.40340263,0.17091188,0.22578841,0.2814322,0.3701083,0.68072486,0.15922493,0.23108779,0.16196115,0.12710024,0.31989625,0.12030696,0.6489134,0.30490348,0.8250337,0.037902106,0.18065143,0.24075842,0.12758031,0.15037788,0.4396934,0.1897784,0.25672892,0.37508383,0.06154613,0.11546703,0.08883555,0.23638618,0.15347826,0.1698855,0.6105021,0.29962668,0.29121816,0.07536102,0.25659996,0.13993505,0.15705988,0.2553619,0.25537556,0.034972407,0.12927637,0.07656474,0.26113665,0.27284062,0.25883904,0.058009207,0.30800438,0.13731165,0.345949,0.07149528,0.16966236,0.43031725,0.067637645,0.18059978,0.52224994,0.017671678,0.18765667,0.26741844,0.1839526,0.39044315,0.05068081,0.35799593,0.24125257,0.025673848,0.063398466,0.38115704,0.12455203,0.0648975,0.15834235,0.21629986,0.21741363,0.064877935,0.123180814,0.3738217,0.11423701,0.15998784,0.19847438,0.030199388,0.6106386,0.21814969,0.15353675,0.19989224,0.121222034,0.21858492,0.13645494,0.62762123,0.54677176,0.08116068,0.13288288,0.20361966,0.2092414,0.111625634,0.35368633,0.22096944,0.118330985,0.4735192,0.16885602,0.3700549,0.3484047,0.37973768,0.20582569,0.08870313,0.1132429,0.3962195,0.13028412,0.1276233,0.21239233,0.28473642,0.15586889,0.60469097,0.16173804,0.18874225,0.04887911,0.12802833,0.10103523,0.03825494,0.06372874,0.34901273,0.020945888,0.2655156,0.22158666,0.07733639,0.29371473,0.3659736,0.80948275,0.22963773,0.4640236,0.38810018,0.7645986,0.088648446,0.19388366,0.29497746,0.25502032,0.16084307,0.21330208,0.11222282,0.268731,0.21606041,0.13811487,0.29263914,0.092482924,0.47677863,0.123462796,0.37251496,0.23720254,0.21121998,0.40595663,0.2643615,0.15942904,0.053924475,0.5771855,0.19138435,0.28754076,0.30572754,0.17028818,0.21355243,0.09363834,0.4975294,0.42784142,0.007582413,0.24827074,0.028630951,0.28895792,0.3595513,0.23184848,0.11529999,0.028646354,0.067189515,0.09860954,0.38525656,0.33622307,0.25694904,0.37254274,0.04910954,0.15658972,0.24039024,0.039766226,0.15361221,0.070333585,0.33785936,0.21316405,0.47945735,0.40490013,0.19078928,0.7165136,0.32471713,0.20514338,0.34065816,0.11609402,0.02740932,0.054730162,0.0748205,0.1313097,0.1397445,0.36769217,0.33062297,0.38326848,0.14331296,0.12799136,0.12901427,0.6731532,0.09537653,0.17668581,0.31933594,0.3738177,0.19173807,0.15056904,0.2520234,0.02983991,0.4607481,0.09253114,0.28110403,0.2986465,0.106199615,0.15520424,0.15322116,0.32549047,0.01551494,0.1499581,0.2601254,0.39859933,0.32275528,0.17472179,0.60082316,0.062560536,0.22844508,0.06989385,0.06359405,0.39954373,0.89720154,0.13235201,0.066657946,0.10922879,0.18601888,0.1067321,0.1148864,0.32445198,0.52208567,0.057131685,0.1311529,0.10686664,0.10950894,0.23129095,0.09433406,0.098966144,0.36404502,0.023448212,0.35462278,0.29771858,0.23553066,0.5452815,0.11581137,0.26685414,0.2652359,0.37348935,0.054908648,0.19518661,0.06204864,0.20520337,0.2948357,0.87176687,0.34125182,0.11740843,0.35109264,0.26573724,0.28819507,0.19852835,0.1588481,0.049268138,0.072150275,0.19346172,0.9628385,0.27900192,0.11854446,0.29644144,0.18860435,0.51066947,0.3639568,0.33615112,0.6871912,0.57042694,0.21340856,0.13906279,0.40396553,0.084936045,0.12643383,0.21962258,0.16221033,0.094386734,0.38899782,0.028005265,0.23945016,0.16501337,0.06408003,0.18898821,0.17837372,0.04764419,0.00991668,0.22341155,0.042150058,0.40438914,0.4096794,0.22444363,0.008269833,0.17722495,0.25406933,0.21805605,0.13195843,0.024633016,0.1421341,0.36602584,0.5679517,0.28739172,0.076178096,0.09737466,0.39131564,0.4035192,0.29912874,0.14357366,0.10807532,0.5007775,0.17953902,0.10527772,0.10545073,0.13569078,0.24182162,0.38334966,0.13284795,0.21743296,0.16696022,0.19055372,0.16640615,0.028423822,0.15629435,0.11944006,0.6693899,0.35700035,0.2586046,0.23954254,0.020634783,0.032777134,0.24530138,0.40916413,0.35698843,0.10790177,0.17416005,0.42753395,0.43420887,0.042131618,0.14084657,0.18620613,0.12387061,0.21636543,0.14742768,0.12985814,0.09403852,0.17668904,0.16493762,0.25490576,0.09188731,0.31333876,0.3706931,0.070924476,0.25639492,0.058682464,0.19537866,0.2636316,0.20187904,0.11825079,0.14833632,0.4934961,0.3975515,0.2648307,0.20503768,0.08307875,0.25888938,0.78276575,0.08987307,0.24078333,0.30794388,0.20844992,0.197896,1.0644035,0.4028539,0.13402165,0.15246116,0.028395094,0.06515473,0.16188191,0.2398474,0.15030243,0.061785143,0.13987158,0.24076058,0.26163465,0.39337227,0.1152206,0.087187916,0.3601764,0.2362375,0.062143743,0.08187778,0.2689299,0.6109301,0.15501276,0.4933227,0.21981907,0.22362086,0.03781859,0.23272978,0.4151484,0.11696264,0.07711408,0.17542142,0.44428888,0.0,0.024917107,0.1398768,0.062319495,0.24739198,0.54284483,0.21829006,0.09822958,0.4372536,0.1781916,0.14275369,0.30758196,0.15042564,0.047273602,0.25307202,0.101387195,0.08790245,0.33269578,0.20221184,0.3103786,0.39477772,0.16225842,0.26001346,0.14747772,0.16783255,0.06675637,0.15486795,0.14581677,0.091640964,0.15660118,0.09490462,0.058297653,0.23723285,0.10990052,0.18972225,0.051240854,0.11546653,0.3099478,0.07255868,0.31318718,0.47020614,0.4155673,0.68933165,0.0135491835,0.3417744,0.26113495,0.07732815,0.11938522,0.35886258,0.6591363,0.048771344,0.5743979,0.15290695,0.08884473,0.58258265,0.2675467,0.22651371,0.093333006,0.5276536,0.08127184,0.3559999,0.28564575,0.120881684,0.27186304,0.20465824,0.042092588,0.23352945,0.11168064,0.12287006,0.28868103,0.35273126,0.03583764,0.18598628,0.41169852,0.42072928,0.34791327,0.033168964,0.3347652,0.2204614,0.25145614,0.22400379,0.20264202,0.076788515,0.22085351,0.30494702,0.082265764,0.042889334,0.1924302,0.09793224,0.07639378,0.25248265,0.08535073,0.3758829,0.36745256,0.11176057,0.26096636,0.02895625,0.034987777,0.05070412,0.11572231,0.091474876,0.08135082,0.39622718,0.4677488,0.13753456,0.15529828,0.1792782,0.024515778,0.09401033,0.24362075,0.093669444,0.071779236,0.066009104,0.137251,0.20117763,0.10081498,0.16879243,0.16622493,0.6566036,0.3241833,0.25661755,0.023280423,0.11017704,0.20940435,0.003793114,0.6947869,0.06351982,1.109867,0.2576222,0.11012519,0.17001492,0.42652246,0.37857595,0.1380603,0.016764048,0.2952164,0.19807269,0.55100393,0.15835744,0.19804794,0.06570497,0.3847648,0.1668649,0.31877673,0.095447734,0.29989782,0.033006296,0.48284975,0.110171,0.119351625,0.07269321,0.32391006,0.5182643,0.36096257,0.3446619,0.060908824,0.16665253,0.2832693,0.22927204,0.24446034,0.9462308,0.38532177,0.5919529,0.30093637,0.19991446,0.18048732,0.24982962,0.09051714,0.22028287,0.15089336,0.16204105,0.40139458,0.30712622,0.25852042,0.36948746,0.47450763,0.14440945,0.076159276,0.14531058,0.13587886,0.09708048,0.0049447655,0.16975558,0.08759616,0.3196687,0.025567072,0.024325503,0.11224821,0.1167759,0.19660346,0.0069011906,0.13287123,0.05568408,0.16443959,0.38999224,0.07737461,0.40001237,0.13021526,0.28291124,0.036026143,0.27982187,0.0063021197,0.15237224,0.20938298,0.071744554,0.24840052,0.121460095,0.3934275,0.14593452,0.29328182,0.1558603,0.0020898175,0.12967879,0.16776177,0.03761069,0.10325189,0.9342186,0.08766026,0.461546,0.20513484,0.21552876,0.048796266,0.050948665,0.27726996,0.18103556,0.13059531,0.6441604,0.22094907,0.0971755,0.15755084,0.37518156,0.052400053,0.2674916,0.1848893,0.0096815545,0.6238053,0.14167191,0.21218412,0.28049582,0.3120902,0.11520902,0.26701978,0.3300529,0.080619656,0.049353845,0.03413034,0.071115755,0.35126776,0.17944802,0.102093086,0.44637263,0.34854087,0.10666806,0.17543784,0.81817174,0.5238241,0.026390765,0.14313075,0.09577448,0.17665723,0.5175626,0.009335154,0.13606744,0.2528177,0.06095619,0.33727843,0.19895661,0.024456922,0.15722087,0.093745604,0.12603635,0.22947234,0.75340235,0.1692196,0.26179653,0.13592881,0.15372083,0.16954105,0.13102727,0.41282207,0.16563758,0.03348811,0.20195532,0.10022277,0.31294316,0.14113037,0.029883357,0.22016829,0.10674221,0.1613684,0.35310024,0.15887538,0.14013542,0.13094209,0.051088516,0.26952106,0.0,0.4828809,0.09944352,0.020947821,0.56219614,0.079673834,0.16701055,0.410043,0.0010258807,0.15994005,1.0940866,0.37310785,0.2548119,0.15578093,0.011392598,0.37608933,0.6512517,0.42689878,0.40303513,0.43113685,0.4927997,0.08461558,0.1039235,0.22570069,0.23463863,0.18577376,0.0029759405,0.6879856,0.5124053,0.631539,0.25082955,0.0,0.30075413,0.6187611,0.11745959,0.7628351,0.23521943,0.14808607,0.54749393,0.46986467,0.48614585,0.8744859,0.018523414,0.047204964,0.3813702,0.024873087,1.0736128,0.047130622,0.26076174,0.12412584,0.31469482,0.22975753,0.09618564,0.24532938,0.16365597,0.08398142,0.6774589,0.0036168636,0.0038872128,0.46315295,0.078301124,0.6712082,0.12636709,0.094866194,0.8536688,0.111305594,0.09678267,0.012089391,0.21149746,0.08166051,0.30201977,1.570629,0.09863952,0.44568563,0.062700495,0.11743011,0.04767143,0.19718981,0.10110637,0.33982635,0.42999643,0.42806292,0.55712205,0.014901222,0.071595944,0.27959928,0.47353226,0.077177525,0.048796497,0.08214535,0.11702279,0.45204967,0.3121422,0.49105394,0.21285027,0.052666616,0.10763355,0.0,0.2375873,0.00071512174,0.0022926114,0.2703245,0.17328684,0.2286394,0.20038468,0.31399077,1.2982266,0.7324879,0.25937784,0.021148209,0.89449215,0.13597849,0.19812617,0.4654119,0.06425887,0.08451733,0.5822507,0.08923261,0.6166446,0.093890205,0.48408097,1.3353306,0.0136062605,0.21289882,0.0016910215,0.054970875,0.8499962,0.21061121,0.25416553,0.97668433,0.009627932,0.42543858,0.26319993,0.2791156,0.09549366,0.15948378,0.03999338,0.62958777,0.39764154,0.02605682,0.63223755,0.2095744,0.31478652,0.30534202,0.18020165,0.7665948,0.18867612,0.13114083,0.3048987,0.9328279,0.009096949,0.031559724,0.020740855,0.8857946,0.04560159,0.33511207,0.055261765,0.040962324,0.41033956,0.4115303,0.09886052,1.5678385,0.2753227,1.2299118,0.05102228,0.059211817,0.10653716,0.14294188,0.6264463,0.08740967,0.18355858,0.045853905,0.31971568,0.03633945,0.8473191,0.5556344,0.32133946,0.24767254,0.8408617,0.07736393,0.28472483,1.0301477,0.1637881,0.31446984,1.2100854,0.07452193,0.6192558,0.681764,0.45682257,0.062825345,0.77388257,0.4097054,0.005520356,0.84174365,0.23580743,0.42909887,0.41821626,0.00308103,0.86791384,0.065706804,0.24281076,0.07926026,1.036502,0.43922216,0.88691354,0.37898496,0.84413207,0.008587577,0.14785677,0.027143348,0.58152056,0.42110935,0.65767825,0.25244716,0.04796435,0.0,0.10122104,0.4028226,0.062239118,0.01096414,1.2844851,0.81234616,0.10178666,0.55750626,1.2650342,0.14893314,0.32828397,0.2442731,0.2405715,0.09538082,0.11526295,0.29368532,1.1849535,0.70813537,0.09328927,0.47563875,0.0009413051,0.085527286,0.3292649,0.1274475,0.057311263,1.0697596,0.057930082,0.018374532,0.30891752,0.050455302,0.0026378168,0.19241542,0.033602096,0.015896017,0.116059154,0.043786388,0.2972985,0.39623076,0.3456143,0.07442203,0.33639824,0.23704207,0.5560233,0.27546117,0.3036351,0.55346876,0.04531404,0.23653147,0.41152102,0.05667209,0.0679323,0.016111756,0.647835,0.12697507,0.013714163,0.020593846,0.13936771,0.24051473,0.36674854,0.33913934,0.89752716,0.6597795,0.038513634,0.058943115,0.3380182,0.09768677,0.3505491,0.12495577,0.0,0.11795731,0.41166607,0.0931128,0.30457443,0.25537091,0.07805043,0.17682287,0.21955866,0.701969,0.28347746,0.61157155,0.034135308,0.70583963,1.1158438,0.0,0.038392384,0.13519347,0.16570824,0.31907153,0.4377971,0.5548337,0.0038951165,0.8155222,0.16829884,0.008780766,0.2677223,0.1960919,0.7909977,0.40672362,0.11501873,0.72242093,0.16831324,0.04131799,0.2373181,0.10737706,0.056992956,0.0,0.0626774,0.110154524,0.4829307,0.20580715,0.0649103,0.625532,0.4910236,0.2875514,0.14255968,0.4608493,1.5598828,0.05555535,0.6328314,0.25706017,0.030131895,0.5869392,0.40697938,0.007837609,0.46697575,0.30907992,0.8544308,0.013059232,1.0682925,0.0063951463,0.1920732,0.090176605,0.12511042,0.44417402,0.21107289,0.41889828,0.11422269,0.0003387791,0.15719083,0.27289104,0.2820379,0.81348443,0.6391152,0.06537804,0.49056762,0.5015747,0.1200227,0.3338895,0.0056624347,0.273236,0.10274371,0.06988135,0.76051193,0.09168066,0.24221584,0.035221342,1.3615217,0.011559873,0.49351072,0.08673997,0.107170984,0.3604668,0.49134108,0.28369635,0.49143726,0.0064968956,0.07232463,0.3032037,0.01747191,0.09232984,0.197602,0.68833005,0.0054890933,0.10563634,0.008334984,0.08406376,0.49688774,0.096911296,0.003836575,0.048310023,0.14435513,0.015498724,0.5421077,0.2702555,0.18551344,0.3662657,0.61877644,0.26448655,0.34288973,0.6341071,0.1215821,0.13134971,0.41269642,0.037265327,0.13106805,0.06585718,0.44148728,0.23547855,0.096797206,0.0,0.025477251,0.04005017,0.18310669,0.30371106,0.09867845,0.025771024,0.701965,0.037885714,0.0011121208,0.13178198,0.0,0.029720724,0.009002627,0.0005540322,0.050545096,0.009299668,0.1770968,0.6396843,0.0072955824,0.0,1.7557161,0.031996097,0.88000536,0.8576911,0.47257066,0.20021114,0.37698284,0.31346232,0.60518634,0.05610195,0.3426262,0.0020850913,0.090196684,0.34926012,0.071359575,0.3525219,0.82894826,0.4871779,0.14455175,0.0102273915,0.01197244,0.047190025,0.12828791,0.01303683,0.18165563,0.014912166,0.24545297,0.065855816,0.054131947,0.5422336,0.028733704,0.18319295,0.43659085,0.48342434,0.2274179,0.17676052,0.73633885,0.21840188,0.020329138,0.50013626,0.023485735,0.03339237,0.056311864,0.30638736,0.03464105,0.1137676,0.3084221,0.19237168,0.17928788,0.21033329,0.43400577,0.09654593,0.31993163,0.10504802,0.20458847,0.020330757,0.09663137,0.6430979,0.7611058,0.314725,0.6673543,0.053478673,0.2904998,0.52400315,0.5994202,0.32439506,0.2633211,0.10817935,0.38536566,0.13682552,0.13782835,0.07625067,0.3755543,0.5735953,0.0008539714,0.0038488691,0.37305933,0.39491302,0.3112584,0.39032817,0.22644544,0.17131037,0.008130925,0.04392506,0.11091237,0.035894535,0.3078518,0.7939913,0.05723835,1.427213,0.5669241,0.32903084,1.1635371,0.82089746,0.26971096,0.6515791,0.22711453,0.47081366,0.32865143,0.011010924,0.30017078,0.43978822,0.15004216,0.5714317,0.7375429,0.573143,0.13870806,0.38297904,0.16952896,0.25047192,0.38688254,0.10706939,0.59424233,0.3325658,0.03427305,0.29504818,0.45877904,0.034299776,0.1316934,0.052922376,0.19769533,0.17461775,0.16615623,0.11886872,0.061146986,0.029508637,0.36404973,0.10912734,0.4175284,0.2711841,0.45223057,0.061741468,0.13355929,0.63716197,0.16685656,0.11944157,0.20138922,0.10492588,0.55021536,0.68847334,0.9673453,0.6590719,0.026121553,0.14827237,0.8146259,0.18619424,0.588515,0.022480173,0.3381387,0.011883564,0.75901115,1.0672929,0.21736711,0.90751547,0.2395527,0.23858242,0.102763645,0.6120411,0.59686476,0.32098734,0.41992292,0.007617974,0.008685676,0.44481164,0.0776481,0.43041357,0.15360269,0.019043034,0.056202002,0.008269403,0.23475474,0.07468957,0.82938623,0.046805233,0.5386119,0.7883054,0.05635638,0.22891684,0.3082414,0.012768561,0.030308448,0.12350769,0.3612762,0.26757842,0.4865813,0.2617824,0.3280458,0.16947064,0.047810987,0.08184111,0.19959688,0.5962367,0.9160049,0.26574266,0.4188711,0.1585046,0.4464025,0.014864888,0.38947254,0.03687457,0.4608165,0.42914635,0.3772567,0.014600702,0.3923754,0.07747435,0.01218385,0.47569203,0.98737824,0.09156215,0.060949907,0.08643229,0.36758205,0.1088379,1.1497481,0.15022135,0.053544115,0.4069293,0.37098682,0.00028906993,1.0325868,0.24194613,0.28102422,0.32080275,0.12601072,0.030662443,0.011945562,0.0,0.20523825,0.014755646,0.17107487,0.7591138,0.05217773,0.7705786,0.82134986,0.16550076,0.057331204,0.6653757,0.8191065,0.50278425,0.6023945,0.61705995,0.084213495,0.19254655,0.17855293,0.27817225,0.94060874,0.048832178,0.07604241,0.93516505,0.11126251,0.11474995,0.2601622,0.006230436,0.31471097,0.025735183,0.06443326,0.0074452125,0.16269636,0.147552,0.2828669,0.027317228,0.37598318,0.22112624,0.76426053,0.035601,0.019131904,0.357691,0.50009316,0.12540734,0.4753228,0.024085138,0.48788202,0.37059525,0.053606313,0.5705277,0.21544999,0.07079988,0.12285718,0.28287193,0.22146672,0.15304059,0.85389245,0.31452274,0.16245918,0.25625148,0.037256576,0.025644641,0.32556313,0.1953355,0.13196343,1.2638217,0.011671141,0.010426266,0.5116133,0.12141078,0.0,0.101068325,0.42522845,0.15556373,0.0060771257,0.29013523,0.12460213,0.011577542,0.2704323,0.68385494,0.042321395,0.75163805,0.19912967,0.011265498,0.88224715,0.03370558,0.27658144,0.26829362,0.37812376,0.08515962,0.94567406,0.35004365,0.43041882,0.05034577,0.40138865,0.06620836,0.012085976,0.18249542,0.63324165,0.08181962,0.17083187,0.09412098,0.16195579,0.320172,0.22998884,0.15265653,0.6174613,0.3651538,0.22954518,0.3972286,0.8228597,1.0608214,1.1239629,0.2891839,0.14468923,0.51467675,0.069272935,0.26545677,0.3266561,0.030075163,0.28766826,0.619053,0.23517027,0.07318129,0.47873557,0.72581184,0.015071943,0.57437915,0.17455368,0.39400363,0.44960722,0.405478,0.64944494,0.43427545,1.3049617,0.09467489,0.34454405,0.18870908,0.022177912,0.24027294,0.3167968,0.7602773,1.926219,0.28486222,0.22253296,0.0,0.7648051,0.40599644,1.0389287,0.10239457,1.1953896,0.18772182,1.5924389,0.38249126,1.1669488,0.6592641,0.9778115,0.36073416,0.5569828,0.08922827,0.093720175,0.042207517,0.1605578,0.84799594,1.5640483,1.0137075,0.2071395,0.1498641,0.6049306,0.45242777,0.2334345,0.03710223,0.43468845,0.4107973,0.030981272,1.5282989,0.63472706,0.24632663,0.32459426,0.9565694,0.15766627,0.87394595,0.5247727,0.53732914,0.44945696,0.6179658,0.19388442,0.31415772,0.5029924,0.5229658,0.8945496,0.09533778,0.16254137,0.91239387,0.88454056,0.49522004,0.39384627,0.64631665,0.01445355,0.1807982,0.33677796,0.92429703,0.34736097,0.35503832,0.2983089,0.466904,0.32372916,0.5336367,0.11319028,1.0478754,0.30933544,0.15018247,0.5494484,0.74098504,0.2741075,1.8192518,0.57744527,0.29514045,0.13301928,0.008652727,1.065343,0.040014304,0.10212663,0.21649083,0.026684131,0.14791225,0.87993383,0.18762714,0.8034861,0.24240388,0.43555057,0.41571513,0.030700892,0.88639283,1.1691625,0.3500633,0.8968389,0.11982654,0.3452512,0.16858044,0.3076207,0.3176187,0.9378469,0.038885295,0.82785547,0.12967074,0.45307857,0.15380254,0.96784496,0.30219865,0.19434774,0.06437118,0.21191582,0.038522698,0.58266485,0.5748991,0.086133175,0.80184746,0.1262626,0.68902665,0.04280156,0.6421155,0.1555615,0.37737274,0.1328984,0.41040343,1.7550547,0.8095162,0.47540945,0.42752573,0.30337566,1.0473752,0.17830467,0.31248182,1.9519099,0.5767832,0.47632992,0.032195367,0.11861956,0.03831206,0.13366039,0.044554494,0.6924673,0.03462908,0.26635265,0.25299406,0.33048663,0.32755643,1.0024192,0.46803558,0.34799045,0.26415706,0.39878854,0.53637934,0.3214821,0.29522038,0.26359403
0.5501889,0.19100627,0.08467466,0.13263509,0.3690627,0.37947547,0.4033335,0.12951162,0.08970547,0.6040016,0.27635038,0.077322975,0.16317877,0.3344363,0.18479055,0.45572704,0.29817626,0.5452852,0.40310866,0.6472291,0.5619244,0.22621444,0.43181798,0.13411115,0.07078535,0.28846723,0.76758885,0.22032446,0.21617042,0.8179344,0.4046694,1.1928848,0.4723824,0.3988873,0.03035721,0.55825734,0.40479,0.8917253,0.46107328,0.09050864,0.825024,0.07262948,0.09510304,0.07466143,0.4067675,0.0,0.41648406,0.06413075,0.37751758,0.1207928,0.25874418,0.08614257,0.58893156,0.15412584,0.07886878,0.32083392,0.3665404,0.2808473,0.7560843,0.7535187,0.7301991,0.20353913,0.77785397,0.16774583,0.091258645,0.22051471,0.09744866,0.11347233,0.08650151,0.08324178,0.615412,1.0126673,0.41419855,0.0455096,0.27839863,0.38942316,0.4641246,0.13733946,0.11146116,0.035899468,0.18162301,0.6546749,0.16766804,0.57346237,0.70135117,0.3265801,0.6966417,0.6523328,0.26646623,0.503644,0.36386096,0.4273649,0.26626825,0.51670516,0.6246952,0.1604357,0.29298657,0.01453588,0.12191411,0.728175,1.135034,1.2300124,0.6034172,0.51636344,0.6435205,0.5365287,0.44543102,0.5937441,0.33253285,0.28836903,0.10457676,0.18664928,0.43281075,0.21665946,0.22741058,0.20727147,0.59759295,0.37660605,0.6022395,0.43617928,0.2526754,0.7035606,0.0627439,0.31959414,0.02973179,0.38825634,0.0046306197,0.29621938,0.041570403,0.0007277096,0.59215194,0.5144062,0.15475506,0.06782609,1.161987,0.22786292,0.24629474,0.535692,0.17548658,0.10304353,0.61187994,1.3638268,0.28943428,0.10591051,0.06916111,0.32457286,0.34484857,0.854213,0.61594963,0.008167161,0.16204439,0.048643477,0.26130202,0.92067116,0.60296285,0.43385726,0.2875434,0.36991784,0.575896,0.73700905,0.5246346,0.25772563,0.6252744,0.22723559,0.24718589,0.19147635,0.05516968,0.26953045,0.41801238,0.27997154,0.15011668,0.78665274,0.44649374,0.4933768,0.16651241,0.30828175,0.19819902,0.13913012,0.47170204,0.3209581,0.37718296,1.1413109,0.18633205,0.05450452,0.25170267,0.14652765,0.51546586,0.1921148,0.8422772,0.6120319,0.0072921133,0.15459436,0.3693947,0.4301197,0.6863632,0.003748179,0.4631698,0.0111452285,0.3220916,0.12316899,0.052746307,0.108103566,0.47246543,0.3261766,0.17784092,0.23641433,0.051784743,0.20649971,1.150537,0.64471936,0.051271386,0.14396963,0.06991902,1.8697834,0.62717855,1.2735429,0.94095314,0.10786335,0.6268859,0.2632022,0.9475305,0.25244346,0.11846197,0.44512814,0.63814557,0.48874348,0.50246614,0.5088156,0.75110024,0.058513403,0.018616118,0.4085273,0.4586988,0.011641556,0.022412598,0.2806403,0.0932893,0.20967364,0.034657422,0.38790542,0.123639904,0.4224146,0.2396746,0.51731133,0.04269415,0.37722754,0.42157903,0.101392925,0.030080043,0.880338,0.35364875,0.6952996,0.057060346,0.23007342,0.38188246,0.10365554,0.030050727,0.11554557,0.1281412,0.1377517,0.67636764,0.2613186,1.019212,0.33878085,0.22366862,0.08621491,0.43382716,0.041974768,1.0809567,0.14676894,0.06799877,0.33563876,0.30097055,0.0,0.21072888,0.9741674,0.012421379,0.4370389,0.4646542,0.4227585,0.37858552,0.6247883,0.7881488,0.12413176,1.3291839,0.3462243,0.4365414,0.46342784,0.11070905,0.49141344,0.2511141,0.39488953,0.3407006,0.25027195,0.23112138,0.46926254,0.46315968,0.10776394,0.31016576,0.051118597,0.603153,0.5754494,0.1604777,0.12754197,0.42942283,0.0013503358,0.15294316,0.39429194,0.24546221,0.10170922,0.3022059,0.08829008,0.23446862,0.6977626,0.31934282,0.2281202,0.16748121,0.36743164,0.1796982,0.50049007,0.04894427,0.13490365,0.28189883,0.18386754,0.2073095,0.12483455,0.0027918497,0.4437129,0.11842208,0.24577902,0.31322688,0.5270969,0.07151983,0.37813103,0.676247,1.3349419,0.3960138,0.09876697,0.32466215,0.0869934,0.30267,0.14908405,0.6107391,0.29448396,0.038979117,0.08424145,0.045823295,0.044995382,0.066446364,0.28773597,0.14242604,0.62084395,0.17721255,0.2531645,0.37161168,0.13866809,0.06722829,0.1345412,0.093909875,0.25574565,0.22393747,0.035093684,0.068669066,0.13453224,0.14691384,0.086443916,0.3928095,0.36379623,0.1637665,0.33173692,0.63221085,0.26956657,0.35661152,0.23671642,0.048734274,0.20322606,0.36807942,0.14800917,0.4758436,0.17559004,0.20522949,0.0868907,0.5234337,0.7152868,0.19800624,0.19189493,0.32539698,0.036898147,0.51796013,0.2854533,0.47041142,0.28345984,0.4426433,0.03084711,0.042341158,0.33115548,0.19368047,0.23803023,0.34186456,0.17865959,0.11207797,0.55402267,0.03825747,0.097156,0.086108014,0.48767185,0.11289357,0.1947005,1.0552009,0.06086172,0.13631631,0.16240034,0.13845786,0.17475179,0.33165526,0.29504985,0.18631938,0.092146024,0.1991935,0.052285284,0.11053161,0.18168154,0.39192474,0.1647042,0.20353454,0.1881731,0.43422723,0.007383405,0.1975013,0.24417737,0.028615074,0.087589286,0.8513964,0.07444559,0.3517241,0.14080913,0.16229509,0.3007643,0.16915211,0.42083633,0.2566091,0.004136199,0.19195515,0.39645797,0.14723277,0.23025277,0.21716732,0.46201733,0.064084426,0.17035708,0.57571197,0.48957914,0.15510556,0.08331897,0.06075339,0.06893603,0.23096162,0.20615937,0.30822062,0.11550318,0.09762967,0.3265768,0.19472612,0.9175104,0.57543284,0.23803014,0.06562316,0.45745236,0.2242911,0.06998964,0.47900862,0.26701772,0.42836025,0.21600778,0.059251383,0.37884066,0.10477635,0.35178238,0.028029557,0.10680975,0.11229212,0.22877641,0.11309004,0.12970921,0.37337816,0.43596333,0.12767753,0.71581393,0.17390151,0.2734813,0.044319265,0.076958634,0.1615943,0.051951706,0.038252015,0.56476176,0.078111276,0.1655947,0.42670292,0.17213121,0.3047213,0.11140894,0.99344444,0.14948614,0.64558667,0.032390136,0.8999257,0.01290644,0.2888065,0.43754125,0.25209948,0.35437775,0.38658842,0.111580096,0.33666903,0.107609935,0.16079924,0.39099473,0.13573119,0.3540694,0.13231267,0.28860217,0.07737067,0.25063086,0.4598318,0.20799914,0.20044558,0.126873,0.6792107,0.19670722,0.15063609,0.33451438,0.33233756,0.23345158,0.15203266,0.6869298,0.18660769,0.0024489851,0.3022853,0.036731984,0.4846928,0.831949,0.15000719,0.06310403,0.025973171,0.10622117,0.2885793,0.4037954,0.24570729,0.2646671,0.21358562,0.057959907,0.12002848,0.26749068,0.068191655,0.2739846,0.12069263,0.3688101,0.24545993,0.59036994,0.35650712,0.14619994,0.33721462,0.10991305,0.40876853,0.30095935,0.12255077,0.11718333,0.06679468,0.1532064,0.13991058,0.055418912,0.4524374,0.47799066,0.46561247,0.23351607,0.31950057,0.23960401,0.51754385,0.12580198,0.13851456,0.4572593,0.31732786,0.09417252,0.12524952,0.26275244,0.25836474,0.4819863,0.16608644,0.13782844,0.18239331,0.08435537,0.41004843,0.16687158,0.42656463,0.019419271,0.048122954,0.2965197,0.2776208,0.32701784,0.23766613,0.9189229,0.15582056,0.17236032,0.081745155,0.01941735,0.5918693,0.69118404,0.11632763,0.07661106,0.1981273,0.29724553,0.15231305,0.03977163,0.13978684,0.30517608,0.15835705,0.13182567,0.29612377,0.15176465,0.32138443,0.16019605,0.26820365,0.47858614,0.07375915,0.58047944,0.21101272,0.31363747,0.59538466,0.222965,0.35311124,0.19251516,0.21279736,0.09295282,0.24645922,0.065399215,0.2272009,0.62048423,0.79779506,0.42552716,0.10110984,0.3987607,0.2860282,0.24949557,0.22734079,0.20516604,0.09690037,0.2682309,0.10026443,0.98050964,0.2135674,0.16748768,0.276125,0.26365927,0.43286115,0.33196527,0.34849757,0.8094809,0.6864048,0.13184315,0.18563056,0.42643622,0.16232559,0.16971955,0.11953156,0.29898742,0.08162467,0.25878772,0.11523582,0.29149014,0.41452926,0.15907684,0.2795943,0.16508378,0.13116738,0.10989687,0.19196612,0.13724698,0.2064958,0.66235703,0.16408074,0.029230779,0.5110625,0.27284065,0.2835837,0.09924889,0.16156468,0.33144796,0.31200156,0.64804816,0.24563369,0.028988468,0.053630427,0.48415273,0.38042298,0.25464997,0.106222115,0.23420325,0.5453053,0.25493538,0.11525679,0.19520132,0.32699782,0.3350288,0.6940006,0.035864353,0.12729804,0.40122372,0.12065317,0.09255341,0.050477583,0.2525286,0.08900371,0.21925734,0.5171354,0.20718095,0.21610655,0.044626027,0.080314256,0.31567845,0.36445364,0.18324003,0.055894718,0.20140128,0.18989223,0.5577699,0.058889408,0.2077661,0.18618068,0.092206955,0.5923569,0.34567595,0.18373404,0.1514224,0.37280095,0.12527558,0.44997323,0.026675876,0.20398441,0.26078087,0.10953902,0.25806355,0.30331898,0.4141509,0.13127926,0.30069587,0.16758722,0.20003223,0.25603932,0.4328531,0.21270952,0.40083423,0.30477098,0.13157988,0.620421,0.19149855,0.17942467,0.15627152,0.25011873,0.038753487,0.5631875,0.32832313,0.08603118,0.05794639,0.027807176,0.15281853,0.40861988,0.11247867,0.032947294,0.22944178,0.04434365,0.23896052,0.059668772,0.7671169,0.20374042,0.14698811,0.5511422,0.16205338,0.09595858,0.11520347,0.26675874,0.74783015,0.2624287,0.3784951,0.16849545,0.21155068,0.16510749,0.31319496,0.21304342,0.0884846,0.05282541,0.19824395,0.7036584,0.0056088357,0.08299944,0.1220232,0.07019095,0.17387818,0.34111416,0.21771172,0.1674845,0.4107113,0.2541558,0.21881068,0.2800789,0.1946202,0.12655865,0.2988408,0.20851424,0.101499885,0.3048122,0.12837464,0.37211972,0.29389352,0.098216444,0.38473275,0.23429173,0.30931002,0.079908036,0.19513792,0.08866201,0.09560245,0.07751677,0.021401208,0.005341921,0.46431446,0.02920007,0.3344342,0.058308706,0.0361123,0.44701728,0.033557188,0.5633859,0.5367856,0.4690286,0.54999924,0.031562,0.44022524,0.34919447,0.11679388,0.17130907,0.47005013,0.18829955,0.012590103,0.61097056,0.38953853,0.117186956,0.29717478,0.58838147,0.14443965,0.1866922,0.73809695,0.14714211,0.23597528,0.10854413,0.0337701,0.25903487,0.15760706,0.051922917,0.18532148,0.1391842,0.028382255,0.4965549,0.2922645,0.0034315886,0.2601999,0.23366982,0.367285,0.39654052,0.102830335,0.41905886,0.18363613,0.23118052,0.09010212,0.20825659,0.019619275,0.23388842,0.01977053,0.148446,0.017565776,0.020303827,0.11742507,0.035319373,0.31544203,0.16647273,0.40362567,0.37524804,0.18800919,0.3837319,0.08775987,0.00533252,0.055634573,0.13776562,0.16230644,0.16712931,0.34258777,0.57081455,0.29872894,0.27572545,0.10963054,0.11201282,0.26371372,0.21391337,0.083046615,0.14208652,0.0706285,0.37872705,0.33301947,0.13509056,0.23097822,0.119843446,1.1635168,0.40387845,0.15836121,0.053151954,0.031547412,0.099734634,0.0044743274,0.6244012,0.13286206,1.1338596,0.28780392,0.1477429,0.32525748,0.15971942,0.367908,0.20504895,0.059500854,0.43483022,0.046730585,0.49844003,0.18356043,0.24766737,0.08668864,0.37060365,0.25984418,0.5034887,0.12196824,0.2696741,0.091540955,0.34510386,0.17291553,0.28318614,0.13972457,0.38112265,0.33060828,0.2025867,0.27024662,0.23035604,0.16147205,0.24230956,0.18326464,0.3660961,0.9569265,0.4535782,0.3728776,0.23251249,0.24864814,0.14170761,0.4295134,0.066217996,0.13464908,0.18498687,0.15325734,0.50610024,0.54397196,0.22747956,0.42955983,0.41017002,0.19819014,0.19264935,0.05028051,0.07817088,0.11619398,0.028555177,0.10567798,0.1445195,0.24591947,0.048072215,0.021008939,0.19868216,0.05207742,0.20698947,0.001062117,0.24644047,0.040524334,0.18706077,0.38042608,0.09903595,0.39025852,0.055877544,0.195667,0.31696373,0.36449188,0.010317325,0.17955476,0.22013587,0.1968784,0.23408236,0.056605894,0.17636111,0.046159234,0.31662303,0.14730158,0.0021166168,0.10878724,0.1121331,0.14458126,0.18451856,1.2069247,0.13081414,0.39953226,0.13683619,0.050611317,0.19460845,0.042146202,0.19579037,0.140286,0.20118009,0.16841647,0.12493904,0.25074178,0.15691562,0.32096758,0.13968563,0.29525334,0.5172681,0.03450313,0.7335834,0.18317884,0.3030236,0.30607778,0.43355232,0.109185316,0.3576228,0.34123474,0.25087148,0.14691329,0.10001067,0.10517089,0.10950139,0.17833018,0.23818913,0.4693925,0.2583027,0.38795152,0.09994509,0.9313009,0.46504444,0.07157268,0.28231996,0.18521918,0.061191335,0.41714293,0.014781972,0.16538504,0.33554655,0.05181241,0.19485165,0.17553765,0.029523725,0.31213355,0.26831594,0.08280896,0.21775278,1.3478012,0.13592869,0.50249624,0.13461746,0.23166439,0.015168431,0.19872648,0.14287467,0.22041896,0.04189957,0.32678646,0.09321404,0.072443694,0.09448973,0.14929612,0.2908764,0.096131645,0.12149982,0.31755304,0.15915282,0.084499985,0.27555913,0.043409456,0.09173296,0.0,0.4715462,0.24913798,0.04220585,0.5802102,0.13749146,0.21429753,0.5588169,0.00660191,0.15762463,0.99210143,0.21871148,0.15111732,0.12859356,0.010038675,0.1494225,0.5952543,0.23642483,0.28522688,0.33233303,0.4654318,0.43509772,0.08603637,0.09769519,0.17301083,0.56773746,0.087234944,1.1849322,0.48792866,0.74720967,0.63643366,0.009035122,0.1262079,0.32420123,0.022770517,0.59881514,0.52198446,0.050743908,0.896641,0.4600799,0.6331901,0.70611715,0.0060291216,0.10838729,0.2610727,0.011345398,0.6522571,0.06806153,0.27076712,0.15456048,0.61266255,0.18290785,0.18840359,0.7178439,0.051605646,0.01270998,1.1082115,0.0064972015,0.025035428,0.62255466,0.11827434,1.0949433,0.007953335,0.086246684,0.7133045,0.36897376,0.051181197,0.072001934,0.18561731,0.23002714,0.14682499,1.6593788,0.14888416,0.17144863,0.1508486,0.011537033,0.05014772,0.25557622,0.4634977,0.4845634,0.22717533,0.2436313,0.59204984,0.0058576623,0.23702028,0.19972375,0.9547602,0.16199987,0.0033110497,0.12500934,0.034849595,0.2246767,0.033752054,0.3568949,0.09855555,0.4594707,0.072432235,0.0,0.2555148,0.0010589244,0.011915689,0.41064847,0.26218855,0.05707974,0.06751677,0.33628553,0.9811502,0.72339666,0.42216122,0.1976356,1.0627229,0.12999068,0.27910435,0.64514446,0.058307253,0.08433052,0.5823375,0.30399975,0.59500295,0.17604569,0.28924978,1.4951702,0.032130286,0.11584779,0.025874022,0.014513165,1.2297676,0.14222118,0.4406898,0.431827,0.00045874892,0.44335052,0.20793009,0.0731574,0.14788541,0.1933114,0.13174132,1.0421523,0.42184445,0.14679271,1.0292997,0.080145895,0.3545151,0.3004759,0.11889186,0.61936426,0.049750805,0.18813896,0.31856582,0.75844824,0.0,0.03633202,0.0,0.99662745,0.06521575,0.32441458,0.06153252,0.026767528,0.32744777,0.36655182,0.06455576,1.2996126,0.4624786,1.4358196,0.0023105585,0.012518785,0.12706259,0.31675792,0.74780273,0.00053955737,0.061969973,0.11110152,0.21301195,0.037815165,0.81626153,0.4406837,0.33186352,0.20249295,0.53245133,0.023602111,0.30038017,0.5569358,0.02741086,0.3827969,1.4279089,0.11131188,0.59583926,0.73370636,0.42944556,0.08378186,0.75455475,0.8326428,0.0,0.36682248,0.294446,0.3496258,0.26479512,0.10366414,0.9005223,0.14425232,0.32084224,0.111102454,0.86152506,0.24797131,0.3755471,0.2252234,1.119062,0.0,0.11358918,0.022950638,0.6417403,0.22788283,0.97367895,0.56621706,0.23586491,0.054897003,0.036362853,0.46062583,0.04845775,0.00074210035,0.8261463,0.98075247,0.07848862,0.30873212,1.2667108,0.10887335,0.1655607,0.06706005,0.1589399,0.06341399,0.09777242,0.0,0.88131624,0.3694656,0.15295328,0.26563984,0.0,0.061457228,0.2421107,0.081031315,0.17795134,1.175277,0.1075066,0.04365638,0.05656854,0.036056824,0.0,0.25108474,0.01347155,0.025810607,0.10815588,0.070923015,0.3950682,0.18906802,0.2341804,0.38730043,0.4568056,0.3756984,0.52482814,0.3762297,0.44514206,0.60060775,0.1560675,0.19258323,0.4038719,0.10092525,0.022090632,0.009647062,0.7049502,0.22582689,0.002907457,0.17884746,0.04535774,0.10612256,0.5280876,0.4994091,0.8219408,1.1286416,0.15909356,0.14561033,0.131087,0.031188618,0.29328054,0.12541899,0.0,0.26332423,0.25895324,0.11850252,0.06781143,0.27869493,0.03047032,0.07223644,0.093062684,0.9538171,0.12104133,0.4237716,0.0054477747,0.6095735,1.108798,0.0038795937,0.04759016,0.12301917,0.20186391,0.19064043,0.7331394,0.469938,0.037320033,0.51120746,0.13830185,0.04998054,0.33185744,0.311063,0.41229305,0.29881,0.087461516,0.48572707,0.0,0.281915,0.13239479,0.1353322,0.101158395,0.0022359178,0.0,0.11287695,0.6731725,0.061578188,0.057007954,0.52571774,0.6647102,0.39077124,0.04652593,0.08587302,0.9925704,0.04470538,0.46243733,0.33776885,0.06796856,0.5230947,0.8517035,0.0675274,0.4698661,0.54240423,0.6036126,0.06389305,0.8062256,0.0007608478,0.3553536,0.49191356,0.1622267,0.5310346,0.050423138,0.6789274,0.050730117,0.018494802,0.0264372,0.22396779,0.60924786,0.4745199,0.5430248,0.08490509,0.50450987,0.26555285,0.11132254,0.55737984,0.19730951,0.31810495,0.020109423,0.09866169,0.7831218,0.17772281,0.4588739,0.12254083,0.8350727,0.019123882,0.24751405,0.13716863,0.062619545,0.23796375,0.12655933,0.092948146,0.47152746,0.03796782,0.08752407,0.4686138,0.036685973,0.089399695,0.4840768,0.8886179,0.11189994,0.19378036,0.0031940145,0.12962392,0.62936574,0.21063745,0.009692924,0.011046883,0.089877665,0.03913843,0.17567095,0.14066319,0.29853493,0.6003013,1.0442022,0.1155334,0.3888334,0.81776905,0.1084943,0.04813408,0.24471508,0.0,0.3618974,0.114708185,0.42893597,0.5072864,0.3463608,0.0020657259,0.0025850679,0.062405687,0.04670667,0.333936,0.041175716,0.012715352,0.6706556,0.05068454,0.03561257,0.15584344,0.0,0.009552347,0.0,0.012149557,0.046105362,0.024316859,0.14041714,0.66963696,0.11379875,0.1001263,1.138793,0.027698139,1.3826408,0.93709826,0.49498248,0.03420894,0.2750218,0.23676547,0.14108163,0.11734055,0.40399382,0.17713387,0.1292817,0.5941191,0.26929992,0.44347078,0.5645796,0.6102171,0.19227952,0.08635485,0.0072006076,0.053972386,0.16045424,0.0064690867,0.098668255,0.028524376,0.121829554,0.15019509,0.013574182,0.59232515,0.25144485,0.38719356,0.57191706,0.7525988,0.21134543,0.03282396,1.2599306,0.06466126,0.08936919,0.51754713,0.16900328,0.10508865,0.12874502,0.37387425,0.0,0.13054273,0.15544756,0.17884904,0.10875288,0.100172475,0.22477336,0.008402148,0.35857403,0.0055854544,0.33161688,0.010855179,0.036997892,0.81027687,0.3599655,0.16953245,0.72152185,0.11036347,0.1869409,0.5040587,0.392171,0.39673483,0.11013229,0.1846037,0.36867675,0.015666377,0.160901,0.13149677,0.20581962,0.5193892,0.0011527573,0.0069788257,0.21836668,0.41438416,0.32591695,0.2664323,0.13914526,0.28477228,0.07602928,0.22922632,0.048176385,0.08703324,0.15862535,0.38207883,0.14167243,1.4341043,0.15484227,0.24463102,1.144296,0.75498486,0.34885275,0.9023655,0.18451913,0.3825954,0.5627605,0.00027389236,0.06144853,0.2338939,0.16854677,0.16871879,0.61763537,0.5440116,0.0871577,0.49418783,0.19864747,0.85294753,0.23615684,0.017677866,0.21252835,0.17280279,0.04758597,0.42482758,0.40715265,0.2664329,0.39768654,0.072952725,0.42502785,0.24949668,0.06529181,0.16694692,0.34944844,0.01982049,0.083931655,0.22154053,0.29301104,0.20798877,0.2385206,0.15017113,0.022886526,0.33926636,0.25624222,0.15842879,0.16988024,0.1338754,0.7390934,0.16285479,0.85123587,0.51039934,0.1502711,0.60168576,0.8651477,0.14368998,0.10930921,0.0029223333,0.35206038,0.01962546,0.78277445,0.8608619,0.14400324,0.8765992,0.06811179,0.20051403,0.085923485,0.31335577,0.37307715,0.37109357,0.6161505,0.053269733,0.15168661,0.318092,0.1269178,0.48973477,0.054653786,0.051196795,0.058957554,0.373026,0.11553776,0.13263966,0.5286734,0.025853826,0.64728284,0.6148163,0.1854551,0.28363028,0.36681694,0.22797659,0.030729178,0.30984986,0.43055305,0.5549,0.48040518,0.07025428,0.117164075,0.017821224,0.080740705,0.055702534,0.030580422,0.3226446,0.8500806,0.12286063,0.33141473,0.016376315,0.17102201,0.10240677,0.31073955,0.28719145,0.04952921,0.45284364,0.192545,0.1671507,0.1933859,0.0894374,0.015533219,0.31750327,1.3351245,0.10689617,0.14186111,0.19666357,0.44128674,0.3235581,0.97840226,0.2284454,0.06326996,0.53044885,0.2284589,0.0,1.1749011,0.17041577,0.07198127,0.19063903,0.05799251,0.0706465,0.0070196246,0.0,0.20107086,0.021524116,0.13894726,0.5871618,0.15138422,0.3489475,0.66163737,0.21064615,0.15497248,0.46405727,0.33439827,0.3848693,0.6877173,1.0315559,0.14506398,0.3124205,0.20615494,0.3815915,1.0782835,0.183197,0.33293232,0.95694757,0.04145226,0.1601283,0.3411501,0.060709514,0.26262605,0.0097351605,0.06607179,0.0009785856,0.32707334,0.008378614,0.25250217,0.09329825,0.2128084,0.16790359,0.6656424,0.026089037,0.13879688,0.36320746,0.40827137,0.1398047,0.57451314,0.0,0.4043548,0.2758,0.07088533,0.19709694,0.079893254,0.06601386,0.26606452,0.073869854,0.38498458,0.07584373,1.0009382,0.21838525,0.062701724,0.09832289,0.05452772,0.1845019,0.4703289,0.20053038,0.108086064,1.4488735,0.0324177,0.09815943,0.39636075,0.12048188,0.0,0.037382144,0.09176877,0.11111519,0.00087375025,0.2387552,0.20128536,0.010690257,0.1421597,0.45183042,0.027107485,0.79289037,0.03172145,0.011905145,0.45861763,0.027910078,0.23251264,0.38998497,0.35095537,0.089003235,0.8728141,0.233432,0.5321664,0.029429361,0.23657347,0.04734063,0.0017219319,0.10387057,0.768119,0.16054863,0.35123605,0.20963143,0.1731588,0.26779765,0.43863386,0.0039371904,0.6295278,0.56500584,0.21884596,0.4023522,0.98358524,1.3003198,1.0916489,0.31362134,0.48109367,0.40809965,0.020573523,0.1091637,0.4409768,0.015498558,0.28451857,0.47154465,0.32672507,0.14761901,0.26245904,0.8691042,0.06726422,0.89674,0.16925511,0.31904328,0.4240225,0.2936654,0.65877366,0.7034817,1.2119756,0.035847183,0.49375874,0.23792858,0.21857437,0.5068008,0.4542672,1.0564516,2.1757288,0.27102447,0.08229409,0.0562655,0.7163113,0.32954043,0.9850291,0.17430991,1.4305775,0.18790707,1.6950865,0.6216708,1.5016003,0.5344299,0.8155186,0.52829003,0.7457989,0.17707945,0.19900297,0.047295664,0.20519297,0.4451465,1.1636152,0.86524343,0.84661317,0.0063691614,0.12001254,0.25978556,0.20009094,0.054951657,0.60486436,0.11412963,0.0948396,1.5110372,0.29913855,0.12881422,0.24929377,0.629675,0.04602623,0.7217263,0.53239113,0.98539203,0.07720169,1.0002447,0.27560806,0.71926033,0.18631065,0.5731809,0.8045272,0.22877184,0.18823689,0.76859105,1.0939937,0.6691046,0.24975899,0.9240442,0.06302159,0.1868768,0.24832034,0.7074194,0.4661092,0.18942538,0.58292246,0.43912327,0.29582396,0.50372934,0.1708796,1.11408,0.4391948,0.07007806,1.0508118,1.1291118,0.2812716,2.352137,0.31936496,0.636022,0.2455355,0.09907314,1.0183096,0.043115575,0.32897842,0.2833588,0.1207222,0.057065777,0.83669287,0.5381565,0.62335694,0.3888122,0.39454848,0.41376802,0.028512178,1.2402841,1.2555333,0.8357816,0.31284237,0.15587105,0.44175503,0.21774961,0.5002582,0.48801944,1.1397631,0.026025005,1.2487898,0.22890785,0.43366638,0.16096361,0.6084192,0.04960592,0.021355832,0.19500206,0.026915967,0.0052208994,0.47438076,0.23899418,0.19787927,0.97036815,0.030044675,0.9911007,0.12617382,0.7171562,0.059243336,0.45727804,0.40068668,0.55310297,1.8044087,0.8750559,0.6600641,0.5798787,0.16764447,1.2986572,0.108328484,0.47008654,1.7236711,0.40495026,0.19231944,0.0,0.15266022,0.050194837,0.18747759,0.004718096,0.8200858,0.003574401,0.1330291,0.06318146,0.34163547,0.3663688,1.2983925,0.49030295,0.16326915,0.25018147,0.4424821,0.87155706,0.53045523,0.032023367,0.1507988
0.4838723,0.16607592,0.11487108,0.16999087,0.19316685,0.46483892,0.43928236,0.13719706,0.25507265,0.6941921,0.31619775,0.14896736,0.1614701,0.6059221,0.15455724,0.493657,0.34861264,0.34112355,0.5061234,0.5924753,0.32095426,0.15556742,0.54162097,0.30046576,0.22793439,0.39555013,1.0912998,0.27577168,0.17317243,0.59336096,0.28955263,0.9968571,0.35619852,0.45899117,0.088406324,0.584502,0.13711001,0.5250079,0.24634817,0.13808376,0.8313322,0.115744635,0.21469998,0.2823615,0.42739308,0.0037506672,0.48591173,0.061528534,0.4579274,0.14835536,0.466806,0.12537876,0.51448274,0.30921823,0.4233061,0.432693,0.5869665,0.33581543,0.8499756,0.73796624,0.9666711,0.14375684,0.77130616,0.28146562,0.28814685,0.21495351,0.1613199,0.1723269,0.2620656,0.08245847,0.7092242,0.8399726,0.37021053,0.011232956,0.27979606,0.22382665,0.26798937,0.16860545,0.13394366,0.1628525,0.19743419,0.8859277,0.0487691,0.41037434,0.62911487,0.25246826,0.6014503,0.81515765,0.331039,0.59249324,0.3853132,0.5378598,0.28750023,0.5764898,0.51597863,0.12789598,0.3583948,0.04165443,0.20446183,0.41844112,0.8589368,0.83291703,0.77871823,0.6277822,0.40661472,0.50086296,0.2888602,0.88008845,0.26853025,0.21832967,0.24705802,0.13435973,0.30382636,0.26295072,0.23220798,0.13454844,0.3315309,0.40227127,0.55372745,0.35276994,0.10401137,0.86473787,0.2278746,0.65692246,0.03272784,0.29117858,0.02661593,0.39125618,0.013140482,0.049349517,0.43804958,0.4375292,0.31838197,0.1274901,1.3896048,0.34244877,0.23705791,0.48135132,0.14609109,0.12740114,0.611205,0.94704187,0.18828066,0.28944212,0.19187514,0.47567123,0.42794138,0.78878266,0.48328003,0.06249394,0.23942322,0.07231179,0.20716913,1.0532365,0.79866433,0.49205148,0.39755934,0.22668687,0.62862337,0.7546841,0.39237818,0.24640769,0.79845935,0.68014526,0.25488108,0.056724526,0.04179892,0.38436574,0.47010174,0.1243254,0.18366267,0.8038735,0.4935181,0.4194833,0.15436214,0.53868717,0.20711324,0.19325784,0.39724225,0.21696833,0.35800505,1.5076482,0.3096242,0.13074088,0.40306783,0.15087417,0.42791995,0.19648436,1.0611653,0.6258609,0.074243195,0.120584615,0.38376445,0.2466506,0.5737287,0.024802785,0.5429876,0.02346834,0.56205183,0.18240494,0.069256455,0.15935996,0.8657562,0.27743542,0.10791399,0.26002806,0.16189304,0.30782896,1.2028846,0.60439813,0.013301857,0.21719599,0.086577915,1.9553314,0.48978922,1.2252591,0.97919357,0.12710941,0.6959003,0.071691796,0.9462532,0.5825942,0.12689722,0.32506704,0.5035137,0.6086712,0.31891245,0.22436991,0.70426023,0.083947204,0.03742581,0.5585722,0.43385398,0.04242515,0.014982082,0.18251786,0.027101412,0.16830373,0.04288203,0.5341574,0.19397137,0.13206345,0.19714591,0.6112386,0.10824686,0.3329811,0.34308535,0.18326654,0.010817712,1.2177466,0.650524,0.3836559,0.07899554,0.169984,0.4200207,0.116884075,0.122444026,0.06694971,0.14965573,0.10097867,0.5776692,0.29005182,0.75231487,0.5529542,0.118185684,0.1192112,0.35446703,0.06506352,1.0531629,0.05717524,0.041962307,0.36469144,0.17562029,0.0,0.62414175,1.3843551,0.18656188,0.66548985,0.2618175,0.70632434,0.2261183,0.4800251,0.6656741,0.30175835,1.421191,0.34935415,0.30227137,0.31758702,0.21001261,0.41198614,0.3604798,0.5521552,0.27182078,0.3367874,0.13030452,0.39075068,0.61939394,0.1403997,0.51155967,0.06524919,0.6819111,0.6725932,0.07781685,0.32557988,0.4155533,0.022915753,0.3281302,0.40589285,0.38678622,0.115517154,0.22728112,0.2165519,0.33759856,0.57244086,0.27413625,0.31700298,0.13381872,0.2788427,0.19155216,0.33929172,0.2845911,0.2485805,0.3508915,0.4194182,0.28553042,0.17367893,0.029881373,0.36318603,0.16408198,0.30349165,0.4254567,0.97398984,0.06449306,0.2989078,0.38519165,0.6252532,0.24452215,0.36666724,0.45197034,0.62571096,0.21741769,0.17426562,0.68447614,0.30427513,0.22461255,0.21831226,0.03955988,0.3037781,0.17448124,0.42467785,0.6067454,0.4870238,0.08036925,0.24603562,0.6469748,0.32309848,0.41642362,0.22019805,0.0873559,0.15393808,0.19975534,0.23820058,0.059522834,0.098073065,0.020464007,0.22920118,0.5159482,0.43995622,0.21397342,0.15289652,0.49016815,0.13002343,0.46358797,0.14625508,0.1318117,0.04884962,0.3834785,0.12265988,0.78301775,0.40954444,0.2971524,0.087604135,0.4173841,0.6867704,0.37848526,0.34985757,0.300591,0.5829229,0.3395406,0.14002697,0.3861329,0.25574338,0.5126046,0.091938786,0.076873004,0.2635717,0.28218085,0.14272462,0.2970204,0.033764727,0.28595987,0.56573296,0.05767961,0.23572284,0.13557567,0.5325428,0.21548468,0.1849313,0.4080748,0.40017307,0.36964333,0.11902637,0.16039887,0.1566797,0.2679067,0.17053537,0.30514866,0.12111184,0.21202876,0.09492107,0.20837885,0.45272705,0.2960202,0.040112827,0.27869856,0.38752437,0.7305704,0.031292025,0.10073653,0.91016126,0.22282313,0.21604185,0.7567457,0.047976434,0.32745335,0.2692527,0.22955795,0.3939227,0.14441207,0.3574419,0.2442756,0.035006963,0.12732965,0.5680543,0.064133495,0.18806717,0.2290846,0.533006,0.20224077,0.2101451,0.4549703,0.62665063,0.30755764,0.066998705,0.108986706,0.12814072,0.2571477,0.2612691,0.27532843,0.19572085,0.5659312,0.25520796,0.6349026,0.7041081,0.48914015,0.46190044,0.27217573,0.33581385,0.28395817,0.21116371,0.3564819,0.33276582,0.45439744,0.39517102,0.11804074,0.31906286,0.30582494,0.35831398,0.17373148,0.20674008,0.11861211,0.50234294,0.07985081,0.03662979,0.4892605,0.35306713,0.14325252,0.75525093,0.60366374,0.34500128,0.20219576,0.0926795,0.40222073,0.0508808,0.1210212,0.5401704,0.029247172,0.13283399,0.46638137,0.19299683,0.16386253,0.4420075,1.205659,0.5711571,0.9435395,0.12421182,0.7871984,0.124773055,0.095267,0.3679009,0.2901719,0.41235077,0.22859892,0.022695733,0.11751448,0.113506705,0.30645728,0.63424134,0.2006235,0.87911224,0.3281719,0.51264733,0.21150237,0.11402041,0.97129846,0.35565108,0.4629033,0.22032395,0.53033316,0.44999143,0.34957552,0.6674767,0.39446756,0.69192857,0.32119155,0.2905177,0.47193575,0.031842828,0.20971152,0.09146013,0.34210125,0.55912066,0.18883455,0.13941292,0.09280868,0.21311562,0.13815568,0.38134456,0.43174118,0.18775266,0.5839383,0.05310934,0.08532668,0.24158928,0.0998715,0.13473432,0.30545437,0.2873509,0.37526223,0.68857545,0.29364577,0.22556955,0.44451457,0.5195072,0.60190284,0.25333142,0.067601986,0.08683216,0.22735268,0.20719035,0.14419642,0.0933581,0.29164773,0.22090685,0.250134,0.1287345,0.2485838,0.16940078,0.62162054,0.19329786,0.25292674,0.62173146,0.53456616,0.14974403,0.31269062,0.56519496,0.1959501,0.46451202,0.38440838,0.17683169,0.15954399,0.08977669,0.5472323,0.2609339,0.31405154,0.025205486,0.13848281,0.54667425,0.3817768,0.3146136,0.20761983,0.6326959,0.12847723,0.2862718,0.26073533,0.066407025,0.58663476,0.87654066,0.19412765,0.095262244,0.27424914,0.26786363,0.44279373,0.12557876,0.15083463,0.68172085,0.11544507,0.06943082,0.39037204,0.24563782,0.4097827,0.33745155,0.029561445,0.5290813,0.115980305,0.33515382,0.32495698,0.29071483,0.6145627,0.16993389,0.43139946,0.43396354,0.45533141,0.12973556,0.106747836,0.081484355,0.40214008,0.33964387,0.65731,0.39158276,0.48598897,0.37625352,0.2938936,0.21212444,0.19062999,0.11624232,0.025551965,0.2814468,0.1429584,0.62914217,0.34772247,0.3049525,0.48190653,0.39020163,0.4191454,0.49376255,0.38869333,0.76147836,0.8665995,0.29628372,0.20402148,0.3961403,0.31978345,0.087943286,0.1743893,0.12268475,0.05969183,0.6557585,0.15135041,0.11764635,0.33380693,0.163941,0.38158426,0.16313902,0.06590785,0.0801673,0.17740451,0.34972283,0.15670523,0.48145053,0.12812872,0.0323995,0.3124478,0.41625917,0.38099524,0.09747625,0.17348555,0.07249315,0.31291097,0.6600489,0.48995197,0.23453684,0.037583686,0.61232096,0.48122934,0.38658768,0.26646942,0.19259378,0.35506403,0.18122981,0.1959641,0.14399453,0.53747326,0.4453266,0.5638987,0.14708866,0.11926911,0.278218,0.094216175,0.117512465,0.15353549,0.15424347,0.19205171,0.71842015,0.2269856,0.23226306,0.5382924,0.18614593,0.22670403,0.15743345,0.22397412,0.43109733,0.062017914,0.31375247,0.45795727,0.48752132,0.13206904,0.24917132,0.2622645,0.14321834,0.48789823,0.11084513,0.31339815,0.23307136,0.21682468,0.26073682,0.7392535,0.09521912,0.0819549,0.14181682,0.05788821,0.36151233,0.28936398,0.113160856,0.42364454,0.46061587,0.19889027,0.23404497,0.2264618,0.30022183,0.028677788,0.25956023,0.23936085,0.28326398,0.6057668,0.26939225,0.24802855,0.29197085,0.65316546,0.084546976,1.2485473,0.5812145,0.12519705,0.32586104,0.124151915,0.1554336,0.41680253,0.09435473,0.04886304,0.16524088,0.029888384,0.38042486,0.22338057,0.34488803,0.26865792,0.21739155,0.79879844,0.13778558,0.036298454,0.08410043,0.2592681,0.7755035,0.19943629,0.24376947,0.23662572,0.4108557,0.048282713,0.617638,0.41828075,0.3044712,0.1261347,0.23020345,0.61317366,0.14983383,0.050125852,0.16628928,0.024062166,0.26138514,0.5784087,0.26774904,0.2482591,0.713334,0.15510729,0.32340357,0.18442619,0.18282694,0.14034304,0.24534212,0.11595981,0.17641962,0.35665485,0.15112415,0.54826796,0.27895942,0.19547239,0.4081458,0.18859191,0.1605494,0.11830854,0.3560329,0.17240892,0.10416435,0.04907733,0.061716728,0.01937671,0.20509109,0.23924932,0.6544718,0.116593644,0.060603317,0.3626895,0.08022914,0.5224049,0.5266546,1.0784303,0.49179667,0.059426118,0.5769355,0.40298104,0.13456112,0.10768328,0.22955292,0.4762926,0.031864434,0.4073739,0.3260888,0.5295711,0.35015765,0.25660256,0.22376618,0.089134246,0.6482133,0.17379059,0.056789823,0.1747584,0.05447492,0.17712964,0.24413984,0.080125704,0.15494594,0.18304425,0.05128631,0.038106434,0.14202933,0.13544987,0.33456787,0.8896612,0.65731525,0.19665425,0.20514236,0.4724385,0.6430173,0.26401848,0.11330186,0.18132898,0.11465479,0.115882106,0.268987,0.18128249,0.16174439,0.15402384,0.13006964,0.068595394,0.1281823,0.19376338,0.2058386,0.266354,0.04704742,0.2912406,0.29960957,0.11418688,0.11319506,0.14945048,0.12454525,0.17454642,0.15742402,0.34134135,0.20524143,0.2002747,0.29430097,0.20841928,0.1915437,0.15026414,0.22989354,0.09570098,0.029027294,0.3983873,0.47902048,0.12797704,0.39616233,0.18809079,1.3271589,0.28183466,0.6758819,0.11520572,0.026260115,0.26041725,0.021670861,0.36233327,0.26244718,0.81755,0.14339456,0.2528073,0.28274643,0.44993335,0.51853526,0.35798836,0.014026019,0.5626706,0.27119988,0.42360848,0.1244684,0.15642816,0.08924491,0.37029916,0.35306156,0.4360603,0.16776213,0.49449193,0.098983705,0.32347,0.0822997,0.14352825,0.037792575,0.7010515,0.36491755,0.29116136,0.42803568,0.22331679,0.24427551,0.24350014,0.29669473,0.37400526,1.2634262,0.29184672,0.4758132,0.18605787,0.17473826,0.36830008,0.30215147,0.1619947,0.5372525,0.05706747,0.09489254,0.38494688,0.55173934,0.118008085,0.25235042,0.28023452,0.29603225,0.20428249,0.20180804,0.17284712,0.26047122,0.05596126,0.30998248,0.17285085,0.3321209,0.025594577,0.16591468,0.3090067,0.3128905,0.38046408,0.017237257,0.15459362,0.32758042,0.4308143,0.9364097,0.08032406,0.7992692,0.3652346,0.1278131,0.24890412,0.34096146,0.010771382,0.22224472,0.41647184,0.12676625,0.3400301,0.23657054,0.23404068,0.040683527,0.7815447,0.22186665,0.073190525,0.19340597,0.13747706,0.17993315,0.24816623,1.1110957,0.086871296,0.39663443,0.34727806,0.26018757,0.39020312,0.064334854,0.57416403,0.14517708,0.48228163,0.28966096,0.08598994,0.1296191,0.49992904,0.58090705,0.065393716,0.17038172,0.1642932,0.022786668,0.5357475,0.040345363,0.33029702,0.5159813,0.54482687,0.2984199,0.34314469,0.5432983,0.02094814,0.040727545,0.14240646,0.1745927,0.28682762,0.09518078,0.03604597,0.68595546,0.2804272,0.2608034,0.07823387,0.8485654,0.4036376,0.19227147,0.47600073,0.054675084,0.094813034,0.24526091,0.01414087,0.30945712,0.1849108,0.21520665,0.3733809,0.09157548,0.022142347,0.25554803,0.07833953,0.20413315,0.39426097,1.16672,0.18729115,0.441183,0.038740247,0.10537681,0.14227124,0.13065271,0.10128404,0.06486681,0.14092109,0.12452318,0.14648318,0.2109396,0.1657573,0.23180583,0.28968558,0.22451945,0.3126373,0.23707446,0.27614444,0.12667593,0.167826,0.050117098,0.1409182,0.0,0.7957058,0.22186458,0.13357654,0.75672406,0.0015990639,0.1635381,0.62800914,0.28977412,0.12753582,1.3830358,0.33882985,0.08022855,0.1090278,0.039268713,0.7893648,0.44558406,0.23815568,0.73335683,0.44921082,1.0329716,0.61656517,0.18069799,0.21396443,0.08753069,0.082177505,0.022210846,1.140409,0.44515,0.7328489,0.11915595,0.0038098956,0.4467317,0.24129254,0.1116413,1.0134495,0.6248095,0.124613725,0.66185045,0.3368015,0.52969223,1.0829699,0.024239771,0.10043588,0.38312367,0.05692786,0.64564776,0.0023923523,0.36828336,0.26244017,0.3413413,0.29234296,0.15868199,0.2819282,0.0424911,0.17720959,1.1284548,0.011824344,0.14055105,0.47254658,0.29608926,0.8310979,0.04881345,0.18244065,0.588806,0.54551053,0.09749079,0.039842874,0.5418937,0.13649099,0.12812783,1.9283192,0.30906904,0.59126437,0.055632178,0.14257233,0.07908794,0.34615117,0.14654528,0.62569034,0.7692702,0.14658362,0.56686974,0.0017409642,0.06194311,0.29484308,1.0177609,0.042004645,0.17917618,0.019359361,0.09108427,0.13389325,0.2535563,0.41524547,0.48833174,0.20276108,0.5028147,0.003946881,0.29661027,0.008710101,0.03540568,0.10904427,0.12387316,0.10089223,0.07548992,0.35700774,1.3875775,0.71439594,0.41265908,0.0063931346,0.5974995,0.115246356,0.36573,0.81111604,0.26942438,0.24228045,0.34050456,0.013064071,0.93340474,0.118137166,0.56969374,1.1709051,0.0,0.26794687,0.0,0.0,0.9740516,0.5222604,0.72918314,1.0317019,0.08132638,0.20768814,0.20382735,0.18968952,0.2877833,0.46071967,0.30623847,0.4339783,0.084853604,0.07444286,0.8143678,0.48169303,0.33019504,0.22114998,0.29676515,1.0689391,0.046786916,0.08388422,0.7573747,0.8736702,0.0,0.2376998,0.0055938456,1.1579359,0.04089595,0.6361814,0.023265546,0.22796649,0.17257413,0.7014713,0.24904792,1.7272971,0.32882598,1.6678598,0.037237577,0.0032836464,0.12073057,0.5362407,0.498891,0.10704116,0.16039167,0.09122847,0.6575018,0.09616582,0.7020765,0.24818759,0.26095408,0.12014808,0.42863166,0.047284435,0.40842944,0.35910624,0.17196064,1.1217391,1.0913976,0.31508344,0.4806844,1.0507643,1.0169868,0.116503894,0.9597322,1.0523005,0.009756463,0.41909283,0.2716435,0.46304858,0.66902816,0.1381379,0.7543415,0.17273183,0.50242317,0.04615119,0.64979607,0.4215566,0.68496346,0.15016824,1.1479844,0.026862018,0.15239829,0.059600875,0.19788969,0.4706347,0.7846056,0.60702556,0.060848784,0.05789669,0.09966163,1.0878422,0.33682454,0.0014830104,0.84923923,0.3876527,0.059130117,0.47599056,1.4287913,0.021346213,0.36156482,0.1664565,0.50301576,0.26253814,0.17609568,0.40484923,1.2988002,0.6146134,0.3144375,0.6541678,0.0,0.0019796905,0.31680578,0.24012376,0.118520856,1.0042226,0.07383009,0.036509875,0.4179716,0.041816574,0.000885552,0.40810078,0.034446087,0.16993208,0.3286031,0.19608453,0.18616788,0.34624684,0.51123166,0.08785103,1.0454865,0.46821004,1.0469797,0.5786204,0.84490347,0.35868427,0.03956914,0.17225726,0.7980667,0.1198104,0.08017944,0.14081253,0.69980687,0.11670075,0.10199241,0.4634963,0.16863476,0.11638674,0.9748238,0.7688135,1.0890749,0.8290218,0.2019916,0.053746372,0.33554184,0.021684919,0.7136337,0.17891096,0.055237927,0.2865176,0.58197564,0.2569264,0.39780647,0.46832883,0.31283087,0.121430196,0.41758645,1.2537262,0.16989824,0.5887189,0.014170643,1.3351475,1.4049649,0.021887854,0.015037177,0.0133124925,0.45872444,0.3808053,0.7998636,0.54062647,0.09885748,0.7692399,0.748737,0.00322778,0.51329964,0.21219602,0.41149625,0.740096,0.39818147,0.3123251,0.04880227,0.2114923,0.02730507,0.19211566,0.188769,0.0077560083,0.028196616,0.12304085,0.43709156,0.12734282,0.04109308,0.7915251,1.1779451,0.70703393,0.24030091,0.52700216,1.8448825,0.20595783,0.7581521,0.5160095,0.13784432,0.93142086,0.5641229,0.01694813,0.44278002,0.6703543,0.7241839,0.017803285,1.3524764,0.043315098,0.03858991,0.12842326,0.12878753,0.33593163,0.39927778,0.50252473,0.056649037,0.022367377,0.07643396,0.36566478,0.1276544,0.73411185,0.56822026,0.14044546,0.31192133,0.30550274,0.35744268,0.33487764,0.08399721,0.5587826,0.02935668,0.23658733,0.56041086,0.40838975,0.051851906,0.2559857,1.1000981,0.07917754,0.41317725,0.015440399,0.08099862,0.49586868,0.16070557,0.39687383,0.6400815,0.003521736,0.13494402,0.69928306,0.043073222,0.30868906,0.62455463,0.57108283,0.056858324,0.06146183,0.002232699,0.089150436,0.69392264,0.1639133,0.08753025,0.032796964,0.23569766,0.10371305,0.24180576,0.23232704,0.34720376,0.3488602,1.2158606,0.282893,0.29354545,0.90846026,0.05260805,0.16304122,0.14197814,0.012525436,0.17734767,0.074597895,0.6315754,0.09146545,0.36135256,0.0,0.028351316,0.22352892,0.3204522,0.35640508,0.03930349,0.047430076,0.5703933,0.08742101,0.0026626976,0.18807556,0.14592503,0.0,0.05228898,0.0,0.006817427,0.10630171,0.21953303,0.49502712,0.010439894,0.025422897,1.4318395,0.06919273,0.98506737,1.0345979,0.35510114,0.07655139,0.322828,0.42659056,0.13304293,0.0,0.7768182,0.02701179,0.6106647,0.41797975,0.0038453098,1.0523057,0.88013196,0.49981388,0.4764076,0.09888299,0.08293115,0.011607105,0.19796385,0.0022581262,0.1140745,0.023870088,0.28357887,0.0020731427,0.120916694,0.9136898,0.16796966,0.12407101,0.60916686,0.46298409,0.089997075,0.07109988,1.4464957,0.07698372,0.011643749,0.481766,0.19025311,0.003017865,0.04819858,0.5325185,0.047854,0.07797688,0.38789967,0.20155874,0.20240931,0.1264798,0.1206339,0.06512811,0.6978483,0.1952108,0.0373184,0.10810506,0.006114154,0.571141,0.40471733,0.42341405,1.1376026,0.055843826,0.13867177,0.27036333,0.72658205,0.24688126,0.16314879,0.49840638,1.1328323,0.21765223,3.7206144e-05,0.11884897,0.4720311,0.6641365,0.033907816,0.008403112,0.15315469,0.96958846,0.51973456,0.48121533,0.7417237,0.0069028633,0.0,0.21972796,0.060563546,0.13440761,0.4028209,1.0575535,0.02662019,1.3001075,0.353967,0.6162542,0.9026644,0.9069773,0.09216249,0.6593767,0.09292984,0.5272719,0.20540772,0.001515894,0.3518791,0.3086832,0.1682468,0.6281276,0.8760713,0.46372363,0.023869164,0.73577607,0.084906645,0.5590278,0.6337781,0.039746325,0.12663521,0.15361398,0.07935831,0.081920065,0.61809516,0.11504285,0.12560017,0.20108359,0.15370451,0.14396623,0.11786274,0.23057128,0.06355357,0.054523237,0.43010592,0.29120973,0.28938878,0.4181121,0.29055658,0.2425453,0.05998769,0.4899498,0.13636379,0.19040748,0.11371583,0.0683281,1.0260413,0.9815886,0.3534062,0.6547683,0.15348795,0.16206715,0.63057864,0.157959,0.2746228,0.0037060012,0.29413337,0.23309267,0.6444341,1.0563631,0.25170872,1.0448995,0.13911757,0.23271057,0.36515135,0.9798119,0.2725178,0.6521306,0.39167848,0.14509144,0.018821105,0.30810583,0.011774609,0.31988102,0.33852065,0.47643983,0.19787878,0.22371912,0.21881235,0.1482498,0.9943888,0.0878475,0.3830339,0.5486517,0.06717588,0.06561092,0.90863794,0.15270376,0.074904665,0.07782617,0.33025485,0.27872857,0.7113154,0.5128374,0.36351308,0.21753347,0.073606536,0.09136571,0.69381034,0.6059865,0.9842311,0.44183248,0.44517592,0.27402067,0.24611638,0.007689047,0.25797004,0.045081206,0.22162656,0.60956776,0.54380745,0.023261651,0.29046568,0.008214376,0.2657867,0.471835,0.8572508,0.1262957,0.021759868,0.20380746,0.62501156,0.11060465,1.3784623,0.06139859,0.10295491,0.6004027,0.4816564,0.018752275,1.0130769,0.03249869,0.044215262,0.17889903,0.088575885,0.04133658,0.0055601643,0.004842023,0.29043192,0.029715285,0.16489556,0.6594696,0.2343809,0.5981655,0.82775104,0.06892873,0.2597723,0.65795046,0.61264277,0.25281465,0.91099066,0.84190106,0.12759846,0.1665161,0.48649698,0.3384023,0.8292074,0.13361925,0.21579386,0.7448406,0.18857297,0.47911766,0.36385906,0.12465123,0.15952793,0.0994992,0.29290798,0.11222008,0.18838961,0.023681765,0.3763065,0.09956293,0.6015336,0.33837402,0.657062,0.0771881,0.105579525,0.82838607,0.87677026,0.1381559,0.90682924,0.009999702,0.6458412,0.22790642,0.015523846,0.42058098,0.10148117,0.15213546,0.3994801,0.2035625,0.45165408,0.17576706,0.2393242,0.7040377,0.20248175,0.2721755,0.10935525,0.26524997,0.19769432,0.11732821,0.18788445,1.3578582,0.070411414,0.012399273,0.49850821,0.22279687,0.0,0.27361095,0.47430617,0.22895494,0.0,0.44131,0.030662518,0.16479114,0.71826506,0.29156107,0.0,0.9111307,0.47967872,0.040180262,0.8934698,0.090467855,0.2763345,0.20306516,0.6389687,0.040661003,1.4139808,0.076349966,0.277409,0.054314937,0.52221966,0.08998677,0.2065086,0.08569182,1.1826745,0.09786896,0.24116188,0.0015662276,0.36353773,0.38128227,0.37538084,0.022275075,0.40287778,0.5758712,0.5073671,0.45891988,0.49218056,1.4595692,1.2792108,0.25252837,0.41042614,0.570161,0.076901205,0.40714386,0.57104224,0.0060269977,0.27656066,1.0051122,0.3414924,0.1472962,0.41275373,0.6142969,0.18659788,0.9813701,0.17401075,0.6162841,0.44206488,0.23938441,0.6429306,0.64895225,1.5027788,0.113508314,0.27293265,0.28804484,0.20876178,0.6590233,0.329013,1.2175808,2.3834462,0.29649824,0.3356332,0.011591511,0.6185894,0.35319096,1.1556411,0.25458333,0.93949103,0.05667953,1.7667087,0.30842066,1.5333982,0.76095915,0.5539515,0.19905703,0.9784472,0.20897591,0.014022669,0.116999045,0.5028557,0.5154027,1.707769,0.61621493,0.42047197,0.100737005,0.30964988,0.4958318,0.26092693,0.15877096,0.5739619,0.29984462,0.0,1.6025635,0.2942079,0.20408648,0.10239042,1.0778028,0.059577625,0.7302452,0.31175044,0.9716923,0.099923186,1.1727378,0.17592973,0.8042164,0.09999387,1.0879514,0.42920756,0.11259025,0.21199337,0.39153275,0.84532684,0.5610776,0.60297346,0.42713457,0.0067781503,0.12556103,0.23852734,0.83263475,0.9985799,0.5614494,0.37489516,0.304671,0.5738138,0.37247044,0.16063969,1.430403,0.1863192,0.04791951,0.9201649,0.53959286,0.20865074,2.0681567,0.19232382,0.54960257,0.13306868,0.032720644,1.272046,0.047851074,0.09156499,0.09356418,0.079999946,0.3052988,0.5824834,0.67334133,0.8838733,0.4876433,0.50098634,0.29043025,0.20215389,1.1463112,0.9775138,0.44934714,0.36140633,0.07166134,0.81394005,0.096101746,0.4061045,0.5419951,0.9932711,0.03461418,1.0825877,0.18693145,0.3188603,0.15938783,1.1229234,0.30011648,0.32872987,0.12955862,0.036653906,0.11014433,0.4650456,0.40941313,0.19934085,0.78256536,0.20151523,0.45148224,0.29955325,0.3670035,0.24902289,0.52215147,0.92932844,0.41215372,1.2890422,1.0270319,0.8717452,0.5561391,0.48086324,1.3328228,0.45202836,0.67747307,1.6818769,0.4268212,0.47680423,0.11130274,0.26458114,0.008334227,0.44984794,0.008498636,0.58284295,0.0,0.7851363,0.24822207,0.5081328,0.5160277,1.2901814,0.6678841,0.036022212,0.4074754,0.18212758,0.49157375,0.20052415,0.254184,0.52633023
0.48407608,0.20550402,0.044278733,0.2029247,0.3548857,0.5746743,0.28379172,0.20018601,0.31077474,0.5882564,0.2326361,0.05732165,0.41555047,0.5466902,0.19634314,0.6043188,0.33787483,0.2806007,0.6645679,0.69414186,0.55428123,0.12286869,0.71840715,0.36509717,0.4642312,0.3066005,0.5606071,0.3432476,0.24163562,0.680985,0.60028076,0.88247985,0.28993547,0.24674052,0.07902813,0.36377645,0.38273755,0.7485575,0.20788756,0.14388725,0.9806584,0.19500329,0.3013534,0.13546078,0.8116088,0.004778858,0.41819757,0.07923833,0.5496495,0.12223263,0.42994425,0.14151841,0.849575,0.315777,0.3901716,0.18276209,0.4793706,0.31183407,0.5225147,0.5744617,0.54014564,0.09267014,0.58693445,0.2946412,0.08841117,0.22723491,0.14115015,0.21912092,0.19086495,0.16349415,0.40599287,0.91442055,0.30756584,0.055972334,0.37820348,0.536375,0.44822773,0.1082926,0.27306396,0.15149207,0.24737182,0.5286946,0.24387772,0.576319,0.4467652,0.25020057,0.47070813,0.686013,0.32295352,0.8370061,0.21059477,0.66525215,0.43913877,0.51298183,0.52582514,0.16235027,0.20984122,0.014798308,0.17587434,0.49057326,1.0445119,0.60038626,0.5037552,0.19897851,0.5530212,0.4321331,0.37613595,0.7494142,0.101137504,0.23012514,0.10383403,0.10117707,0.26539558,0.27381113,0.24627794,0.2543973,0.3557779,0.4482,0.7968311,0.29726332,0.16527957,0.46549708,0.27678195,0.5717368,0.08284944,0.22068787,0.026930677,0.25471047,0.014844241,0.08873546,0.30658096,0.6364491,0.06573445,0.16276163,1.3435645,0.35228294,0.25059286,0.34714708,0.10975689,0.21050312,0.25614208,0.6446535,0.27732965,0.22785388,0.0862501,0.21833685,0.3491658,1.0686853,0.6865462,0.20026624,0.22116831,0.07220693,0.26325765,1.4492269,0.3989104,0.65723014,0.42936808,0.2522589,0.44432762,0.39016756,0.2705578,0.3612549,0.5276824,1.0540758,0.107800096,0.10209012,0.2629001,0.40709445,0.5420998,0.23215377,0.354451,0.75280094,0.45853922,0.22957441,0.27566588,0.305867,0.12917995,0.15789175,0.42679957,0.6038858,0.39233485,1.0982764,0.5291058,0.13428159,0.36326462,0.22855157,0.42482948,0.49775863,0.98194414,0.6013271,0.09423882,0.19696969,0.37394494,0.3614998,0.7833497,0.0,0.33086666,0.03486161,0.25506026,0.23089457,0.067503504,0.25009748,0.3909437,0.18076402,0.22974092,0.073856704,0.22008619,0.32850587,1.1346496,0.7455918,0.039978668,0.6965447,0.042341504,1.2312145,0.5524547,1.0395722,0.9411872,0.12893292,0.3296362,0.17174499,0.85031986,0.79507506,0.021715028,0.26318568,0.56400657,0.4615333,0.68459344,0.26660842,0.59187114,0.11438395,0.114202246,0.5176357,0.39185506,0.0382464,0.058843836,0.2227919,0.19627291,0.16270731,0.055865936,0.56868196,0.263541,0.27803794,0.18775442,0.53395534,0.1096049,0.48601496,0.16912737,0.13190678,0.042791627,0.8907184,0.519428,0.2771021,0.09900058,0.15664728,0.28322458,0.22005078,0.08769658,0.047341343,0.06991505,0.15494445,0.5660683,0.28793266,0.8424097,0.28647417,0.14987993,0.19587755,0.6158931,0.1467517,0.8722438,0.03644646,0.16471449,0.15243787,0.30653834,0.055799738,0.50819325,1.07057,0.09054113,0.4517185,0.37319705,0.3460024,0.22623807,0.3538865,0.5302063,0.27364293,1.4970434,0.54894966,0.18686824,0.22118913,0.13955913,0.41327432,0.38021722,0.9731622,0.16626415,0.53580916,0.16964944,0.33680034,0.5318111,0.35996187,0.4127619,0.12812671,0.47367224,0.520723,0.20871681,0.2822819,0.5427506,0.021415766,0.18579853,0.1788592,0.5443576,0.07694985,0.16843668,0.17919642,0.23620059,0.56563044,0.27735198,0.3460314,0.14750916,0.25906596,0.589458,0.38170934,0.39266172,0.07845296,0.55158424,0.078167506,0.69263774,0.15766835,0.114742205,0.2904288,0.09648062,0.14315453,0.44535023,0.75642115,0.22047818,0.38547847,0.32681367,0.2555864,0.4832788,0.0895807,0.3616985,0.45563382,0.35108757,0.1564441,0.42790163,0.22348967,0.052339718,0.15054993,0.2195449,0.232386,0.18951072,0.5882871,0.28884804,0.5174179,0.2646341,0.08247527,0.5431193,0.19852486,0.17911413,0.37204763,0.16313106,0.23328151,0.49021137,0.16855127,0.17596674,0.06048916,0.30099615,0.11485636,0.37956637,0.66269696,0.2119921,0.33331734,0.39341807,0.26142654,0.2691121,0.28679362,0.31602862,0.11763772,0.10954927,0.05652199,0.3883232,0.25188005,0.25675577,0.20240238,0.48467264,0.45029253,0.1451689,0.14814526,0.3107308,0.32397026,0.49052593,0.3234533,0.39034277,0.114646256,0.45043123,0.07073155,0.07157422,0.3886561,0.3543133,0.12589252,0.32890096,0.11042152,0.089166686,0.6434388,0.306828,0.22280557,0.18748833,0.38970578,0.268348,0.21245155,0.39286435,0.13533539,0.12290334,0.15986013,0.7162945,0.4099899,0.23615757,0.2546109,0.267744,0.12168762,0.1721679,0.36674353,0.084603906,0.23954232,0.25999022,0.13230768,0.34616333,0.18377477,0.37314954,0.19072282,0.22583567,0.28954983,0.17034894,0.16126698,0.53177506,0.11890864,0.38611147,0.29392368,0.63700986,0.35366273,0.16009617,0.397832,0.28024697,0.08851443,0.31089377,0.33289406,0.18470235,0.12437007,0.10412206,0.48405918,0.541813,0.24497566,0.9581933,0.2623576,0.26394266,0.22635292,0.120829284,0.06681233,0.20011565,0.088943124,0.18360922,0.043396447,0.25837284,0.2248418,0.39479512,0.5521201,0.22798958,0.09029946,0.064313814,0.3578174,0.07945273,0.11472079,0.40621313,0.27858645,1.0228847,0.18573985,0.13483378,0.39081737,0.48013106,0.19560327,0.116341755,0.26289764,0.1768313,0.29228577,0.20425235,0.03484412,0.36849087,0.46499538,0.13868208,0.42110854,0.19707444,0.12553175,0.34015265,0.14620645,0.67629486,0.1523503,0.10619067,0.41480407,0.047638267,0.17423774,0.31948894,0.12593918,0.15981555,0.26760393,1.1135749,0.3409967,0.49335298,0.16288319,0.4456664,0.07718114,0.20920922,0.38882968,0.43065464,0.32642516,0.73883367,0.110362805,0.1410918,0.14707027,0.2671758,0.47579712,0.05524695,0.6454308,0.6842147,0.25477406,0.3220661,0.21841972,0.36391884,0.46546748,0.3649415,0.71681356,0.57520145,0.20048016,0.030909445,0.42465824,0.3011262,0.26033926,0.3264339,0.6572737,0.5644086,0.05605664,0.10893454,0.33512178,0.4639201,0.69134724,0.24182783,0.013132802,0.17034233,0.067062505,0.44906628,0.4943664,0.14005423,0.16151817,0.42013067,0.080105,0.10553926,0.37729734,0.104420505,0.14428353,0.22325939,0.3589662,0.55434775,0.6380299,0.15471195,0.22270817,0.39674515,0.35098425,0.20783001,0.061351378,0.11834583,0.28463483,0.13865022,0.41770262,0.3606197,0.090130225,0.5237628,0.34836793,0.34015274,0.3564302,0.37843215,0.57633305,0.34224132,0.15602408,0.8277268,0.7744298,0.3377594,0.23393519,0.10919284,0.5374156,0.50857687,0.7006146,0.076227196,0.21582747,0.30877346,0.08718045,0.29761755,0.21015148,0.13631341,0.24192792,0.10855661,0.34453142,0.22546571,0.38420317,0.20113558,0.37676084,0.12491376,0.42317754,0.13381277,0.19226982,0.26283243,1.2336336,0.033410575,0.27770638,0.29447874,0.21572754,0.3659496,0.24098745,0.25200367,0.49562633,0.40056515,0.24324647,0.2666695,0.44693288,0.29386503,0.12608254,0.31668243,1.2326927,0.31379673,0.18652391,0.24184607,0.5599093,0.51111805,0.5870007,0.2819239,0.3806622,0.38928726,0.21264233,0.2088418,0.16463712,0.28423697,0.48114514,0.73952675,0.34395564,0.5582939,0.37892398,0.30601704,0.24222405,0.3900558,0.13122195,0.09000369,0.1394082,0.117998615,0.43129325,0.14409739,0.13364333,0.18419243,0.19345953,0.19930762,0.6678131,0.5971058,0.27752268,0.6648635,0.37519062,0.18748666,0.13005802,0.21767539,0.07163526,0.23889741,0.34633777,0.21975392,0.25355536,0.25671086,0.36749598,0.19830327,0.43776006,0.40140116,0.22536021,0.04042719,0.081791416,0.09769681,0.33769506,0.4227925,0.3270427,0.04869638,0.051566105,0.31558642,0.2827328,0.5162454,0.061104693,0.11207338,0.067373514,0.29149112,0.5856632,0.31248182,0.13618684,0.02338493,0.77804166,0.35746086,0.35995716,0.095400535,0.16566697,0.62991524,0.29952136,0.13866158,0.19431597,0.2689104,0.48662788,0.72020334,0.13240562,0.07919565,0.59532356,0.5485147,0.16736403,0.2955637,0.052927896,0.4075808,0.27184895,0.19685715,0.4030438,1.0239918,0.38447666,0.21654531,0.34504145,0.21805167,0.17135264,0.21651968,0.13340697,0.101652116,0.28495368,0.04746509,0.38196707,0.19892968,0.18423909,0.4841165,0.28362787,0.6541976,0.21850424,0.22680196,0.43445042,0.34456444,0.03974332,0.31733084,0.32246086,0.107761055,0.3567139,0.18902683,0.15452284,0.29417086,0.09513256,0.22831273,0.43533915,0.26405957,0.45811555,0.13337375,0.29001415,0.27775967,0.26994544,1.8479767,0.029873872,0.15974861,0.22099361,0.9562552,0.15556365,0.6969795,0.4878451,0.13017306,0.30735496,0.08377845,0.2139272,0.2297521,0.14076805,0.21519934,0.20694743,0.4771881,0.450087,0.15480806,0.40401614,0.44071352,0.18134508,0.44949245,0.03504963,0.18929891,0.06255497,0.3625883,0.3443501,0.095027395,0.15190013,0.123813786,0.40427572,0.22377113,0.54252666,0.7669178,0.18404251,0.049069796,0.122394845,0.6105454,0.0797634,0.2334896,0.11531344,0.3459003,0.22931042,0.49623993,0.27117616,0.531884,0.4284624,0.55134726,0.22074011,0.33889562,0.36563706,0.13058662,0.13634542,0.15471837,0.29470664,0.6033737,0.17743076,0.30096632,0.40361923,0.37205553,0.53769994,0.19400789,0.30994856,0.27470863,0.385792,0.04189018,0.48598146,0.035682358,0.053364243,0.03041468,0.21836329,0.24328084,0.5687514,0.023069898,0.13516663,0.24323198,0.055573117,0.81623733,0.34317446,0.3594916,0.4191203,0.23018268,0.48552802,0.63280463,0.06413629,0.06059742,0.22834828,0.71249616,0.10335918,0.22681813,0.29820183,0.23843369,0.37077874,0.22856304,0.5478492,0.26017123,0.49898145,0.10589737,0.5492835,0.12582308,0.0544645,0.2644151,0.41526145,0.17174557,0.16120523,0.1455741,0.07863699,0.21827471,0.34036565,0.32572782,0.35795748,0.39075357,0.7220822,0.20907643,0.62307173,0.23776016,0.70168805,0.31026393,0.16234112,0.11774171,0.059664793,0.2808373,0.10170545,0.54507947,0.08474366,0.051632255,0.12992652,0.047818065,0.19370332,0.24681494,0.3671905,0.12507877,0.12552315,0.10496814,0.28076032,0.062020402,0.06449665,0.07070993,0.25380325,0.1456276,0.16910768,0.7304109,0.38696462,0.34907052,0.33123133,0.22918007,0.14196947,0.19750544,0.104452215,0.3718072,0.17088357,0.42843294,0.5503761,0.23083365,0.4894352,0.26204836,1.3644395,0.24646024,0.40367278,0.070398316,0.087652914,0.14613535,0.0396704,0.5218636,0.1271397,0.91577834,0.11841149,0.12455046,0.34864473,0.40057427,0.57650566,0.4537924,0.052623097,0.41332227,0.1725204,1.1160157,0.027689802,0.060282685,0.11680701,0.4414495,0.9282174,0.24476877,0.12657548,0.5448718,0.19571173,0.48993248,0.033289354,0.14392099,0.07440171,0.44329485,0.37164712,0.06464725,0.59268606,0.1340283,0.3786807,0.33291334,0.08996322,0.31306836,0.45122707,0.6047942,0.7195012,0.32664385,0.1803523,0.1689339,0.50865036,0.454139,0.8572276,0.27968645,0.009343246,0.31280082,0.21603364,0.20224568,0.14450115,0.22901537,0.4217301,0.11352907,0.026004478,0.055459395,0.14120491,0.024107423,0.11243194,0.17988786,0.2476923,0.099532254,0.04859533,0.19516999,0.17451268,0.27939343,0.028673593,0.43504927,0.30628157,0.33480823,0.35450384,0.13097826,0.6399924,0.42180642,0.2091345,0.32200876,0.47686726,0.015876725,0.32636577,0.16814007,0.26365912,0.2927103,0.09367211,0.15622446,0.062182203,0.9883428,0.25701067,0.052628785,0.08973977,0.39350426,0.04288845,0.34699494,1.0326264,0.107689425,0.21336734,0.5626806,0.14107926,0.104639485,0.4269588,0.4070003,0.08159202,0.32580984,0.12995985,0.3549286,0.107913174,0.30571088,0.4592431,0.023040004,0.26449183,0.19307248,0.1348391,0.399322,0.059869397,0.16892856,0.20193744,0.09644312,0.15149777,0.3094232,0.4691113,0.30839586,0.13180408,0.34110487,0.18004388,0.4457198,0.17382531,0.09627518,0.38032758,0.2001739,0.57947946,0.04552049,0.33121783,0.25853708,0.103131175,0.08771148,0.13680035,0.07876691,0.9466864,0.029450718,0.6440883,0.47304195,0.08277638,0.2930743,0.27986288,0.108168885,0.21893747,0.31159282,0.057101905,0.25267857,0.8742988,0.32185096,0.18736328,0.13271275,0.2807727,0.02878692,0.27469712,0.24676329,0.03689451,0.030661352,0.14751434,0.25592163,0.16414292,0.45402163,0.08259609,0.39225602,0.12878424,0.1462501,0.25562418,0.45813152,0.25489563,0.25292137,0.11550878,0.15052873,0.016614145,0.34061205,0.18669455,0.43324217,0.28329828,0.0,0.030652218,0.3996862,0.15274775,0.08442211,0.66716164,0.03041829,0.16674384,0.062180333,0.30340344,0.7246637,0.3754692,0.091906235,0.49323475,0.13857827,0.54057133,0.536227,0.0058679595,0.41358384,0.15372391,0.16567668,0.07367123,0.64481944,0.15520124,0.7031525,0.1383332,0.022953268,0.4335056,0.14225103,0.13354772,1.0433431,0.22881196,0.10378556,0.5865687,0.43169144,0.7810898,0.6952871,0.010797798,0.051479198,0.27284425,0.07727404,0.7897613,0.052998148,0.38191426,0.15367661,0.32844463,0.034911625,0.25117216,0.13899744,0.03641255,0.07127686,0.56726146,0.0,0.28445953,0.44003105,0.05531633,0.9063659,0.08155863,0.24731062,0.9829545,0.33018357,0.035626106,0.028857596,0.3640397,0.38479272,0.17527126,1.6369896,0.054633506,0.23973075,0.06394391,0.14316776,0.049920917,0.077976555,0.3122512,0.25262925,0.3271467,0.30006135,0.5009341,0.04183139,0.005738794,0.27842963,0.38760364,0.030595178,0.038567565,0.054718226,0.16461833,0.21701843,0.123561494,0.07771443,0.14021882,0.11470829,0.19483443,0.0,0.16110869,0.0,0.059343494,0.2570084,0.064169385,0.028301524,0.24856329,0.43276167,1.3203925,0.857558,0.27074042,0.06689201,0.6349704,0.14448251,0.26036552,0.5424125,0.09024526,0.010989819,0.38035896,0.13383526,0.8953068,0.15310897,0.41840273,1.0600135,0.0,0.14806934,0.009673282,0.004045941,1.0763853,0.19659682,0.36747545,1.0623564,0.0049131447,0.23961096,0.21869992,0.3132592,0.19109017,0.35123608,0.2363959,0.3916647,0.199635,0.092255324,0.47426638,0.10190207,0.07585394,0.12016102,0.016270872,1.014294,0.005165521,0.048809305,0.4666118,0.82604164,0.0,0.18784948,0.0,0.7662632,0.10012393,0.6233915,0.16531998,0.035803586,0.006890582,0.29171842,0.08927423,1.390281,0.27887696,1.0662122,0.047807325,0.0005223241,0.019932576,0.047202088,0.3885858,0.077256486,0.29794374,0.080513,0.39778888,0.06802887,0.47877142,0.34486604,0.41833264,0.2636134,0.28923067,0.0,0.25763655,0.740348,0.07001685,0.3185785,1.1228297,0.07040357,0.47066575,0.8637849,1.2522467,0.11720584,0.89530325,0.1872943,0.05771081,0.42153534,0.14580323,0.32992333,0.44172022,0.032168698,0.635375,0.032661222,0.123858735,0.10590172,0.3734731,0.3319673,0.5774919,0.21817525,0.6403542,0.019681014,0.12794366,0.014744891,0.14715222,0.8691987,0.4885913,0.20594552,0.17932057,0.057536665,0.23556697,0.48425564,0.0025495687,0.1633867,1.0347893,0.29422048,0.038877472,0.2318698,1.3097711,0.00048117156,0.48472297,0.027932279,0.083453596,0.097989425,0.12744308,0.26055616,0.8770587,0.5159099,0.2733586,0.3541439,0.02320471,0.0015252603,0.30054533,0.025902227,0.14905357,0.7563312,0.08618678,0.013162286,0.3467434,0.11220389,0.0065401513,0.22979973,0.006953627,0.119251706,0.18413554,0.23344186,0.13815841,0.22089371,0.39279395,0.1472387,0.5326328,0.27187338,0.7486082,0.43305925,0.56917775,0.14798963,0.027961077,0.2158457,0.6208056,0.07212936,0.01866473,0.06618307,0.5431647,0.0828682,0.19065271,0.17250669,0.07513784,0.07624179,0.5753371,0.44569737,0.7172066,0.70494777,0.088594764,0.16689314,0.27271137,0.0091321245,0.5311605,0.12797478,0.09170053,0.2596385,0.16264072,0.15891606,0.39091468,0.54490846,0.14465612,0.03792712,0.2178752,0.9642638,0.0625138,0.4837098,0.0009177408,0.7922574,1.3280641,0.0,0.09902844,0.091116905,0.07216822,0.5704635,0.45634484,0.3898887,0.16021042,0.81432015,0.13722801,0.05149983,0.50330687,0.31132808,0.6639916,0.43080035,0.17936163,0.25713706,0.022516781,0.14043787,0.10439966,0.09972672,0.05042188,0.0,0.031853158,0.26489347,0.2678509,0.14425355,0.27670276,0.82817566,0.4700845,0.70484054,0.13212842,0.24097984,1.2909378,0.14696895,0.41753024,0.3500639,0.09452286,0.36285484,0.5164478,0.03307685,0.46427727,0.41367823,0.25174427,0.008955322,1.2832222,0.16921385,0.03768034,0.06850176,0.048511628,0.43353766,0.17922282,0.34402156,0.19915757,0.051460177,0.11645328,0.015866742,0.2289435,0.6108403,0.20565923,0.064673595,0.17264448,0.15007359,0.19520138,0.28613484,0.0063102897,0.24773172,0.006375996,0.12004988,0.3675834,0.3799222,0.037992068,0.01383332,1.0610244,0.20029873,0.14859225,0.20525157,0.07602766,0.2617498,0.08917253,0.556421,0.8566928,0.0057431143,0.019116152,0.58975065,0.06701277,0.11004264,0.20709711,0.32418728,0.103162006,0.055921476,0.0040400308,0.0,0.53982717,0.08054114,0.1799352,0.07241461,0.2364181,0.013108855,0.09904,0.19251432,0.31986627,0.32186332,0.55703837,0.14656407,0.21564925,0.5841677,0.15507567,0.16476925,0.079611585,0.04994464,0.13751364,0.23662546,0.66526437,0.18618093,0.00848105,0.053525116,0.00936567,0.12324126,0.6326995,0.21636172,0.002928508,0.035626814,0.21607327,0.021817012,0.007388655,0.084926665,0.01343588,0.01729844,0.011205858,0.0,0.0009159437,0.10585664,0.08166251,0.33237618,0.014299644,0.023443531,1.4864271,0.060607273,1.1246256,0.81611824,0.4722435,0.009050557,0.21365462,0.19923332,0.16833559,0.008355585,0.5066566,0.0,0.5598437,0.33238417,0.009185964,0.6101113,0.4569862,0.7145763,0.2448965,0.19559622,0.04622793,0.008374789,0.2209952,0.20513825,0.10745089,0.005359328,0.18263337,0.015222289,0.02596038,0.6154736,0.14135553,0.030321775,0.42144868,0.1773101,0.04142622,0.04506167,0.9306785,0.19086155,0.22463542,0.60039777,0.0191772,0.120672,0.075887755,0.58425355,0.0326946,0.04751676,0.18001953,0.13782366,0.354766,0.15478921,0.1210275,0.18398106,0.49041486,0.15150556,0.12341389,0.007390761,0.012959806,0.77826154,0.2982294,0.19042331,0.85224175,0.023762697,0.10623428,0.10107493,0.26352882,0.6965805,0.055706557,0.13899742,0.44513318,0.0021081427,0.031953022,0.10942876,0.17560743,0.4047334,0.013899134,0.0012261753,0.13489635,0.39268154,0.30153334,0.6942194,0.44098786,0.018607836,0.0,0.10110651,0.0013102022,0.116851956,0.22176482,0.5798831,0.046746965,0.85206515,0.45551693,0.2351047,0.735883,0.4019818,0.24290638,0.7168514,0.24124926,0.45376584,0.25271374,0.051344987,0.25555253,0.39875364,0.24791351,0.2780462,0.716732,0.33264667,0.005270426,0.84061706,0.10366752,0.28197014,0.5260925,0.0,0.20080666,0.46428683,0.24114597,0.018926773,0.86410034,0.16376622,0.086190134,0.19228885,0.023305316,0.15878856,0.32766014,0.052022547,0.3047823,0.0,0.469639,0.26322186,0.050186,0.19083399,0.19018738,0.14926258,0.003474679,0.2051685,0.03225565,0.17051756,0.13979895,0.13627979,0.48362556,0.50146705,0.7270861,0.6372178,0.023196671,0.1820267,0.40873894,0.23557362,0.35753697,0.022232885,0.093350366,0.010123037,0.38065708,1.1002133,0.0934383,0.5830822,0.2075225,0.14248851,0.07885076,0.43151757,0.2096254,0.23225428,0.42859894,0.21847242,0.0006430883,0.3235946,0.11043328,0.1426466,0.22557396,0.2591068,0.02603525,0.019433757,0.50258124,0.050657097,0.62676203,0.016183948,0.049877405,0.58215195,0.16564813,0.18738934,0.4799808,0.13072538,0.23379323,0.07338011,0.44946945,0.01693914,0.4963984,0.33368558,0.2960354,0.099961475,0.0342571,0.19552007,0.2705576,0.489593,0.9470524,0.36764872,0.10147732,0.14414696,0.28847882,0.035734653,0.19461319,0.07995206,0.17271817,0.058287695,0.912237,0.056550328,0.17342615,0.06034057,0.30926794,0.028479189,0.6890957,0.2497746,0.055074245,0.13891374,0.516616,0.043263987,1.2030902,0.08745638,0.098343164,0.70739686,0.584465,0.024628162,0.71174705,0.09955351,0.16134146,0.1965009,0.04870984,0.0027016366,0.00032677012,0.0,0.3199895,0.0,0.106588535,0.7021953,0.3355531,0.344512,0.6399863,0.29127878,0.370632,0.7159115,0.5028535,0.2488642,0.6912235,0.95453274,0.032395568,0.082198866,0.24980418,0.2786487,1.0561743,0.19627637,0.22463083,0.89542085,0.19059753,0.5580223,0.32665753,0.018024435,0.04829134,0.0066613303,0.075357065,0.010235766,0.10080007,0.0090337545,0.17618623,0.13168189,0.1401807,0.0020818266,0.7031721,0.02727031,0.085879885,0.81331086,0.44970965,0.016917795,0.3267928,0.022494894,0.68621075,0.53364867,0.009715388,0.2896561,0.2628906,0.11378504,0.19776273,0.43265375,0.47563612,0.16432056,0.6135354,0.70845556,0.06386882,0.117764756,0.12766278,0.10255471,0.2524491,0.2303481,0.049657702,0.8359142,0.20555216,0.15516612,0.25269574,0.040489867,0.011874234,0.14728642,0.61492187,0.24763346,0.0007318025,0.17885795,0.025215639,0.0009121406,0.69932866,0.6060396,0.0215109,0.9056899,0.52903473,0.029746875,0.6098982,0.007924151,0.24105164,0.053677496,0.34601673,0.026141139,1.2793099,0.015416183,0.3889038,0.053002514,0.17894354,0.09378153,0.12205936,0.23085037,0.7634601,0.005392716,0.18779695,0.057087768,0.2548631,0.22125125,0.010988857,0.26593703,0.50336564,0.61628,0.29072595,0.48963243,0.8163482,1.2131513,0.74991477,0.10554997,0.3466352,0.45311522,0.26162636,0.49140853,0.4217068,0.015595507,0.45008606,0.9257439,0.24738143,0.034624085,0.29743302,0.72672457,0.12836513,0.7533725,0.14323801,0.60159636,0.13109948,0.65788144,1.049978,0.76021683,1.1354144,0.051507886,0.5349464,0.17328428,0.29900417,0.33725128,0.5387794,1.4119058,2.3897595,0.41705853,0.48764294,0.0386293,0.60789883,0.41357857,0.9296714,0.50244653,1.1756483,0.16321285,1.4956439,0.100594446,0.9443585,0.9211874,0.9035728,0.28969184,0.8921378,0.04594358,0.08703545,0.0074633295,0.51588583,0.73220384,1.9280295,0.96212155,0.57144105,0.2908163,0.078629,0.3322518,0.61459434,0.0,0.5545141,0.43904948,0.0,0.78546023,0.51845765,0.4137223,0.14680359,0.7716603,0.039503254,0.74139607,0.3710118,1.2865411,0.9114305,0.74248993,0.29345447,0.48222777,0.32047117,0.6490009,0.635437,0.31183016,0.22207558,0.57919616,0.78400075,0.48364896,0.27001786,0.36716118,0.14492889,0.080502525,0.16684198,0.631737,1.0077724,0.39823896,0.6012014,0.21384898,0.7153941,0.52008164,0.16622934,1.0663958,0.27666083,0.31630594,0.76410323,0.67237526,0.48981494,1.8732294,0.5766139,0.4186278,0.015945628,0.15548384,0.9718234,0.028864313,0.25052536,0.08816273,0.103405006,0.6603825,0.58023465,0.7942028,1.2794785,0.7046443,0.9411114,0.085880116,0.12308776,1.0525665,0.905896,0.5706436,0.13578436,0.11071168,0.37652254,0.12499933,0.47135097,0.8220646,0.74903876,0.066015184,1.0385168,0.17191136,0.32560742,0.117663905,1.163378,0.30408645,0.22063684,0.038970336,0.03696545,0.35662678,0.3994701,0.24757576,0.38513556,0.8770044,0.20597823,0.6625986,0.37777543,0.5223342,0.36257342,0.46396428,0.38778317,0.27026036,1.4536952,1.0942585,0.6624721,0.48518914,0.44161755,0.9333179,0.48370755,0.42879027,1.660054,0.6271242,0.51025915,0.094172195,0.11175148,0.0054296227,0.3724385,0.055182274,0.57816905,0.083827965,0.36256224,0.41869092,0.3436657,0.55693734,1.5798773,0.4491054,0.060280614,0.2836759,0.2600568,0.36091968,0.23444198,0.34311202,0.1669733
0.6653563,0.14973755,0.08186823,0.21629697,0.42343044,0.6154915,0.44297683,0.31280562,0.37474537,0.315175,0.28400198,0.08926746,0.14285149,0.48939016,0.14782062,0.19188416,0.34268075,0.38556284,0.54158044,0.57372594,0.42991057,0.200647,0.5182542,0.40421605,0.56284,0.17453444,0.55850184,0.42592436,0.28487483,0.68357164,0.69346976,1.0450257,0.21573097,0.28946248,0.07386832,0.2751618,0.3512441,0.6302813,0.47197402,0.022072673,0.78418076,0.06029972,0.12534013,0.2516872,0.74033326,0.03239244,0.31528088,0.04597611,0.4249093,0.14860618,0.18394487,0.13381013,0.46210957,0.36368173,0.16898768,0.45834088,0.7124666,0.14859603,0.71190846,0.7460637,0.7614454,0.16768564,0.6427521,0.3669021,0.281937,0.31614438,0.181454,0.015589686,0.25482574,0.10647984,0.67543244,0.64953065,0.18534772,0.027796669,0.24885413,0.24352463,0.27043468,0.030435083,0.48097003,0.13912681,0.20983252,0.67530406,0.14071001,0.58342767,0.39711085,0.24856792,0.41972855,0.50433457,0.19610867,0.7986906,0.24896526,0.5263735,0.4888278,0.35524708,0.5530266,0.26735204,0.23841162,0.008690236,0.18091407,0.7710513,0.9721188,0.8352299,0.38961738,0.202476,0.55348784,0.6371665,0.3761161,0.65372527,0.19760758,0.34166592,0.10402011,0.18982348,0.42164052,0.3254131,0.48974255,0.26818097,0.49139565,0.6240028,0.6708548,0.29866865,0.20418918,0.6627873,0.48861045,0.45696318,0.12374601,0.28453928,0.019414794,0.24122328,0.06798073,0.14868018,0.6128222,0.51817083,0.06550149,0.14908205,1.2223147,0.48522967,0.1397204,0.68438613,0.17928134,0.14651586,0.4488867,1.189359,0.3025041,0.3137983,0.31863308,0.300216,0.4051407,0.8837865,0.6039284,0.050533183,0.2635314,0.093054585,0.26920146,1.021275,0.44587857,0.6526203,0.20486668,0.25638354,0.5526812,0.6694479,0.6060126,0.21221575,0.7317157,0.5315949,0.2693257,0.16252369,0.15539853,0.24400535,0.45039123,0.25482994,0.08044944,0.59942055,0.57277095,0.48990995,0.32865775,0.3296401,0.16150437,0.17034581,0.5278028,0.24477713,0.56504446,0.91753894,0.22567883,0.1384618,0.15016466,0.31930417,0.4211648,0.49174744,0.7653971,0.510464,0.08262978,0.15140618,0.37262768,0.43309677,0.70648867,0.015548242,0.4301052,0.045722425,0.28955597,0.2520049,0.08327328,0.16426861,0.2110778,0.3164364,0.43535507,0.087593295,0.19175892,0.2963276,0.6657425,0.5179552,0.068583585,0.40123743,0.06449618,1.2734491,0.7220142,1.0978973,0.9002014,0.08775985,0.7261676,0.27602705,0.9838506,0.56871706,0.065034635,0.3082332,0.6471731,0.64073616,0.31285727,0.26402012,0.4982748,0.18584207,0.111278795,0.25870073,0.2997923,0.074582115,0.032913525,0.32512796,0.10394237,0.16467042,0.07187796,0.50323343,0.11714187,0.5350534,0.3285319,0.45892304,0.091217056,0.44964656,0.27128774,0.19397,0.12611802,0.82064265,0.6649946,0.24939986,0.074593864,0.34070113,0.27233732,0.12180277,0.065954715,0.10654197,0.12092255,0.10312313,0.3893993,0.3914333,0.41609663,0.41012335,0.19109927,0.1470587,0.7208805,0.17846742,1.1305256,0.088530526,0.19530475,0.15633379,0.14408804,0.049368158,0.38033265,1.0752696,0.15131795,0.56449854,0.29762572,0.41118413,0.22660738,0.4085557,0.6406768,0.33962977,1.3668025,0.5804562,0.2754984,0.2809868,0.14471486,0.6157737,0.34437528,0.85860306,0.1633774,0.23650342,0.27738944,0.33023548,0.46324036,0.21912697,0.3952455,0.049099445,0.3710925,0.6131923,0.1653207,0.2172954,0.27862996,0.10641512,0.31217307,0.51784205,0.4904434,0.055216983,0.14283527,0.31732088,0.39220768,0.74346584,0.34298313,0.32963258,0.1484467,0.32259464,0.33656183,0.34374735,0.25801313,0.13381407,0.111121245,0.50214183,0.56460464,0.07468216,0.077963375,0.18293527,0.24941158,0.22684444,0.35169953,0.60656357,0.017053362,0.2067952,0.33189213,0.3731349,0.103241,0.32247916,0.13594492,0.69129646,0.31601268,0.29535544,0.78534263,0.41614646,0.5745295,0.37046933,0.029176744,0.23288712,0.2360389,0.50097466,0.35896337,0.16841017,0.29963952,0.45278665,0.40412456,0.2723344,0.98842025,0.07761048,0.10117763,0.09710592,0.17543432,0.12663896,0.09478196,0.10376585,0.17277339,0.23118912,0.41664675,0.4384215,0.17806655,0.3079755,0.53518647,0.11343243,0.49065554,0.23900005,0.31670037,0.11186496,0.10775384,0.04179346,0.4175752,0.20009215,0.18600164,0.007559008,0.59242034,0.5470155,0.3291328,0.27460635,0.190564,0.2935255,0.39194524,0.07451825,0.6769664,0.22160198,0.48176426,0.03087067,0.008496792,0.18129176,0.3748901,0.16004649,0.38095286,0.12773211,0.33489978,0.50524354,0.10022383,0.23341385,0.049924683,0.25850293,0.15752664,0.14060284,0.36491254,0.2837765,0.4732629,0.122020766,0.38536313,0.38885176,0.15013811,0.11793663,0.23812129,0.028693575,0.21618387,0.15043384,0.12405214,0.3835495,0.31466013,0.13818158,0.62896734,0.22287384,0.15433964,0.016108992,0.285834,0.432254,0.085918635,0.19033605,0.7856402,0.040722173,0.27427995,0.36644512,0.15557908,0.34962553,0.28084394,0.38947064,0.41460335,0.13231842,0.113437966,0.30929357,0.17095205,0.12382257,0.25362062,0.38715303,0.14971215,0.2885805,0.29386908,0.5810187,0.29029623,0.13522989,0.21211645,0.1412534,0.25962815,0.106221296,0.18193722,0.23439738,0.22066325,0.21477848,0.40161774,0.5326164,0.39364898,0.4294756,0.11051503,0.52026814,0.41631576,0.21101773,0.5646949,0.24921788,0.4108166,0.39837062,0.046488285,0.13869567,0.31318545,0.4680922,0.17771068,0.23696746,0.086347416,0.50415313,0.19362012,0.28937495,0.5406025,0.26377115,0.09985759,0.5324247,0.30653375,0.2310917,0.13431622,0.20949897,0.2983424,0.0484201,0.33258614,0.33445242,0.10521284,0.30991912,0.28995132,0.5367285,0.20965545,0.12877402,1.1875693,0.4007008,0.6875464,0.27749887,0.79642755,0.046047777,0.53478855,0.2111586,0.799296,0.70638025,0.26721168,0.02105908,0.06870965,0.099102266,0.3509958,0.48369837,0.09223988,0.671226,0.40014347,0.57862794,0.29326418,0.20807116,0.6937237,0.5751602,0.7546298,0.41959378,0.6261183,0.15681311,0.2799654,0.25950643,0.17281212,0.33288723,0.17100626,0.4946947,0.4739607,0.106836855,0.52389765,0.13084798,0.4595693,0.38757908,0.1279564,0.11671069,0.041066755,0.09406337,0.18014978,0.41923657,0.32989252,0.23628463,0.76609457,0.058239155,0.36000702,0.12931076,0.111372896,0.07882856,0.1678174,0.539083,0.50749594,0.8377302,0.3046633,0.16882865,0.5092811,0.066635594,0.34601426,0.44053644,0.073692955,0.12052156,0.08742283,0.23402883,0.32887906,0.10523731,0.3208093,0.33921936,0.25285447,0.13978715,0.27722657,0.24901547,0.4753782,0.2411404,0.24818082,0.7052801,0.14280263,0.26631847,0.22763199,0.6685088,0.10083266,0.77373815,0.20427872,0.38337895,0.3553398,0.14262831,0.23920755,0.15344241,0.16751269,0.0805237,0.19099322,0.43566048,0.1921401,0.43471363,0.16125634,0.45517144,0.13862279,0.1144402,0.029066728,0.3171776,0.75386226,1.0802526,0.20710891,0.115519315,0.29190108,0.10752553,0.54008764,0.16088855,0.4543528,0.66032356,0.2094207,0.11177081,0.15935713,0.2539711,0.29092923,0.44121134,0.054855168,0.80236614,0.13559997,0.38060057,0.19969529,0.18597537,0.48524326,0.0365976,0.330116,0.12733653,0.33782876,0.09479718,0.23728587,0.72972757,0.34272525,0.48967028,0.6359272,0.16170932,0.32731652,0.55820155,0.1617895,0.29545647,0.32604933,0.13638549,0.0666837,0.10912737,0.1306777,0.74999887,0.3279119,0.3068243,0.22322081,0.04468528,0.7686388,0.5912197,0.30857933,0.83622956,0.6824517,0.09271133,0.16068691,0.28584647,0.094290644,0.19660187,0.10493021,0.3615799,0.11210277,0.26069212,0.11302635,0.36873573,0.32564875,0.081169,0.19516201,0.11811565,0.0525771,0.16395918,0.0985954,0.18435243,0.63665247,0.76541305,0.23153678,0.09935301,0.20046756,0.29079986,0.38094646,0.06563115,0.32703176,0.2303767,0.35811105,0.56421804,0.43352526,0.2702074,0.09639287,0.3352478,0.2705347,0.46659335,0.3311816,0.18648314,0.3532549,0.19162786,0.29018942,0.40815574,0.1424001,0.2441043,0.8228147,0.32100815,0.115505114,0.29369286,0.18118963,0.29326266,0.071340084,0.051122747,0.40946645,0.5646604,0.29319274,0.37439865,0.5118095,0.16077524,0.113710925,0.2552104,0.6226857,0.3683805,0.068658695,0.14746279,0.48144218,0.37490386,0.1600616,0.09515245,0.6455289,0.13923359,0.25094074,0.19128932,0.26420677,0.22198163,0.46317297,0.31225353,0.37730414,0.13920638,0.43440774,0.15815109,0.183696,0.27034563,0.23460196,0.34279618,0.257312,0.13716657,0.12319653,0.49286866,0.29055324,0.33875895,0.23372515,0.103990525,0.14584506,1.2001843,1.1605943,0.15137552,0.23823051,0.09952993,0.38185543,0.2069698,1.2471199,0.41776127,0.21130176,0.2189902,0.057528816,0.14461282,0.22780924,0.1283371,0.42981666,0.04102787,0.04425879,0.29183054,0.10314593,0.6278205,0.38660485,0.26626307,0.34254873,0.052301966,0.10285762,0.01814381,0.8209676,0.518491,0.2841035,0.2668479,0.047663778,0.28346205,0.05026848,0.34378326,0.115398765,0.9893357,0.3719,0.21377145,0.40854353,0.11563386,0.012773002,0.22759727,0.12995386,0.24856666,0.2894538,0.26437345,0.18933764,0.9198526,0.29988483,0.20591196,0.17406029,0.1266432,0.0483901,0.43492168,0.22975084,0.38357744,0.34529877,0.23548168,0.89019203,0.38204968,0.1676982,0.11214433,0.20589459,0.34800526,0.1274625,0.31389892,0.07388488,0.14751859,0.30665794,0.1530917,0.01302406,0.25770378,0.17706057,0.5514703,0.35995343,0.07639705,0.31432527,0.078510344,0.36634117,0.3717087,0.55827254,0.31669945,0.23058778,0.29178414,0.3667415,0.026796207,0.059760816,0.38808018,0.3965479,0.0697706,0.43637902,0.091592595,0.1478402,0.43509224,0.14180115,0.5764399,0.06632839,0.70144945,0.12916777,0.38618034,0.12768885,0.036004115,0.31059617,0.28665727,0.3081859,0.113663174,0.19742337,0.16505542,0.11286521,0.5734127,0.12087044,0.24521056,0.6041854,0.8012404,0.13994426,0.26946095,0.52222896,0.4654258,0.14924172,0.15346673,0.067931965,0.039545886,0.23986131,0.116017856,0.2780705,0.3761802,0.122646675,0.1882419,0.19289073,0.28818977,0.28741488,0.112717494,0.4453815,0.101411834,0.560611,0.3419124,0.08799025,0.057013534,0.36032468,0.49471143,0.1429299,0.1490798,0.5193344,0.782336,0.2396547,1.2038713,0.25656843,0.4924556,0.29704052,0.2770003,0.12610468,0.06163009,0.19271107,0.7202231,0.18694866,0.27774453,0.44254103,1.2239584,0.1025513,0.48654372,0.074724436,0.0601936,0.12578589,0.043868814,0.40809965,0.119866595,0.5866384,0.15132801,0.11465789,0.18226032,0.40831932,0.7225395,0.16655105,0.08572199,0.33248758,0.40351096,0.68613607,0.27653563,0.21656789,0.13256758,0.4263524,0.3517954,0.6241995,0.23216994,0.59505045,0.032385368,0.55215704,0.042718522,0.40439147,0.13628536,0.22044067,0.5991002,0.18630788,0.51923144,0.19718274,0.38757342,0.34717935,0.22625585,0.2604043,0.9458886,0.25084734,0.43571898,0.53004384,0.23966086,0.2794678,0.17805769,0.15369926,0.54411125,0.16787276,0.1199786,0.51142406,0.24825794,0.453207,0.244562,0.26037169,0.24168974,0.41557735,0.14908099,0.12566271,0.18310493,0.13125509,0.26997852,0.08022854,0.35453036,0.28374052,0.15014367,0.14416595,0.17098592,0.15720142,0.030267945,0.27270398,0.11660157,0.36727008,0.7530246,0.27372372,0.3166668,0.2568791,0.32211688,0.078507535,0.1670664,0.01634583,0.35107625,0.010113706,0.158889,0.58452964,0.41131106,0.66632783,0.18935755,0.30851138,0.14324515,0.058141433,0.05905799,0.3098878,0.025123958,0.43310916,1.2390044,0.1968071,0.425048,0.23907949,0.06874617,0.11139017,0.16644983,0.24999686,0.18244606,0.27459994,0.4341311,0.29939398,0.19363406,0.22391573,0.5436652,0.16512002,0.14482653,0.19844961,0.027355762,0.30275357,0.19276848,0.23321027,0.39067453,0.35969022,0.23591286,0.35052493,0.1413757,0.17563881,0.1528118,0.06412886,0.4681346,0.4803545,0.082293436,0.27222311,0.4138568,0.12096611,0.1658656,0.04685544,0.50693566,0.22730231,0.028627567,0.16172269,0.44114077,0.13895817,0.63722885,0.10409805,0.25628158,0.2026593,0.14732029,1.4766545,0.20572588,0.13442951,0.16231316,0.3213856,0.46575287,0.7960014,1.1703155,0.5970417,0.5672318,0.02289002,0.14150998,0.119977266,0.3155617,0.25764367,0.0060265646,0.008879166,0.2064682,0.2694208,0.61295044,0.25111914,0.061067503,0.7729605,0.2174669,0.29300243,0.27979624,0.08765942,0.06069467,0.15872963,0.11559685,0.3243808,0.06952108,0.49574572,0.055884093,0.09296506,0.5975891,0.066609606,0.3283434,0.503017,0.06990052,0.13470666,0.9652532,0.25683516,0.10219695,0.44524354,0.09804518,0.46409076,0.640428,0.13919699,0.7957611,0.60770917,0.31647596,0.41946438,0.075958066,0.12004304,0.3035073,0.3909216,0.0075283456,0.78127366,0.6114137,0.87035376,0.09767385,0.003344372,0.541273,0.2990188,0.07812329,0.86133736,0.22955382,0.00886308,0.86987954,0.66980225,0.7903146,0.8122227,0.17975014,0.06949647,0.116702534,0.29625016,0.7877187,0.0,0.19705795,0.39539826,0.3991931,0.6268084,0.3973089,0.43002716,0.09669801,0.0013871527,0.39899248,0.037762165,0.049095605,0.2554188,0.19253646,0.97415334,0.063145675,0.20633283,0.5416605,0.35961926,0.039795026,0.22997269,0.3893137,0.20879334,0.5021349,1.5730236,0.0015601562,0.15188439,0.12774865,0.16654012,0.015329545,0.16598345,0.39907783,0.52997404,0.2960358,0.3412251,0.38504785,0.0038601728,0.037095875,0.22363773,0.6769544,0.057286076,0.05566874,0.026804246,0.0700468,0.08295448,0.27813753,0.18412045,0.103082485,0.15673304,0.23979497,0.0021726368,0.07461585,0.0026102187,0.042671554,0.26039279,0.138027,0.05601586,0.021892544,0.21401942,1.2128007,1.1389642,0.34967172,0.22074483,0.4238638,0.15492702,0.07972484,1.1847632,0.0984087,0.03941902,0.96340543,0.08668679,0.7262008,0.057808936,0.39547443,1.3489348,0.09390974,0.19798623,0.0043206424,0.045743357,0.49040043,0.11417469,0.8562353,0.90485287,0.013922207,0.5597695,0.2455203,0.286754,0.32040513,0.5219845,0.27884215,0.7077198,0.57798916,0.16191842,0.23431678,0.44291964,0.0872309,0.04074334,0.49302787,0.8426299,0.16476703,0.14359486,0.4597997,0.84267706,0.0,0.0774554,0.024245026,0.6963203,0.14378032,0.40955666,0.19118932,0.01741672,0.096896514,0.28164825,0.084293924,1.2464199,0.37235606,1.4212482,0.2553494,0.12009027,0.13696869,0.4694343,0.5896517,0.012275187,0.39648765,0.15073566,0.08451297,0.10852244,0.65099335,0.83635485,0.32437238,0.35098988,0.48533803,0.0023654224,0.117434874,0.911409,0.31774437,0.3606754,1.7802682,0.01873574,0.14399035,1.0426135,0.6944275,0.18199517,1.3173726,1.0643808,0.0,0.829774,0.40236437,0.45646936,0.30288,0.10313943,0.68040663,0.08261767,0.22420913,0.0698305,0.7666255,0.4618392,0.289819,0.091486044,1.2773759,0.013979542,0.1921334,0.0014068787,0.4691637,0.21253993,0.67571676,0.3569919,0.27991495,0.044789687,0.042014446,0.5593345,0.10884133,0.16648881,1.0113217,0.68322766,0.09158145,0.43348575,1.501936,0.030371822,0.48635074,0.07587232,0.16989352,0.14908153,0.028811723,0.10784851,0.959255,0.48642164,0.4246422,0.7276306,0.0017877361,0.0034018357,0.61045533,0.10354858,0.036862276,0.73016787,0.24421337,0.0,0.2765796,0.14220384,6.814507e-05,0.11173536,0.0058583845,0.1815185,0.36076993,0.16612318,0.26627344,0.52815676,0.46839774,0.1390018,0.76351464,0.35338104,0.62767917,0.8111962,0.5947218,0.76850665,0.2765476,0.11284696,0.9560746,0.015275397,0.011581782,0.2399447,1.1494253,0.53862566,0.091650985,0.32190832,0.2123786,0.32130724,0.33192086,0.7684846,0.83333206,0.99152803,0.13648683,0.10017994,0.6458216,0.051365323,0.80951864,0.09412498,0.19209582,0.12366001,0.36732355,0.09748615,0.11319638,0.7610738,0.13019425,0.13265526,0.080166094,0.62822425,0.07617261,0.3663665,0.06093545,0.686824,1.3216183,0.02156421,0.08779415,0.09071406,0.07693521,0.28196368,0.71909285,0.6777135,0.10302023,0.8228086,0.25417766,0.0033410592,0.48786497,0.7027321,0.77136195,0.88204944,0.07070854,0.6292164,0.024375647,0.49330863,0.16274065,0.5673817,0.24967517,0.21313122,0.018679906,0.22035187,0.5898066,0.31804717,0.047790036,0.909866,0.94698167,0.50937855,0.0030361859,0.23428534,1.1971364,0.088329285,0.43564838,0.13484773,0.42331332,0.2972241,0.75380164,0.10705741,0.24415389,0.45151967,0.49650124,0.03992966,1.0186756,0.07148333,0.16013882,0.14144301,0.06758688,0.58284515,0.421343,0.47074288,0.060924046,0.047726274,0.61882645,0.26695895,0.3139904,0.19256388,0.45856088,0.32128027,0.6000244,0.24475394,0.26192102,0.4468373,0.22585389,0.1577266,0.003226569,0.29013127,0.63187575,0.14738232,0.16452436,0.046670076,1.4405652,0.1598632,0.16280767,0.3472194,0.043442965,0.61132145,0.361755,0.32983536,0.94055337,0.050575208,0.051432967,0.64274263,0.18331087,0.25069997,0.323003,0.6414324,0.06328978,0.24421427,0.12127654,0.21431309,0.086492196,0.024615398,0.23811223,0.059489265,0.26798862,0.04052549,0.900652,0.19304495,0.5551474,0.51371515,0.5516509,0.40562952,0.30967426,0.93836844,0.123365626,0.007349962,0.26246244,0.039060824,0.2527557,0.63787717,0.5876751,0.3767534,0.47668058,0.13186538,0.0,0.24120954,0.58150387,0.37750256,0.08020917,0.0,0.7698552,0.19217652,0.047977433,0.09861907,0.053241566,0.010969447,0.0036948808,0.0,0.036944017,0.11729305,0.16793354,0.83609176,0.3880778,0.17360143,1.382396,0.13500193,1.0540981,1.2035713,0.5746312,0.4014925,1.0915108,0.83733124,0.30451274,0.0,0.62721276,0.013859852,0.36876225,0.3893207,0.64643407,0.5371436,0.40200597,0.50201356,0.07852692,0.04571134,0.05622061,0.060223937,0.37992406,0.5102074,0.016865864,0.0109938225,0.24665111,0.30893642,0.011651597,0.64631563,0.33477843,0.012514889,0.27288106,0.24779129,0.33158734,0.05850927,1.4454567,0.19480209,0.3331614,0.30718616,0.06650684,0.059272576,0.12546633,1.0148604,0.16606346,0.11204747,0.19112973,0.57510054,0.29184043,0.35111904,0.54749537,0.32541656,0.95185626,0.0018175158,0.09677221,0.17889728,0.0106519135,1.054899,0.81201375,0.4007958,0.9440646,0.069064215,0.11284393,0.5141612,0.33737043,0.5074817,0.8598706,0.43487498,0.077455044,0.32384676,0.29482818,0.28900927,0.58777606,0.91546106,0.0,0.009159733,0.5409075,0.42643544,0.31213242,0.38674125,0.72580016,0.26221442,0.0,0.14615293,0.28347483,0.4014336,0.1599549,0.86775756,0.14453197,1.0052563,0.77818215,0.18788739,1.036444,0.9332112,0.34947455,0.77610457,0.6675946,1.1071908,0.2365933,0.011446354,0.6640192,0.6046935,0.39757133,0.21619324,0.6712034,0.2562107,0.16020429,0.6389579,0.010535736,0.66804135,0.41626865,0.04109692,0.06073837,1.050919,0.10235736,0.09350923,0.54188174,0.20320754,0.2828229,0.016613044,0.13765937,0.2872784,0.5061631,0.017619532,0.18982911,0.28363147,0.38489074,0.3256094,0.1938301,0.6185125,0.5477656,0.05124391,0.11123161,0.54349244,0.1924166,0.115803726,0.2626394,0.23164885,0.4614394,0.48089045,1.1992065,0.42929447,0.030213546,0.24467407,0.32275346,0.19096072,0.56171095,0.00049548864,0.36636215,0.21960258,0.5503268,0.6402657,0.4388286,1.0694863,0.37645534,0.12737544,0.007885598,0.5508755,0.59023106,0.14764564,0.77534616,0.50576425,0.001781774,0.5563063,0.16194272,0.621612,0.22436586,0.1390771,0.36851656,0.07425162,0.7243419,0.18972972,0.49450803,0.09660189,0.32882085,0.77147985,0.23604965,0.24248378,0.7522156,0.17965324,0.095739156,0.49078047,0.8016645,0.25490838,1.1539594,0.42968726,0.17227493,0.034751218,0.08749172,0.2121756,0.22944961,0.7618379,1.0311874,0.7830231,0.59647447,0.1465469,0.7594541,0.16200772,0.24784613,0.013246548,0.22130446,0.45231262,0.31140584,0.21551767,0.37343705,0.02717828,0.16096899,0.12143296,1.4931036,0.04887857,0.07749418,0.61937416,0.242847,0.22390988,1.1400745,0.30800337,0.14511506,0.9799584,0.34352016,0.008156702,0.7277011,0.13575298,0.54098964,0.29690483,0.06327907,0.037328325,0.0040985863,0.19885916,0.2216693,0.0023959368,0.06575026,0.8835541,0.09469135,0.5197085,0.4597749,0.19910881,0.28777024,0.882946,0.6003333,0.1472614,0.38651955,1.3599167,0.7789568,0.21400988,0.8869487,0.6677507,1.2460654,0.27680147,0.745141,0.7505393,0.04163581,0.6123958,0.51076627,0.00811324,0.06309487,0.10963529,0.14896375,0.01576468,0.4099702,0.0018679877,0.13798153,0.15341368,0.07826693,0.07235652,0.358275,0.014543204,0.07472964,0.6440412,0.9125805,0.48978433,0.4149986,0.2612803,0.86872077,0.32967994,0.15642199,0.104567766,0.1290937,0.35608473,0.37859267,0.19385436,0.46495372,0.21409602,0.5957116,0.6953457,0.019186256,0.038424913,0.08461432,0.11712283,0.7850418,0.07287255,0.16026114,1.5407286,0.5351198,0.14401975,0.46716094,0.07021305,0.16531007,0.07247797,0.5935581,0.8556125,0.0,0.43601358,0.13740237,0.04454284,0.65771735,0.48019478,0.02293209,1.0013828,0.40799388,0.03464296,0.7347175,0.068685524,0.2380901,0.13625419,0.72008485,0.06659636,1.0366144,0.39326912,0.58067214,0.3496958,0.2167242,0.04131691,0.3679138,0.35995713,1.1093261,0.12944898,0.42407948,0.0050946805,0.2694605,0.3535335,0.148992,0.22375998,0.67900944,0.45234883,0.55929744,0.26473325,0.69937027,1.2123288,1.1717751,0.18426624,0.41588008,0.28654182,0.1091858,0.36133695,0.75341225,0.11561043,0.1656574,0.8288113,0.48233497,0.051046707,0.31337088,1.0254385,0.14702849,1.0189844,0.48793277,0.42011207,0.28561193,0.64908123,0.9154996,0.90175736,0.96679986,0.010911155,0.53501487,0.43340415,0.1453372,0.41185814,0.35139516,0.97842026,2.1276207,0.16866827,0.24701607,0.08999743,0.7264071,0.5290803,0.8048211,0.3265437,1.3690491,0.15375918,1.7110724,0.20802942,0.81317234,0.21764143,1.3551307,0.24687201,0.61408246,0.15187615,0.14980833,0.06740379,0.128553,0.6654819,1.5950444,1.3291328,0.16391101,0.13406411,0.04990213,0.20620501,0.3672518,0.21237513,0.75859934,0.3838539,0.0511178,0.49046624,0.5726726,0.48937863,0.34228384,1.179107,0.0059829913,0.7969788,0.6528541,0.9416251,0.5705475,0.9461708,0.16597661,0.49518737,0.06550032,0.87767935,0.69898486,0.5061954,0.19228283,0.4794929,0.7987374,0.6401555,0.5552453,0.46980977,0.13165152,0.1410358,0.010615781,1.0453295,0.5355717,0.56163126,0.32751888,0.32486814,0.3761062,0.48781863,0.38949895,0.9083936,0.28251934,0.4522467,0.8545108,0.8362194,0.21934028,1.5634854,0.22987224,0.34038118,0.12066154,0.1868558,0.8920145,0.11519548,0.72987825,0.25492296,0.14272705,0.54562867,0.5141671,0.5442889,0.7369186,0.41216177,0.50137824,0.5258174,0.15351513,0.92212176,1.0109766,0.4773834,0.6872399,0.15990731,0.61617506,0.19424604,0.37994397,0.6963995,0.73120356,0.103348225,1.6724131,0.103461385,0.11929824,0.10395776,0.45451695,0.22641116,0.1685666,0.05254609,0.14980265,0.07217389,0.64759403,0.49040765,0.20233364,0.7942595,0.2256254,0.9851246,0.46609077,0.43962216,0.53337646,0.34373438,0.16455099,0.62703645,1.5334923,1.135427,0.5742334,0.6013917,0.777935,0.9892572,0.16582002,1.0101653,1.4174254,0.4830242,0.27500683,0.16625689,0.41385272,0.16046397,0.5189499,0.32665598,0.97443664,0.021163825,0.07323868,0.39316502,0.53187734,0.17759804,1.0056483,0.17791782,0.41907948,0.54026115,0.17863129,0.4021269,0.24986792,0.2806732,0.19315676
0.58557427,0.076740324,0.025925014,0.06271569,0.3122862,0.77903485,0.44310743,0.19439608,0.39020854,0.38840497,0.44378403,0.15633547,0.11064921,0.3743569,0.3611545,0.24478601,0.56852376,0.5185602,0.5301707,0.62022936,0.33717698,0.2372868,0.7421794,0.5535688,0.6242405,0.24252313,1.1650709,0.52646106,0.19921479,0.49469662,0.66167164,0.58168334,0.24060729,0.5336518,0.1425189,0.44544685,0.3583822,0.58382547,0.5582882,0.076437786,0.79967403,0.1252034,0.26666188,0.15398881,0.8503262,0.004879346,0.29230526,0.03888424,0.41817197,0.18705341,0.06175278,0.08103261,0.63017046,0.3819514,0.19348443,0.6582452,0.6118868,0.10463578,0.8548488,0.5592376,0.60794413,0.16497749,0.6115942,0.37303743,0.15436272,0.231875,0.29374167,0.026536535,0.25546062,0.0847453,0.62798727,0.8429992,0.23580232,0.07546018,0.26543474,0.37030602,0.59622645,0.09372325,0.2237738,0.14088948,0.17129579,0.6407086,0.21623398,0.508186,0.5359466,0.31219783,0.31432766,0.6774299,0.21595697,0.44499385,0.17786106,0.43674934,0.47906184,0.52552855,0.37193692,0.16725692,0.12831484,0.03526539,0.17925832,0.55475235,1.061274,0.7076094,0.36944297,0.36621276,0.5562283,0.54768753,0.29150727,0.5349023,0.076203,0.27969474,0.24572986,0.14538069,0.243723,0.11023768,0.390458,0.23757683,0.65404034,0.38942784,0.5157993,0.51625174,0.3190477,0.652542,0.68084,0.355959,0.20529443,0.39510834,0.10309605,0.20068008,0.057297707,0.17280781,0.39624882,0.44746506,0.057594746,0.29791588,1.1319479,0.51052296,0.37342387,0.6590216,0.10538977,0.24029955,0.25914615,1.3219635,0.17668477,0.2629795,0.09617262,0.43052018,0.6339891,0.9291545,0.5865265,0.10212738,0.4840597,0.12505835,0.28629372,1.1220285,0.34279114,0.7685461,0.1769192,0.1432237,0.5850097,0.66333973,0.39462972,0.14793222,0.9643359,0.33973658,0.24405763,0.06800071,0.1894511,0.2937264,0.4687735,0.084268205,0.14138722,0.6365871,0.58284444,0.40461355,0.34780243,0.4381944,0.1322949,0.10470098,0.33532524,0.26700792,0.36656594,1.215024,0.25075248,0.18764928,0.06767459,0.85051966,0.4004793,0.17698747,0.91134727,0.46455154,0.12218796,0.23782198,0.40077364,0.41640776,0.76190865,0.015262242,0.3601187,0.012549089,0.4796471,0.2608943,0.04260715,0.1879943,0.24777177,0.5545236,0.5154656,0.24866815,0.37604052,0.28120804,0.83782136,0.4797745,0.036933187,0.42684817,0.10074261,1.0670805,0.523283,1.2541311,0.87229156,0.026735403,0.87923884,0.18955293,0.9146755,0.5971306,0.060685806,0.36560014,0.65415955,0.65239406,0.42691582,0.31201917,0.38385236,0.13532081,0.031030826,0.48755914,0.2688692,0.06223216,0.0865301,0.20295827,0.10082395,0.20363072,0.049565215,0.44927654,0.08859648,0.62567806,0.43478125,0.5363525,0.23185867,0.3277739,0.29202518,0.13660386,0.14318657,0.61994064,0.58361995,0.24702145,0.04669555,0.42058498,0.28672373,0.23805703,0.10964284,0.036416315,0.23242524,0.13551271,0.30920553,0.19592232,0.41174862,0.46924317,0.19588077,0.25896984,0.517644,0.20045239,0.92724466,0.054609157,0.2177805,0.115219176,0.238868,0.13732994,0.44023728,0.7909119,0.09007929,0.3624322,0.25696674,0.29239503,0.37996802,0.12922043,0.37511802,0.24144277,1.2745874,0.53784764,0.23024029,0.39699665,0.23669548,0.68896866,0.52595663,0.764982,0.17185587,0.28982148,0.16386494,0.2055746,0.5062306,0.2560768,0.43206957,0.14041512,0.40038246,0.4626062,0.19910204,0.2867372,0.15714198,0.05171344,0.47582492,0.389258,0.35252136,0.085864864,0.099724,0.44084424,0.29576194,0.6562928,0.18560365,0.23350869,0.13886955,0.41255686,0.4750158,0.32607034,0.3154624,0.05615559,0.3516286,0.59898466,0.9131892,0.074438,0.04375811,0.25739598,0.23512863,0.2008359,0.51562357,0.20210089,0.012745171,0.39042306,0.42124742,0.19286692,0.36381856,0.25604048,0.16171132,0.68719524,0.38169873,0.0837902,0.5162951,0.3495819,0.46581957,0.32727244,0.061682474,0.40158886,0.20723271,0.62768704,0.3177967,0.056753106,0.23036036,0.36073947,0.44242716,0.14204973,0.8912993,0.14667407,0.15096863,0.20108898,0.19511908,0.20050502,0.06506715,0.043971237,0.21978512,0.08806988,0.594595,0.6920804,0.24057266,0.2647908,0.2402766,0.2531746,0.29949227,0.120704286,0.17251551,0.09705627,0.17446652,0.12503216,0.612024,0.12901066,0.42752263,0.12948577,0.7845019,0.31061834,0.51873803,0.19193582,0.13147178,0.27440038,0.18527406,0.35448822,0.7840924,0.17544013,0.77996254,0.0029567408,0.13063161,0.16364583,0.3255308,0.15067545,0.2583926,0.10348439,0.5333932,0.7202985,0.19073907,0.3522399,0.016532395,0.15651727,0.28686267,0.34351802,0.32378995,0.32420594,0.2103983,0.13704182,0.15804458,0.045946114,0.07196422,0.08677722,0.23495038,0.020713896,0.1407182,0.12028186,0.5474303,0.2413407,0.34745142,0.105721705,0.46153304,0.32944608,0.19112325,0.19639279,0.026690463,0.6986648,0.15020932,0.07973844,0.65590316,0.1299879,0.14237268,0.6026582,0.23615588,0.48325658,0.05718616,0.24221309,0.65224576,0.03841704,0.3988195,0.25143594,0.20767936,0.12558149,0.53265613,0.38168654,0.68396217,0.35864088,0.44457537,0.49621373,0.25434357,0.1404781,0.13496651,0.15963152,0.06998294,0.06721228,0.10543597,0.3607471,0.1102777,0.2157968,0.28991506,0.4829399,0.3683442,0.5576614,0.12614465,0.24938181,0.578784,0.13645571,0.86876553,0.26749396,0.40973938,0.38571566,0.08121917,0.120344415,0.17371649,0.4810299,0.30595392,0.10726466,0.13236284,0.62504804,0.2389571,0.52397364,0.6148799,0.40008613,0.18806309,0.56327605,0.18534604,0.24278644,0.1537865,0.2836555,0.38635433,0.006320297,0.46977636,0.21033938,0.13538833,0.029849708,0.47147337,0.5739744,0.16707252,0.78577715,1.2648213,0.3832721,0.46133772,0.19348553,0.6398575,0.17903222,0.28929478,0.1509488,0.7637154,0.71304554,0.30218807,0.047913846,0.23902866,0.14009671,0.13341634,0.35701588,0.04413943,0.38320306,0.9244617,0.2435177,0.33669063,0.24301386,0.89325297,0.60780346,0.6189854,0.57214403,0.89093727,0.13356826,0.5777248,0.12098072,0.35445893,0.348328,0.25081027,0.37776864,0.49952883,0.23050869,0.25468373,0.020685874,0.4561745,0.31708878,0.35292745,0.025073433,0.056114268,0.028107721,0.15589075,0.41654995,0.41515955,0.15826562,0.5983149,0.09219171,0.10892823,0.19452447,0.05836941,0.1911434,0.2552617,0.2938956,0.39032418,0.8538987,0.41080162,0.0901407,0.41018623,0.000201466,0.16169694,0.59342,0.10626661,0.28780437,0.18818893,0.23229963,0.5321898,0.07725258,0.044660963,0.5929501,0.18966502,0.28573292,0.3647501,0.09576163,0.47557655,0.55542874,0.28444666,1.1789697,0.13570541,0.29385877,0.094486326,0.851915,0.25424498,1.1384697,0.19779828,0.33913606,0.12908716,0.071932696,0.32532257,0.3708154,0.18881133,0.39626995,0.12419419,0.11033808,0.19760515,0.67297786,0.26582146,0.39726448,0.19513795,0.10163841,0.072254896,0.12123277,0.35877213,0.9287741,0.37039363,0.13503246,0.14437513,0.38683784,0.69142467,0.13045637,0.15301171,0.62384254,0.1931799,0.08652663,0.5202166,0.070581354,0.29036233,0.23593456,0.041757517,1.0101314,0.10367116,0.60836697,0.2147447,0.1382992,0.17472641,0.26089555,0.22384895,0.27682504,0.36414394,0.056917503,0.51421535,0.81188977,0.42589426,0.3724415,0.8169571,0.3930896,0.6178491,0.45077693,0.23701864,0.3615442,0.30135065,0.14810601,0.18662539,0.04488658,0.067046255,0.6218567,0.60169685,0.6481956,0.11593612,0.12683062,0.5679034,0.74134135,0.42824507,0.82033885,0.6816603,0.15539359,0.037023764,0.25929314,0.19780314,0.3911955,0.4483924,0.48903957,0.04747489,0.21718383,0.06657882,0.15077387,0.41585195,0.2941941,0.25403178,0.06023249,0.031221543,0.0955883,0.053248003,0.30777496,0.93520814,1.0390121,0.022780512,0.41237503,0.057036903,0.44492912,0.238431,0.10612056,0.32731378,0.066181555,0.26915312,0.9015012,0.5099576,0.32854682,0.18759519,0.6138134,0.18778719,0.70708215,0.3111748,0.3286786,0.40319276,0.21234675,0.3411592,0.6196491,0.124775454,0.32210854,0.6167167,0.44719166,0.51866704,0.63712454,0.6447495,0.4637126,0.05059176,0.027699532,0.8075848,0.7630886,0.29550993,0.32837436,1.1006055,0.23642834,0.16986424,0.21020728,0.7130255,0.32809538,0.032670893,0.18805668,0.77848244,0.49651378,0.2480011,0.1376815,0.9548358,0.10772314,0.34323856,0.014905667,0.30456877,0.3830937,0.99373597,0.48820394,0.21484886,0.025262635,0.5852733,0.22731856,0.12882322,0.2832278,0.3481009,0.47301114,0.41694635,0.16197652,0.048768137,0.7195637,0.29909283,0.33033317,0.34798142,0.11361902,0.04047661,1.0192152,1.1610875,0.22643656,0.061983876,0.56168866,0.5528748,0.055015653,1.3578992,0.43146747,0.2924078,0.11247443,0.1955591,0.1197031,0.08425645,0.012456962,0.3188623,0.19695911,0.30598733,1.2674694,0.33274505,0.6036744,0.33214587,0.20171994,0.23992762,0.26923537,0.081389315,0.15897328,0.89700806,0.17290094,0.47235355,0.3416424,0.07178074,0.0715168,0.0061867265,0.24443881,0.30716118,0.5509554,0.2808109,0.26547253,0.56922275,0.09429427,0.007887291,0.7109003,0.053939648,0.20856383,0.5228323,0.5680209,0.42555252,0.62907594,0.28892073,0.14268309,0.3073035,0.24226695,0.13217357,0.6954371,0.14052662,0.24648972,0.28866905,0.12108171,1.0354698,0.9918067,0.2699026,0.44703028,0.021699678,0.34648594,0.19955198,0.53030646,0.10684997,0.20926197,0.13483119,0.35067323,0.054806508,0.17032927,0.24879561,0.46524793,0.17915954,0.15801412,0.2798694,0.17372787,0.28710955,0.72022,0.6168984,0.4150152,0.3042147,0.18888596,0.4519133,0.02151121,0.1227191,0.44349372,0.56242067,0.1961298,0.22053657,0.12958923,0.21099038,0.24420547,0.17143603,0.26208442,0.092202514,0.3508744,0.109943114,0.45200568,0.025228161,0.12226778,0.40498474,0.24649738,0.1683043,0.19507587,0.43251383,0.04688412,0.17215094,0.5025183,0.35146278,0.26900524,0.2929671,0.5561181,0.19045109,0.3015536,0.20864642,0.4267536,0.13451955,0.5777401,0.15635023,0.017454822,0.2813124,0.20751314,0.22032772,0.5555139,0.34085366,0.16986495,0.17651173,0.24902025,0.40341735,0.24226509,0.5020928,0.046088643,0.3077345,0.4842838,0.089415446,0.00761309,0.58333904,0.450441,0.30231932,0.2114415,0.42037773,0.45710745,0.39284563,0.9497465,0.07038442,0.9082737,0.12648855,0.64975846,0.15487322,0.16249603,0.16749921,0.7973709,0.19723661,0.29237884,0.20070758,1.1477711,0.102802545,0.23861176,0.059308894,0.044431716,0.3149366,0.0015868432,0.52460575,0.086097226,0.6605729,0.2764058,0.25562707,0.44984552,0.77123225,0.4429835,0.2041643,0.20011252,0.22526641,0.5029083,0.81167364,0.037933074,0.03098981,0.09434222,0.67097074,0.54570836,0.7589172,0.23735526,0.80567026,0.16598117,0.48914695,0.018917182,0.34097418,0.055248857,0.3931784,0.51858807,0.08488147,0.35407224,0.17449844,0.63505185,0.63282466,0.2616356,0.17229763,1.1684673,0.4059438,0.37164173,0.17586324,0.41464317,0.41924983,0.3064743,0.22293176,0.56656337,0.41197193,0.027506344,0.30299377,0.27707207,0.3124347,0.10284902,0.45507616,0.33386475,0.71309817,0.058668725,0.1765362,0.27920815,0.20773241,0.18813194,0.075501785,0.30168802,0.20737742,0.10185742,0.2979416,0.068432674,0.15863183,0.041376308,0.16627723,0.084685355,0.29274428,0.79869676,0.11044042,0.43531254,0.19127156,0.47150043,0.024736883,0.22928609,0.114589654,0.56050396,0.2226387,0.5844909,0.33507162,0.32786816,0.6348759,0.0068949023,0.39355344,0.27076024,0.12510762,0.070501946,0.38099575,0.06342672,0.3006035,0.7690772,0.12350938,0.5083003,0.29552004,0.2322303,0.15236923,0.15591598,0.65597355,0.17346701,0.05288855,0.14193031,0.120233655,0.13794434,0.24023598,0.67598015,0.14630546,0.34474444,0.16413806,0.04188183,0.54705495,0.1541396,0.26319528,0.11330353,0.025348218,0.24403419,0.09082673,0.045412615,0.12833902,0.1354095,0.23494454,0.12701075,0.7294259,0.33078527,0.18915875,0.29088902,0.09502664,0.41703373,0.058061343,0.29276836,0.4735698,0.18517189,0.04402829,0.28876796,0.07770102,0.6042119,0.06058839,0.31130743,0.13041596,0.026938494,1.0473783,0.23821662,0.023643294,0.09666273,0.012485938,0.47883287,0.16537708,0.62594783,0.56796694,0.65321237,0.079461195,0.11892587,0.10518714,0.058794472,0.41274732,0.028302815,0.15269178,0.25151727,0.28320718,0.5551561,0.24304023,0.055967517,0.82014513,0.29795825,0.31407672,0.21953487,0.08892837,0.017188568,0.29246274,0.06278765,0.3792046,0.20028442,0.60086846,0.070881106,0.10816714,0.6142312,0.107369885,0.1661175,0.58154774,0.32112744,0.18818907,0.99320173,0.42980692,0.43772614,0.41010922,0.22327822,0.5005023,0.32382765,0.6223444,0.57093394,0.48645037,0.41309354,0.20523803,0.1467146,0.4885335,0.2528461,0.49106428,0.06854074,0.6173576,0.6406317,0.8186147,0.082843974,0.052489378,0.38539493,0.11762819,0.08603695,0.7479341,0.31838077,0.22423789,0.8458031,0.57080543,1.0850985,0.9373362,0.14814486,0.01222515,0.10921495,0.40021253,0.78497535,0.17776912,0.15958863,0.311354,0.5150542,0.2901046,1.2264935,0.39760056,0.31751072,0.16477184,0.46222442,0.09828063,0.15890081,0.13304,0.4868378,0.86241853,0.11320096,0.45988098,0.37273073,0.6187916,0.15609443,0.10091455,0.7293151,0.35779402,0.50924635,1.5069597,0.043721464,0.29115903,0.081361786,0.14098167,0.104464,0.01681016,0.24106395,0.6321515,0.5929152,0.24948642,0.39822105,0.0,0.15863137,0.36648443,0.6286335,0.0004238608,0.10065799,0.13255267,0.13024256,0.12369737,0.32911992,0.24789195,0.07868305,0.14572151,0.41960973,0.075157434,0.01713473,0.04194645,0.09997967,0.27604413,0.18751062,0.23684454,0.09984009,0.58262086,0.95514214,0.9219609,0.31550008,0.33750555,0.39153227,0.3037561,0.16989422,1.0057393,0.07079378,0.020030236,1.1864612,0.18517289,0.86806077,0.27163517,0.45184186,0.9902967,0.02526053,0.16971031,0.11699473,0.0,0.7109168,0.28113273,0.37615657,0.963532,0.020508148,0.8168537,0.32415757,0.25826067,0.28531122,0.32204497,0.598999,0.79421973,0.50583565,0.27053887,0.3166118,0.6020169,0.11485343,0.08041301,0.7708138,0.97425556,0.19571246,0.038513754,0.32057664,0.9228678,0.0,0.19210526,0.012052434,0.7913057,0.13216406,0.35824865,0.5391065,0.08641448,0.079901814,0.4434857,0.116615236,1.3282099,0.25544545,1.5172576,0.16645509,0.060036153,0.056526694,0.34960318,0.42689997,0.12002329,0.49548432,0.056312393,0.1433618,0.17888746,0.45902926,0.55555403,0.31346044,0.35803187,0.37078178,0.0024704156,0.026805554,0.79957634,0.043259725,0.53382695,1.2668643,0.23175952,0.26169753,1.4962676,0.86606765,0.18942931,1.0162697,0.87676245,0.07562077,0.4899583,0.41339245,0.3575275,0.22307228,0.03274642,0.9110146,0.0038086227,0.4165175,0.2859142,0.47575402,0.6769546,0.43932527,0.043297123,0.88315904,0.17550936,0.38376272,0.06331463,0.5575772,0.5867156,0.5934804,0.31829804,0.4505461,0.15424582,0.15740249,0.57936037,0.06598281,0.4338969,0.88459027,0.43344286,0.1310345,0.6191685,1.1969117,0.07619459,0.60151523,0.18635169,0.20097525,0.288003,0.14178453,0.51472396,0.8062742,0.48693383,0.42557514,0.43067414,0.1047358,0.15415125,0.33716607,0.33239052,0.0,0.9497236,0.30150288,0.0046707876,0.6287756,0.1551368,0.0006774967,0.099483006,0.0,0.42116523,0.22482306,0.45962706,0.27597904,0.7034295,0.48884588,0.36148947,1.0162158,0.45042127,1.0372281,0.8744252,0.72501206,0.717536,0.24285881,0.09668028,0.87027013,0.11841878,0.024458451,0.38291833,1.278863,0.28228235,0.2829802,0.33197844,0.15132079,0.24026585,0.3589521,0.3352219,0.60387033,0.6559782,0.17070892,0.4701192,0.82099915,0.063359916,0.841484,0.21068859,0.5061929,0.3744247,0.27772915,0.32240865,0.2941584,0.51192206,0.056509595,0.036757458,0.1273514,1.0554978,0.1653284,0.23572716,0.09822656,0.66934395,1.0868202,0.07109926,0.30715498,0.1765712,0.16598487,0.328574,0.89706594,0.44701755,0.12115218,0.8137559,0.20119053,0.033771127,0.5263734,0.6657685,0.6744288,0.7365999,0.1664902,0.6217859,0.063623354,0.49765489,0.09538738,0.20178252,0.27991185,0.17950231,0.0,0.2021392,0.5832572,0.26049626,0.31023818,0.97370756,0.9228634,0.6146065,0.24341011,0.19630834,1.2041602,0.07843864,0.29259416,0.51170284,0.49832436,0.29167506,0.5663145,0.18135516,0.45151645,0.3300721,0.6772316,0.2049101,0.79116523,0.3536514,0.3948163,0.03593439,0.007586752,0.95422673,0.561295,0.27169454,0.058741383,0.048337888,0.42631355,0.43815243,0.6307384,0.19708806,0.50080955,0.405436,0.48215735,0.11087105,0.16501172,0.40153453,0.08346,0.3699301,0.061129436,0.468966,0.51888204,0.23291449,0.013461887,0.21356113,1.001874,0.3803259,0.31360817,0.30383563,0.18624154,0.4888646,0.4685137,0.4101628,0.8026741,0.41511407,0.16371399,0.74263775,0.2810003,0.33364576,0.49321815,0.36046484,0.2298975,0.0732052,0.07758281,0.32336634,0.31645584,0.04346767,0.5835844,0.062423024,0.57562566,0.43805742,0.810771,0.30941835,0.324714,0.557807,0.58942306,0.7496985,0.40150252,0.45882854,0.07045678,0.03352339,0.458442,0.20910281,0.2424318,0.76975334,0.80010724,0.26235008,0.46466,0.3753309,0.0,0.123544045,0.7619021,0.27680135,0.02102234,0.00023773746,0.7906508,0.088746056,0.02798842,0.15142341,0.13890925,0.008883137,0.10424991,0.041430715,0.09218554,0.2622131,0.36472356,0.88321924,0.44364333,0.27952188,1.2870221,0.012444928,1.0607951,1.3836854,0.6583016,0.26415786,0.75593954,0.8428441,0.20341593,0.041587703,0.8396574,0.13549903,0.29542428,0.0793898,0.49204296,0.6685221,0.39211732,0.8155395,0.16260035,0.10515716,0.15164725,0.2539872,0.5523845,0.74877656,0.12331459,0.06449619,0.33269927,0.56731856,0.08365786,0.63794994,0.15077513,0.016273797,0.44988543,0.12924266,0.19079486,0.07876789,1.1193173,0.43240452,0.40845034,0.15485223,0.00029674463,0.13057303,0.046473596,1.16532,0.028073581,0.20020962,0.13436998,0.67121375,0.2812745,0.24760884,0.42090964,0.5810566,0.8475021,0.03711389,0.3700236,0.051249363,0.12969711,0.7187003,0.5569186,0.18082099,0.80805063,0.056148168,0.07267943,0.503855,0.33653653,0.47310627,0.80175334,0.5203627,0.6255147,0.6033119,0.08337658,0.05688788,0.738116,0.9707129,0.0024486214,0.20574024,0.3750564,0.24596308,0.14288335,0.41092864,0.6288417,0.11861125,0.0,0.6032071,0.45327553,0.44290182,0.51260877,0.7059252,0.30045033,0.57218677,1.2258009,0.30340979,0.9969125,0.91374755,0.54037225,0.41204292,0.7280212,1.1821318,0.44116497,0.104201764,0.6614132,0.54899406,0.32765836,0.07323909,0.38576177,0.09357176,0.17079926,0.9286636,0.14075233,0.7197522,0.7330506,0.07781101,0.12161793,1.1455519,0.46612146,0.26663437,0.37328303,0.23619857,0.3208289,0.37889832,0.1912221,0.3450432,0.96685064,0.058936372,0.16757283,0.3625397,0.68339884,0.13665171,0.11982668,0.66374123,0.78251696,0.07137428,0.026741143,0.5541334,0.42802668,0.01738145,0.3657074,0.331257,0.7705238,0.41205212,1.4231793,0.5073714,0.013002351,0.3372348,0.5794752,0.08408866,0.58304363,0.118919596,0.2026178,0.12013406,0.46268958,0.6206361,0.40458512,0.8872487,0.4623108,0.39577615,0.035951722,0.5404028,0.6127641,0.34935552,0.9586255,0.8614175,0.074550286,0.7189406,0.5098286,0.4208323,0.20968702,0.35459292,0.5581409,0.1997366,0.8888378,0.19203883,0.52453256,0.17247973,0.12659739,0.7117792,0.3810195,0.37157547,0.45071757,0.109066516,0.21941303,0.26375455,0.8457123,0.57114744,0.9667443,0.22461362,0.4515795,0.11357187,0.07320887,0.46683016,0.28750774,0.56762064,0.80359036,0.8181203,0.4431719,0.1840893,0.9334122,0.4797165,0.32174093,0.13903639,0.5420359,0.90311754,0.73402625,0.43074206,0.23870584,0.1675025,0.13641363,0.076625645,1.2273288,0.27296603,0.28059244,0.71418905,0.08902494,0.08330108,1.1545036,0.17525706,0.46427572,0.5581765,0.7484344,0.15951337,1.016498,0.16890901,0.5651219,0.28093922,0.056764908,0.07334407,0.051070534,0.3278718,0.45442498,0.013883755,0.016988806,0.50731206,0.09156902,0.37027836,0.25466943,0.17281899,0.19103633,1.1045187,0.5330839,0.20721182,0.4333434,0.8986896,0.34532502,0.3035857,0.96239024,0.3517823,1.0058525,0.36377874,0.4640283,0.6575389,0.16571471,0.44158036,0.3692317,0.21283269,0.149215,0.013555655,0.115116306,0.2172897,0.46414328,0.09622285,0.44714972,0.113701135,0.10948207,0.019189056,0.15512136,0.08848475,0.060586333,0.59854877,1.1245832,0.5696975,0.31858498,0.3292593,0.84503007,0.20145722,0.030802025,0.31909084,0.27829736,0.47729987,0.5819547,0.18120706,0.4057149,0.38560393,0.6710557,0.5722519,0.034874346,0.026853086,0.19793764,0.08830931,0.5273158,0.16514891,0.24445683,1.0228262,0.84648025,0.31827223,0.56481683,0.27328795,0.010751181,0.018936234,0.41577518,0.6180523,0.012421129,0.38887268,0.5286937,0.14726672,0.3958418,0.47664657,0.028311707,1.3142503,0.8132565,0.09453696,0.66907823,0.18853188,0.2954233,0.09008,0.9928458,0.14422673,1.1077683,0.1019322,0.35118228,0.36536023,0.03576043,0.09246004,0.4799912,0.53524655,1.3406599,0.13705938,0.51788557,0.09346415,0.6198796,0.25142744,0.20229486,0.15032257,0.5873678,0.5489943,0.5704237,0.48899025,0.9786915,1.1607616,0.8157995,0.6255264,0.2230869,0.20877007,0.26548764,0.30379185,0.4146215,0.1495978,0.04101786,1.1512098,0.72420526,0.02680698,0.18680432,0.77204275,0.076569945,0.91732,0.3434784,0.35597312,0.044162102,0.3870798,0.6390619,0.7737683,1.275844,0.0116882045,0.39436415,0.20225808,0.22122782,0.30698603,0.31452554,1.4907393,1.7218049,0.39672303,0.2627389,0.08010554,0.93557256,0.6055459,0.8043292,0.24213132,1.8968292,0.09070024,1.2026649,0.29834285,1.1060007,0.33913797,1.1959046,0.26598984,0.72363317,0.1607762,0.11164953,0.020266972,0.1588846,0.4430185,1.7648113,1.2366341,0.42552456,0.2006791,0.04841506,0.31979644,0.45483097,0.12857957,0.61679816,0.62587565,0.4241016,0.7661876,0.24026364,0.32918787,0.25277478,1.033359,0.042853974,1.012974,1.039676,0.5898446,0.7659022,0.7473066,0.09487132,0.5107445,0.13567464,0.6970045,0.6621823,0.5207392,0.23460372,0.5221858,1.0961283,0.32684737,0.20927703,0.6476493,0.24981946,0.16803204,0.0008338165,0.77389026,0.45066103,0.712242,0.49782908,0.51692,0.28455713,0.57136536,0.27887085,0.83492285,0.090378396,0.22463861,1.0432438,0.64357966,0.2763319,1.4259367,0.37034923,0.37702218,0.06431049,0.051842038,1.0877222,0.040495086,0.4923759,0.05328673,0.07010633,0.5631672,0.49936178,0.7153671,0.82400554,0.37222445,0.9752661,0.47241983,0.23699874,1.3381351,0.80584514,0.91258657,0.6038026,0.1814314,0.7750126,0.122842535,0.67488563,0.71368396,0.81998885,0.0,1.4986273,0.062918924,0.33415034,0.046167094,0.8157414,0.24105918,0.13874015,0.058192417,0.25011066,0.24597666,0.31326556,0.13824221,0.22507888,1.0744892,0.14603099,0.9398346,0.4759412,0.63644147,0.5370786,0.7776611,0.32208526,0.7852867,1.8525641,1.2313104,0.62603605,0.4301792,0.83053696,1.1244239,0.12835178,1.3823519,1.5303957,0.42445856,0.24630316,0.04816964,0.4764737,0.085391745,0.36923885,0.08893444,0.6140629,0.013700016,0.40893927,0.1537138,0.4387404,0.2644112,1.7551289,0.4106828,0.2242363,0.33215767,0.22246957,0.6270567,0.450036,0.37137222,0.17716867
0.50453866,0.14694369,0.026799787,0.10038133,0.32768804,0.67430055,0.40769863,0.17306495,0.24910754,0.24550419,0.29778636,0.09881137,0.26265216,0.1475645,0.20530894,0.21960028,0.45534155,0.49912703,0.44230682,0.75265527,0.52104497,0.28843766,0.40504545,0.1645942,0.31839243,0.1101045,1.3838575,0.27972525,0.2587037,0.63695943,0.35609865,0.67574847,0.51169044,0.3901618,0.07928272,0.27677643,0.4349385,0.7344957,0.33768454,0.15773861,0.5313925,0.056261852,0.055359505,0.08183831,0.74062634,0.015755894,0.28926066,0.11684184,0.3382751,0.26877248,0.07827247,0.11075857,0.51155597,0.17968942,0.31666243,0.4216513,0.6219421,0.22327447,0.65999675,0.7542974,0.6774126,0.12908897,0.55225617,0.43027836,0.21772432,0.20962092,0.23558818,0.06505432,0.17347002,0.021210078,0.45410416,0.71493924,0.35161617,0.0018140074,0.26865217,0.27119303,0.28843242,0.1721415,0.47116268,0.076731846,0.19236702,0.63788307,0.11648569,0.4754041,0.4542979,0.20773876,0.3357371,0.4044655,0.2010422,0.4043046,0.16669698,0.6593266,0.37499845,0.8799413,0.41492966,0.10987188,0.24670026,0.01211256,0.2650474,0.7457252,1.0547134,1.0591359,0.5385424,0.15762606,0.7274443,0.4747924,0.24012564,0.5728372,0.30504438,0.25859943,0.15960316,0.15912019,0.34046608,0.2031565,0.38645765,0.28717968,0.29041025,0.5436903,0.85485435,0.43366557,0.26860598,0.7542558,0.21297508,0.280338,0.044356965,0.31405565,0.05668553,0.1362646,0.08702434,0.13286789,0.2179395,0.5030114,0.26708102,0.28542173,0.7607422,0.22871424,0.41705984,0.5925528,0.17245226,0.1429443,0.2715667,1.3784125,0.05235684,0.45276904,0.18685031,0.5189096,0.48556116,0.5565989,0.7168572,0.040181443,0.2802808,0.16594842,0.22583973,0.8920717,0.4831329,0.58088094,0.29432577,0.21012717,0.5728878,0.6115365,0.6214148,0.42431423,0.68808603,0.39714032,0.18455712,0.20068148,0.09157949,0.35444227,0.2749604,0.13357951,0.04222009,0.7942805,0.6620324,0.32305396,0.3068403,0.31535387,0.22372836,0.32748282,0.497525,0.2396903,0.32179502,1.1814954,0.26393306,0.11728042,0.2326841,0.44037157,0.52610755,0.12616551,0.512002,0.5302103,0.12905414,0.14591184,0.35744676,0.3458527,0.43478665,0.054414283,0.44364262,0.041997112,0.5428069,0.1330937,0.059778027,0.093594104,0.12414885,0.4125331,0.22018057,0.16885045,0.25941885,0.2584564,0.9152838,0.5253711,0.033850607,0.21024506,0.050421648,1.7460258,0.53446966,1.1632859,0.9269634,0.07451417,0.69390416,0.20312017,0.9640188,0.59374774,0.026544303,0.40541795,0.52598804,0.45057634,0.43304142,0.20701468,0.7092682,0.26343697,0.018974923,0.43524182,0.3244468,0.121330515,0.10812463,0.15381992,0.076868914,0.22143917,0.013907307,0.80012476,0.17667842,0.45652026,0.31440407,0.53353304,0.09344803,0.32931584,0.20325159,0.08847006,0.030887008,0.8429532,0.29462638,0.21654159,0.079172626,0.22046629,0.266604,0.1729482,0.05499091,0.13704242,0.06981883,0.14311977,0.41559488,0.34381777,0.36916426,0.45529997,0.17493773,0.32061046,0.62561536,0.15089157,0.8202784,0.019408276,0.297189,0.14757943,0.26667368,0.05612118,0.38352406,1.2752175,0.15578654,0.39646974,0.48383194,0.16227959,0.4903107,0.1844946,0.5084002,0.19602978,1.4207512,0.25930688,0.5703716,0.26900718,0.18695696,0.37364334,0.5196124,0.62130445,0.23674409,0.5632458,0.083621606,0.34435365,0.4426064,0.09095375,0.33481437,0.14689052,0.28972793,0.3582837,0.19320096,0.29509157,0.2523551,0.08105938,0.25061473,0.33636698,0.34937784,0.15426442,0.26828545,0.10660785,0.12928677,0.89984107,0.40124908,0.23015507,0.1454572,0.21627185,0.374316,0.29993033,0.25041744,0.086377144,0.2487413,0.28392822,0.4322185,0.11954522,0.019690856,0.28816998,0.18969636,0.07391606,0.34351096,0.21941274,0.0007956131,0.33775002,0.43513232,0.0759249,0.35386357,0.27892977,0.17593393,0.29821867,0.27410123,0.25453213,0.31040734,0.18420655,0.18146765,0.23405337,0.009031369,0.22661874,0.11767071,0.39155918,0.28304523,0.14963682,0.15629046,0.3302292,0.3479835,0.13593331,0.6927216,0.086408466,0.06282982,0.08765979,0.36759743,0.1753049,0.083853856,0.08602244,0.1946159,0.056486573,0.2771762,0.5149596,0.21942326,0.3126298,0.24965972,0.06083201,0.22334911,0.2555744,0.09270899,0.036202647,0.16567233,0.11062118,0.5789087,0.089615,0.30840135,0.056307442,0.5181966,0.2444012,0.16810133,0.23157138,0.40891227,0.12260679,0.56717896,0.2129614,0.50448745,0.076337256,0.49520904,0.066008896,0.1237022,0.17308196,0.377252,0.061116926,0.40036607,0.023258913,0.21379478,0.42022738,0.07509987,0.3266515,0.035319727,0.32580006,0.06693555,0.2808773,0.40630326,0.103224546,0.25853252,0.1150386,0.2906201,0.18635869,0.048979778,0.24499252,0.26315472,0.05423846,0.09572146,0.08338635,0.16798335,0.30893886,0.2977138,0.09285882,0.42569852,0.21904776,0.24529439,0.21101873,0.026445521,0.4345466,0.13091002,0.14312431,0.5787108,0.19168238,0.14879361,0.4154017,0.12301007,0.43287596,0.058685094,0.31409222,0.4249062,0.08195895,0.07346143,0.30740988,0.11997529,0.17792441,0.35704365,0.4080198,0.2707231,0.52935165,0.31081304,0.3449157,0.33590275,0.28156987,0.10438767,0.10278944,0.32360026,0.059098087,0.15158421,0.18067795,0.08092441,0.19119084,0.35418934,0.91667104,0.3135636,0.40053573,0.0583898,0.12789756,0.1958118,0.1735788,0.4141133,0.1370842,0.3095872,0.3003677,0.070489414,0.35743406,0.07504628,0.17879799,0.15621239,0.056540728,0.16620636,0.31179816,0.07337723,0.30027792,0.36859643,0.41475457,0.0741055,0.4022121,0.31062973,0.17859992,0.020265255,0.17209579,0.3907634,0.00022367194,0.05765662,0.38211516,0.08910353,0.25989598,0.36854967,0.29403767,0.0777626,0.39918315,0.80619776,0.4419004,0.35495073,0.1911648,0.61048114,0.10628466,0.5241143,0.15060058,0.5498198,0.41926315,0.1748932,0.004509044,0.16910014,0.07683484,0.06279266,0.33443743,0.17305093,0.30702844,0.77987933,0.60462755,0.276957,0.15979098,0.54975504,0.5410545,0.44545585,0.31064123,0.5916754,0.16417128,0.2533443,0.11815542,0.29881817,0.27554116,0.14534707,0.23024353,0.56670904,0.13491893,0.2256926,0.15158606,0.28117657,0.3581317,0.17945433,0.067522526,0.035092063,0.09751498,0.10944979,0.12852362,0.16636354,0.07993931,0.37772143,0.072906174,0.1329774,0.1778445,0.048384696,0.078672856,0.151788,0.13054799,0.19078794,1.1677318,0.15142411,0.053595144,0.21037203,0.13161434,0.24196316,0.36969775,0.106229454,0.0976359,0.10929036,0.16247228,0.29491648,0.05595222,0.18050982,0.3103509,0.15451191,0.14651503,0.3353571,0.17677459,0.2229351,0.19649398,0.12858596,0.5647079,0.13615553,0.23389518,0.08109363,0.55474114,0.14806691,0.6610495,0.136046,0.32335532,0.064547785,0.13074619,0.35563594,0.38095915,0.20324421,0.10804176,0.14516981,0.25917456,0.08526832,0.45706686,0.1253824,0.39760888,0.06196241,0.045713857,0.08144359,0.107761405,0.37512395,1.8329012,0.20283821,0.107775696,0.11444986,0.34967744,0.34750885,0.16254938,0.15818292,0.81134033,0.26411393,0.0650118,0.3025884,0.22783911,0.4920366,0.22542478,0.065847516,0.81162107,0.08174771,0.30881178,0.08816135,0.07973371,0.32300028,0.022233728,0.2898598,0.28713995,0.44370246,0.08126862,0.18367136,0.42838728,0.42925727,0.12366389,0.3034458,0.24314472,0.22830638,0.46820337,0.21264482,0.114297464,0.43801293,0.07294508,0.028692419,0.068020955,0.1761898,0.58374166,0.19483669,0.36632633,0.12632316,0.16482134,0.35684556,0.44272453,0.35025436,0.51434976,0.39922398,0.16078477,0.11094424,0.25248277,0.079734296,0.2343673,0.20708123,0.32543364,0.042847745,0.18994442,0.045508824,0.16545583,0.036341958,0.05589097,0.21386027,0.028402586,0.046440482,0.055808373,0.1442075,0.102641836,0.65923303,0.68735874,0.083121374,0.05752736,0.1768573,0.2970027,0.11718832,0.02984491,0.17097926,0.05944145,0.2198886,1.1892184,0.43798319,0.10239597,0.043391846,0.31703752,0.24716555,0.18791038,0.040642396,0.42634308,0.2087786,0.13122225,0.100658126,0.28227013,0.21956503,0.33334437,0.6277988,0.17082776,0.14505213,0.33821908,0.13329914,0.38010377,0.018937774,0.1745489,0.22623013,0.51839864,0.22567782,0.36483282,1.0482335,0.09183091,0.09226993,0.31878898,0.7917978,0.25226644,0.07811862,0.29807565,0.6792284,0.23517336,0.2349686,0.04444147,0.5796596,0.05494045,0.36141086,0.034816675,0.23171192,0.17260295,0.3690446,0.35996464,0.2653435,0.017512131,0.33409578,0.208693,0.14952657,0.3938288,0.30749878,0.25042605,0.506878,0.055017494,0.10958381,0.470573,0.16090806,0.21561548,0.19768159,0.11743456,0.05488105,0.63179255,1.0113626,0.043934163,0.1362449,0.16922474,0.34929752,0.13730189,0.63938725,0.58086807,0.05988337,0.21195254,0.17703268,0.07533408,0.052899346,0.026943792,0.22357169,0.20283365,0.04309165,0.48651105,0.40154755,0.39406598,0.09268525,0.120325424,0.38758594,0.02260314,0.07774978,0.12482419,0.43165582,0.3100996,0.15770435,0.3927858,0.08512275,0.2600979,0.14318371,0.15999767,0.3019834,0.43324244,0.20712088,0.33939314,0.39075685,0.067436844,0.031400833,0.32153907,0.033956055,0.11900061,0.5427544,0.30146837,0.12268569,0.6025928,0.13406232,0.23943017,0.11610517,0.13148218,0.04534339,0.3565157,0.12389912,0.16013548,0.24428481,0.057348184,0.61110556,0.39301044,0.12601602,0.38858292,0.129991,0.2905287,0.09950462,0.28552738,0.11052594,0.06158469,0.2965036,0.051930122,0.04254254,0.233375,0.2306712,0.4353468,0.060124505,0.010269577,0.58191407,0.097321935,0.3732593,0.631878,0.35131446,0.2610952,0.1395497,0.14504834,0.4539129,0.08272256,0.054468915,0.27436027,0.35085702,0.12894642,0.28844118,0.057834655,0.26896894,0.36917108,0.04698122,0.28245556,0.13077024,0.30311787,0.20709006,0.44816357,0.09821637,0.08670858,0.22655219,0.0906907,0.09662183,0.17973733,0.1517496,0.056477685,0.033728153,0.47813872,0.2315756,0.1027136,0.26432833,0.20030539,0.084759444,0.13183951,0.2699169,0.22350736,0.20799257,0.5917517,0.110380724,0.0788116,0.101711646,0.11885874,0.19239476,0.23756602,0.14845365,0.13550034,0.3090467,0.12396529,0.110561885,0.11646913,0.27251977,0.035501532,0.26945508,0.1967903,0.016542785,0.04175271,0.20314595,0.42660573,0.13526706,0.17777857,0.45063543,0.35629588,0.14051646,0.5758224,0.11802454,0.31738195,0.13665567,0.24298997,0.091504835,0.12006578,0.0955322,0.17758033,0.1552662,0.31913564,0.30972496,0.81214285,0.0811325,0.19791906,0.024120376,0.15427911,0.22405267,0.023206351,0.55183065,0.13051659,0.29027766,0.21781553,0.066365495,0.22957334,0.34632462,0.42057812,0.12293802,0.04329201,0.31732732,0.3942391,0.53171736,0.2473585,0.16382946,0.2660076,0.85338426,0.452341,0.37686008,0.24994773,0.510565,0.05948686,0.778209,0.06362288,0.21328735,0.07338782,0.5447053,0.24746777,0.22642829,0.25451338,0.08543267,0.45404476,0.26360476,0.13845277,0.3330629,0.7562812,0.33808163,0.6634378,0.21694702,0.36618632,0.099990666,0.20526388,0.17892246,0.3479156,0.35104027,0.040285625,0.2898811,0.3524691,0.582924,0.13114744,0.21347933,0.2187272,0.79942906,0.07228319,0.34136027,0.16713983,0.13603586,0.22430992,0.086123616,0.1524269,0.15146698,0.06651308,0.08362398,0.047668926,0.08240514,0.012352202,0.13058653,0.07130073,0.48461634,0.743867,0.14033316,0.19228989,0.14768173,0.37378263,0.100012764,0.34534675,0.0801031,0.36781996,0.16653857,0.16530937,0.5173856,0.45071125,0.32405734,0.049589463,0.35199112,0.17321976,0.06474843,0.07291465,0.3643649,0.07459157,0.24456841,0.6626322,0.11963316,0.2790094,0.2031121,0.17107445,0.22735643,0.05602912,0.5238131,0.12938514,0.26209664,0.18067536,0.22640121,0.16967547,0.23482147,0.43613017,0.13884342,0.26930362,0.10896286,0.025573019,0.42128438,0.12170259,0.14296119,0.18167607,0.293581,0.4784757,0.099452086,0.1745086,0.083456315,0.09301104,0.06425234,0.22909552,0.19612435,0.21235985,0.2853694,0.2938535,0.0988671,0.24967012,0.040217083,0.28400475,0.15408982,0.22639434,0.1548908,0.31016228,0.00065731385,0.7987861,0.10660593,0.18306491,0.15555933,0.09826026,0.7266519,0.30990648,0.10886803,0.10071434,0.14203654,0.2770291,0.28542614,0.4801065,0.44535697,0.43285394,0.1062112,0.050814338,0.027188618,0.08590168,0.32576036,0.06133835,0.124129236,0.31712794,0.26986438,0.3481394,0.28556085,0.02039313,0.3258705,0.21792299,0.30991113,0.2682702,0.13964581,0.0050773495,0.1984124,0.008473683,0.2512253,0.027559632,0.9031628,0.34049335,0.07309054,0.95971215,0.047191225,0.15736794,0.46808374,0.17718539,0.30230153,1.2752984,0.3160479,0.25163013,0.43014222,0.2740048,0.8766104,0.5940339,0.38190466,0.67470527,0.23629406,0.4128226,0.28158802,0.12299682,0.3789091,0.11949453,0.17562358,0.017143749,0.84329903,0.6346889,0.60800165,0.21017118,0.022342125,0.7527697,0.34808835,0.03394585,1.0381043,0.6379718,0.114453755,0.68519056,0.3300516,0.71859145,0.97639143,0.044806264,0.043799877,0.46411228,0.23832566,0.9277419,0.012743574,0.099086575,0.37709686,0.426054,0.3369406,0.5612813,0.40620866,0.31803548,0.14733553,0.7402895,0.010609621,0.14134245,0.2887813,0.42379007,0.70939237,0.070248306,0.44039422,0.7699269,0.4707277,0.36563742,0.07707775,0.48816064,0.3044554,0.13046557,1.7931039,0.060893923,0.5886163,0.020175565,0.16061723,0.101430915,0.47175512,0.16485523,0.64053273,0.6522652,0.38282007,0.55102277,0.0032136473,0.11397496,0.3214583,0.76001203,0.044805236,0.15418762,0.1825045,0.032815292,0.1932626,0.33887014,0.4009012,0.2581755,0.19343941,0.44486895,0.032545604,0.07918657,0.12745523,0.17023027,0.2662102,0.16543686,0.29429936,0.2262728,0.6308421,1.1421804,0.99396574,0.15784147,0.21026382,1.0640514,0.3251313,0.34975213,0.91603166,0.02884798,0.08767764,0.79137367,0.07255589,0.85915285,0.06104233,0.7315129,1.126334,0.02508862,0.2316809,0.0017523475,0.011544488,0.6566967,0.22004156,0.6569675,1.0090885,0.028962554,0.52724385,0.4615003,0.27460182,0.47317764,0.17675777,0.36741698,0.81374395,0.34333074,0.24953787,0.6504156,0.5534994,0.26946464,0.12296065,0.4125871,1.1381278,0.20102167,0.01840211,0.6782068,0.91176045,0.007216816,0.38520694,0.02351255,1.1079204,0.18499684,0.5397645,0.1541812,0.16872679,0.14172018,0.39754146,0.06626206,1.4765475,0.28575262,1.6820146,0.3165608,0.17009318,0.11734614,0.4018139,0.61196774,0.06312304,0.50563574,0.08437723,0.37311286,0.18117048,0.7101618,0.70445096,0.5259051,0.26086378,0.5071862,0.053386915,0.19526066,0.78042674,0.0781057,0.34149954,1.7486012,0.22384426,0.5899743,0.84932125,0.6584003,0.041510265,1.0126342,0.7414212,0.016246015,0.83643115,0.16080125,0.6606332,0.55681956,0.08517784,1.0055455,0.04055637,0.26153803,0.16892782,0.74463075,0.65122455,0.68475825,0.2712409,1.23946,0.026115526,0.2490083,0.0009918138,0.5016028,0.71860844,0.7322717,0.53288037,0.15022708,0.22491753,0.07654122,0.5954734,0.06466405,0.26533368,1.0941362,1.142364,0.044192903,0.3600729,1.5148996,0.07510065,0.45546687,0.114615366,0.48246992,0.2894115,0.13721347,0.36808842,1.2857134,0.7021959,0.3303982,0.6154373,0.04740817,0.08113085,0.44310784,0.13750103,0.08151983,0.93825734,0.18708462,0.069364056,0.44855255,0.05461122,0.0067648822,0.16045025,0.009535382,0.25337857,0.36691612,0.20566957,0.2200504,0.52149105,0.3379382,0.34408835,1.0517435,0.4217559,0.9347452,0.7789447,0.44025108,0.7195578,0.3353112,0.08910109,0.8014481,0.099134736,0.025122482,0.27827367,1.2695422,0.24099468,0.10009344,0.20920418,0.2739302,0.09052504,0.72957563,0.3758327,0.6437788,0.6505419,0.16591795,0.38252085,0.6255272,0.034871668,0.7517574,0.15341301,0.1413696,0.41645193,0.6725484,0.21082135,0.19898298,0.77071035,0.22518988,0.28739214,0.30959547,1.1291919,0.2340507,0.36855096,0.10393546,0.652915,1.1701599,0.014207601,0.03765428,0.21388134,0.13336408,0.4433407,0.82676923,0.5114025,0.15306747,0.85023475,0.42927617,0.082186624,0.6043536,0.7003286,0.42974818,0.78766036,0.22513494,0.47739086,0.10817778,0.26605222,0.14278898,0.3043965,0.19066349,0.018764047,0.12251602,0.25535494,0.55209386,0.2186152,0.06908567,0.94944054,1.1044796,0.3901061,0.02214233,0.45373163,1.5595134,0.053653833,0.6515497,0.4811405,0.43897378,0.4302786,0.35696825,0.0006542767,0.1976088,0.55960953,0.9271567,0.10665394,1.7290231,0.15389802,0.074876696,0.18281327,0.21385363,0.6610501,0.20480838,0.44165158,0.015762474,0.07106379,0.28387526,0.32781285,0.50421846,0.47652322,0.6260319,0.58247554,0.4928558,0.23639275,0.06548794,0.35305107,0.08147995,0.5149081,0.042905442,0.35312206,0.56861234,0.19004789,0.09338562,0.09718362,1.1146231,0.18592665,0.3920035,0.16211781,0.18733951,0.4073614,0.42526418,0.3102162,0.53625464,0.15408361,0.06468501,0.71629417,0.0516077,0.22175553,0.35351956,0.5368799,0.13212606,0.30417836,0.08658008,0.20572054,0.26008224,0.09261659,0.3926734,0.012080608,0.53818005,0.27707458,0.4159439,0.38776526,0.44325888,0.72551703,0.64497685,0.21587694,0.46061042,0.6939831,0.12758957,0.027523518,0.41159236,0.32770398,0.29711545,0.6230011,0.66279876,0.35928917,0.3330943,0.075468935,0.041211322,0.211909,0.6132947,0.5544961,0.055104468,0.05663185,0.61256397,0.058659263,0.03244112,0.07353437,0.04325568,0.014939347,0.042602774,0.0,0.061052598,0.18558933,0.41830823,0.9398433,0.19185923,0.21352127,1.4058897,0.020779818,1.329598,1.1520658,0.6979512,0.2610564,0.5245223,0.4688902,0.4119494,0.0050666193,1.1819184,0.00044533957,0.64684194,0.36528417,0.36392316,0.9204293,0.6577896,0.87216115,0.32112873,0.057168793,0.05627349,0.18022436,0.58010554,0.49879405,0.2722944,0.10956895,0.285702,0.1454668,0.11048864,0.90869075,0.09912373,0.20281526,0.64083993,0.5876196,0.26839942,0.10402901,1.444056,0.3919456,0.22057943,0.42659128,0.0721293,0.0707486,0.050332937,0.90504456,0.062854335,0.12270201,0.39541662,0.5531994,0.21395192,0.14762607,0.34014434,0.48679408,0.9980017,0.034698524,0.14306524,0.19768146,0.085788846,0.7522669,0.76610935,0.3451934,0.9768035,0.06485471,0.11022988,0.48126033,0.64956146,0.21609248,0.6655375,0.52166784,0.30888778,0.6576746,0.04904329,0.062671974,0.5190839,0.7218332,0.0123641435,0.17041528,0.8191661,0.5508034,0.1532766,0.4932484,0.7964743,0.08323303,0.0,0.5697485,0.30953866,0.14849511,0.14621802,1.0119287,0.07311913,1.3189952,0.69583607,0.3932637,1.4300606,0.8420073,0.6048428,0.53573334,0.52333456,0.95684433,0.29375294,0.0057606185,0.5263722,0.6076789,0.079465955,0.24976419,0.69869316,0.4167716,0.19074492,1.15794,0.014000381,0.42288324,0.7894701,0.09567994,0.32188016,0.50094324,0.1422709,0.36875847,0.74093187,0.1655245,0.24264066,0.421217,0.122554556,0.19939275,0.4661393,0.087329604,0.06728748,0.41301304,0.5003637,0.5460114,0.2432538,0.75994664,0.5965203,0.07709007,0.008873859,0.63467836,0.37329188,0.26014245,0.15208139,0.204698,0.7754855,1.0316731,1.2645221,0.7041789,0.00729182,0.28091073,0.77898395,0.18502274,0.46877432,0.07844414,0.19755054,0.2255969,0.37114507,1.1060967,0.5631597,0.9000294,0.58599937,0.36770433,0.071062684,0.8067535,0.33254275,0.43715352,0.9144272,0.39392722,0.1712578,0.6295649,0.25278145,0.28164834,0.38463455,0.13446054,0.3894264,0.24005908,0.7832319,0.15332973,0.8577265,0.065885246,0.5940107,0.5766134,0.29834569,0.16964197,0.6958838,0.0809007,0.12144087,0.5731083,0.65139925,0.5745223,0.9386891,0.24447384,0.20495449,0.14318407,0.18337142,0.33080816,0.65627354,0.6383598,0.7134642,0.38661194,0.6143108,0.24430934,0.59227777,0.45884714,0.27124307,0.14646679,0.6498291,0.7805215,0.45436454,0.22250502,0.38255984,0.13681278,0.0969221,0.58672094,1.1778975,0.12749974,0.20298967,0.46839005,0.24633783,0.10190433,1.5129387,0.2542664,0.2773085,0.24402505,0.8235009,0.0253912,1.1096861,0.24282232,0.36280757,0.16273035,0.09811953,0.16994476,0.08313761,0.09433748,0.42932475,0.023635907,0.22245833,0.7256718,0.07137764,0.7875345,0.7335179,0.21082547,0.20304726,1.0076476,0.83841455,0.3228382,0.8268173,1.084702,0.2950135,0.17746282,0.6667416,0.39345264,1.2037601,0.39651167,0.16020784,0.9232746,0.28760457,0.5815065,0.43588352,0.13050361,0.06951895,0.30794716,0.29719305,0.056432173,0.4833082,0.18517756,0.5459595,0.16018653,0.31491816,0.2764145,0.4674161,0.06862238,0.03810026,0.47732705,1.0935353,0.7225619,0.45629656,0.18370828,0.7016866,0.26738968,0.034251098,0.39687377,0.12031632,0.5677589,0.55814916,0.28964123,0.38013685,0.42593318,0.65725017,0.4673308,0.13542165,0.14304817,0.15256202,0.13813706,0.585144,0.5339008,0.22309396,1.489025,0.7175853,0.21664447,0.24867082,0.2468331,0.0005277634,0.22559652,0.65210545,0.48024648,0.0030404984,0.47069263,0.2852891,0.19061394,0.38857412,0.52395415,0.027925808,1.3313245,0.8072886,0.11284292,0.9838852,0.09570055,0.28712827,0.34859627,0.9517082,0.043607,1.5503516,0.3309819,0.3502072,0.21163362,0.29487747,0.12355271,0.33276802,0.62453836,1.3590009,0.35470974,0.4389413,0.0097225355,0.32792658,0.35540757,0.121841066,0.23058376,0.48646444,0.24101256,0.123511285,0.33074576,0.71362954,0.88906956,1.1154126,0.39137542,0.21332721,0.16704433,0.06406755,0.47111833,0.44486204,0.03589828,0.24635375,1.054099,0.23586154,0.14101385,0.625017,0.90802777,0.121547356,0.6878012,0.29404014,0.4227013,0.25608754,0.39756224,0.42636698,0.45599747,1.1744531,0.0065246206,0.39580765,0.10992777,0.05197865,0.3781826,0.4149441,0.76766825,2.1442745,0.24673016,0.23958388,0.041174088,0.9595076,0.41289735,1.0241759,0.27803028,1.8094805,0.19554166,1.8389993,0.47366855,0.7200554,0.6462867,1.0973418,0.45013982,0.84437513,0.37111586,0.35826722,0.046970468,0.12182529,0.69262695,1.6379601,0.96385086,0.43191725,0.2416165,0.12754771,0.24588577,0.29871234,0.23623547,0.51288575,0.103575855,0.1291379,1.1692102,0.2804697,0.2968859,0.5097281,1.0204504,0.040711533,0.5286658,0.6236741,0.7224146,0.59092975,0.86856055,0.047498308,0.44811174,0.2640276,0.7567789,0.57507485,0.40153885,0.12486708,0.63875246,0.649362,0.43174508,0.37316602,0.756348,0.06406022,0.18537508,0.0029595674,0.91584367,0.35141754,0.8140019,0.27660114,0.24198486,0.39148378,0.46486548,0.11583382,0.423275,0.09452502,0.047725998,0.35073155,0.48541546,0.24652168,1.4407021,0.35862774,0.30457973,0.20762043,0.052961063,1.0639493,0.12585305,0.22606522,0.07200927,0.066622674,0.21544465,0.69248366,0.28478718,0.43254977,0.42018515,0.6093853,0.36483213,0.092653215,1.1730225,0.6828359,0.37553158,0.43775672,0.13932869,0.6540078,0.17560793,0.3540828,0.6213699,0.91223884,0.011528492,0.890504,0.26354316,0.3040763,0.22256732,0.6941494,0.4571578,0.19303182,0.05083494,0.13277628,0.11306177,0.36929435,0.23833787,0.50257635,0.95246094,0.02664831,0.618472,0.5291036,0.51827395,0.049714938,0.31441408,0.30711883,0.4334123,1.6756512,0.86627394,0.4078526,0.66178405,0.32738283,1.3353676,0.3858431,0.80844545,1.7015357,0.50067854,0.4847413,0.013041511,0.2523385,0.021239564,0.44488096,0.09373025,0.9369449,0.065062925,0.30401117,0.12843315,0.44840577,0.28506464,1.4946821,0.4713225,0.22960594,0.14722416,0.36752832,0.5786748,0.55026996,0.4726634,0.2882995
0.648844,0.23046878,0.07532616,0.103165254,0.24733129,0.44208717,0.4478405,0.164081,0.28456146,0.25370687,0.3351221,0.14129254,0.16678028,0.12733191,0.30101892,0.1743988,0.38591495,0.5772152,0.48179293,0.708536,0.56511325,0.269098,0.5919107,0.12788191,0.1889901,0.15930392,1.2661469,0.24278085,0.2807364,0.5052386,0.3129567,0.65413654,0.47640035,0.35160652,0.105464086,0.19111024,0.31750575,0.50064635,0.3201895,0.010289267,0.61424357,0.09623639,0.05285014,0.15452334,0.7113389,0.044885095,0.24395852,0.14022167,0.49243286,0.19820946,0.10340522,0.09162322,0.38407516,0.23337856,0.34489304,0.34504333,0.46194398,0.19485848,0.84409,0.49293047,0.5467289,0.1543215,0.61917126,0.35678327,0.26450044,0.07420425,0.1259226,0.022845494,0.2646305,0.0,0.5012355,0.708465,0.63994884,0.030456942,0.23639952,0.19296491,0.48503283,0.11709621,0.20207071,0.092969544,0.16929355,0.5236881,0.14894116,0.49381244,0.4635623,0.3687058,0.3081882,0.3998729,0.30463967,0.47519594,0.33694518,0.36089438,0.22024414,0.7751143,0.2013996,0.15502357,0.2520411,0.020272974,0.19838354,0.94507533,0.8771939,0.6891933,0.4033323,0.2071068,0.30571717,0.42395633,0.3465649,0.5681788,0.18498805,0.15768413,0.23544237,0.10592182,0.430311,0.18659367,0.5069874,0.2787942,0.22901875,0.4372319,0.5120549,0.37378097,0.41146806,0.6403408,0.58421946,0.21108055,0.041973718,0.53638434,0.00083450234,0.20154843,0.04763676,0.02082232,0.15038821,0.4524854,0.17777261,0.21559495,0.9725699,0.33044532,0.32059574,0.5306176,0.16343677,0.080288455,0.24368379,1.0950927,0.09032171,0.24394087,0.09780937,0.46243525,0.6443994,0.6892357,0.5331032,0.022584997,0.33572966,0.082673654,0.180388,0.7467712,0.37624156,0.71749604,0.3525672,0.14272371,0.7794697,0.39583474,0.31206635,0.27567738,0.55102277,0.22393271,0.16151029,0.24133724,0.13272698,0.19869041,0.3102897,0.07039436,0.017224398,0.47045422,0.48409706,0.20263189,0.21878543,0.37142286,0.23443188,0.123019844,0.39446968,0.083470345,0.33056557,1.2651647,0.16057709,0.105199225,0.3072821,0.38333797,0.3928761,0.30801052,0.4708468,0.44970387,0.059874956,0.12186094,0.51617277,0.3556087,0.42164326,0.0066033527,0.44996572,0.008148661,0.41124755,0.17953151,0.05651127,0.079246566,0.26133797,0.4556366,0.27125943,0.19203883,0.104871154,0.2900405,0.6985396,0.35746512,0.042848133,0.25622082,0.16686395,1.4159428,0.51145107,1.0871291,0.7045297,0.03392134,0.67653215,0.12014064,0.7429919,0.47706228,0.052676283,0.59587455,0.46811625,0.4809955,0.53541946,0.27214617,0.6388961,0.09894997,0.07042589,0.3985541,0.28182817,0.048920322,0.105611175,0.2119586,0.06690533,0.35138917,0.033508264,0.66832745,0.114714146,0.47425684,0.23684376,0.37111616,0.16363569,0.33262786,0.16983011,0.09953464,0.1030629,0.66450375,0.5627768,0.21560109,0.05794541,0.294303,0.17056453,0.09946923,0.03077537,0.13552214,0.06118007,0.17618552,0.26040202,0.24429998,0.42460212,0.41777647,0.15565428,0.43897325,0.6116978,0.02339601,0.7598631,0.06385302,0.434707,0.14928651,0.23525548,0.016202254,0.27460417,0.6721299,0.062061246,0.3438451,0.3540337,0.27353868,0.39383876,0.1567702,0.34351176,0.28230354,1.1443303,0.34971783,0.51379806,0.44435596,0.110514104,0.54753894,0.43455872,0.58459735,0.3102616,0.28987575,0.25583634,0.23098849,0.43851963,0.36065674,0.4024722,0.11833269,0.38603964,0.42328167,0.17300123,0.1882635,0.21089017,0.058162116,0.31576753,0.5300858,0.34762084,0.083370835,0.3126184,0.24407253,0.24113277,0.9231256,0.28108275,0.20272629,0.10006691,0.06013803,0.19621101,0.25294942,0.08469999,0.09942554,0.3985519,0.43377727,0.35169664,0.124451846,0.08451213,0.23393297,0.050168682,0.23905507,0.057018556,0.31197202,0.053267542,0.34732014,0.28669754,0.2319455,0.30772334,0.12486061,0.305261,0.4665108,0.26151133,0.05120078,0.3580402,0.14401531,0.06260487,0.14886345,0.0,0.22043528,0.430009,0.5397501,0.23671813,0.15634711,0.39175767,0.0852423,0.23773642,0.20735766,0.18940821,0.14596748,0.24465843,0.19153905,0.2189581,0.2043303,0.019620346,0.106230855,0.21740428,0.10902616,0.17246516,0.2972001,0.114872485,0.19578311,0.30719155,0.32847187,0.29732728,0.14653379,0.5087944,0.21622775,0.10605686,0.2629208,0.67995244,0.16550592,0.23770438,0.32187223,0.23616195,0.20271504,0.18979287,0.2439173,0.19866413,0.24657013,0.5046772,0.17694657,0.32009935,0.2721127,0.41761503,0.18191607,0.100002244,0.109387204,0.11816901,0.26034498,0.39088523,0.100005694,0.364129,0.45243797,0.023061577,0.2532186,0.05475529,0.29005164,0.07154356,0.26201528,0.38464105,0.40881914,0.19462459,0.15544994,0.13693404,0.24084802,0.04377795,0.1854628,0.3090163,0.065813765,0.27016488,0.19076686,0.16287853,0.36739925,0.18244088,0.21012202,0.19558336,0.5005509,0.2534002,0.015980568,0.055755842,0.28105992,0.14336011,0.19565722,0.7324221,0.1940901,0.19447203,0.16872776,0.073264875,0.31239623,0.3538582,0.29370517,0.34393275,0.087728284,0.05343221,0.19103561,0.13953747,0.2873094,0.22734466,0.17004207,1.039974,0.37891945,0.18921924,0.4501439,0.3636921,0.24114901,0.06532495,0.11802546,0.18121614,0.084820084,0.27429742,0.13593364,0.055433884,0.22092368,0.31247056,0.83505654,0.33417517,0.33768916,0.2289597,0.83641565,0.37661323,0.19550142,0.30193487,0.3404506,0.21275899,0.423694,0.1904961,0.19073114,0.07191204,0.42293346,0.11977129,0.022416461,0.16453964,0.46236825,0.23337665,0.093259774,0.3601887,0.23050962,0.07117007,0.41475374,0.24090971,0.3647713,0.038175132,0.06731473,0.19523676,0.009750263,0.077328905,0.25854155,0.14231251,0.26126185,0.46856362,0.2182577,0.29232764,0.55815107,0.71228284,0.5819955,0.70334846,0.09766023,0.63983554,0.13206725,0.20410539,0.22638226,0.31599882,0.35855642,0.07469332,0.049792632,0.18344337,0.17528895,0.2431029,0.2535389,0.09883483,0.3540203,0.47179163,0.62427664,0.1188174,0.14581367,0.54100853,0.25124463,0.35416016,0.21727097,0.62754166,0.25271338,0.3219897,0.16871475,0.36231872,0.41347325,0.09136541,0.18311934,0.33317256,0.11549114,0.2552461,0.044462763,0.22912784,0.35325813,0.30548856,0.351363,0.060463533,0.17758372,0.13339287,0.29330933,0.39161327,0.110412344,0.39056325,0.16583842,0.21387541,0.2152065,0.07013653,0.18256621,0.23251498,0.074814245,0.20079374,0.9638754,0.26501343,0.18251233,0.41749126,0.093054324,0.33449304,0.2857244,0.022868345,0.10866297,0.18433695,0.12547651,0.095962,0.074961804,0.27793586,0.62435484,0.16441938,0.07324216,0.32022834,0.37806922,0.51175034,0.37981433,0.111455336,0.7272595,0.070360124,0.24495234,0.104732744,0.33481738,0.1703521,0.20139115,0.19989318,0.2886394,0.216341,0.10658905,0.42378137,0.28505638,0.19113716,0.08146133,0.14820878,0.5051186,0.27540877,0.47949696,0.089152746,0.4821437,0.048131377,0.014692681,0.09382829,0.11162604,0.3090014,1.3547487,0.19328675,0.06562972,0.33612633,0.30268657,0.17415152,0.115022734,0.1366181,0.46466362,0.12705049,0.11293195,0.31475133,0.18933359,0.2449795,0.26566595,0.06969975,0.59085625,0.0857512,0.38073942,0.32540512,0.10385341,0.2304986,0.05530262,0.4127293,0.29913306,0.45571285,0.0793038,0.15809953,0.26390156,0.36986804,0.24772471,0.37737417,0.25392464,0.3327735,0.18850335,0.024069164,0.42591983,0.38483018,0.119886585,0.09367216,0.11751615,0.20551468,0.9118527,0.34521726,0.14440905,0.07377653,0.25092107,0.3580961,0.45617425,0.5001262,0.72864217,0.31385946,0.14807895,0.113042876,0.26277286,0.18352489,0.09560043,0.115556896,0.1327515,0.032592148,0.33350694,0.18239129,0.17626001,0.28957868,0.10227945,0.19405432,0.06912443,0.06926125,0.07514986,0.10325763,0.13550842,0.81021845,0.3323652,0.100042924,0.20496824,0.21440727,0.30144137,0.33576196,0.1260209,0.20544432,0.038286444,0.22508681,1.0215666,0.39999455,0.41094536,0.18708849,0.35710827,0.27629253,0.06682373,0.23797062,0.33726662,0.122041866,0.1519382,0.22514579,0.4752863,0.24685638,0.21898349,0.5757581,0.16542205,0.18812406,0.3091828,0.08499402,0.17844875,0.08082241,0.15057963,0.43023962,0.46786922,0.27153718,0.19612525,0.55452067,0.062102553,0.17331588,0.22753236,0.522095,0.37675875,0.051590107,0.24154577,0.23544228,0.2537157,0.1922243,0.09310274,0.37225384,0.101610765,0.24291784,0.07387905,0.06748417,0.23084122,0.29049304,0.41500354,0.37739307,0.10954867,0.39716387,0.21931103,0.14213385,0.26633555,0.21307537,0.3766172,0.30731714,0.24367264,0.033920556,0.14321712,0.24475947,0.2662828,0.10438253,0.10301802,0.054859128,0.20644513,0.52109265,0.16000466,0.15172015,0.2720636,0.14183943,0.0,1.3568002,0.30290225,0.07816933,0.1393303,0.17477815,0.31249538,0.22096735,0.13103254,0.1402893,0.2523782,0.17871921,0.37594876,0.15822017,0.2991854,0.37972924,0.10045189,0.30506355,0.15094222,0.030087505,0.26358378,0.42805278,0.33339456,0.24324682,0.3081519,0.16663027,0.20258024,0.05696699,0.2791366,0.2616632,0.17461234,0.05410765,0.18105339,0.32817006,0.033771306,0.032904454,0.17459185,0.08435227,0.12869295,0.5534593,0.2750404,0.09735532,0.51572233,0.16483931,0.38702643,0.24594432,0.16070062,0.069064155,0.19503567,0.08328384,0.032061435,0.098790124,0.017766804,0.22163726,1.0701745,0.19673426,0.20338114,0.13160801,0.38835996,0.03521958,0.19024801,0.18388216,0.12524419,0.14948669,0.32830322,0.00065766857,0.13612664,0.29104888,0.32644188,0.12962052,0.12048471,0.5151515,0.12082413,0.5348398,0.562174,0.5073649,0.3219872,0.059153013,0.29966098,0.3275651,0.07260802,0.072944984,0.302992,0.88147086,0.06058624,0.37442845,0.08706192,0.28792286,0.062123224,0.1306572,0.28438097,0.15026869,0.34168947,0.12345783,0.13666356,0.11975814,0.18205357,0.19712952,0.124920145,0.15046325,0.24756785,0.12335778,0.121118516,0.2874653,0.31558132,0.084443346,0.0702268,0.13035698,0.11245498,0.22364917,0.018561102,0.35773233,0.28689426,0.134067,0.26225546,0.24519944,0.022885371,0.17681658,0.09307213,0.1132516,0.16297501,0.0467064,0.16142923,0.15504098,0.39644587,0.081778765,0.041949347,0.28675824,0.058778405,0.10931361,0.3023802,0.31971678,0.055100374,0.13147429,0.19956857,0.1229484,0.34050423,0.5292799,0.16856448,0.15557054,0.2981576,0.031026784,0.25398347,0.20405415,0.3475625,0.15303257,0.15158744,0.06321449,0.57008004,0.18214145,0.12676583,0.2046437,0.5488555,0.060938083,0.31701458,0.08794679,0.037138395,0.23184176,0.13125312,0.42893448,0.10976972,0.24876766,0.14219397,0.19794574,0.21576127,0.31656447,0.3606486,0.17843065,0.1223787,0.35115182,0.3037647,0.26283294,0.2782712,0.22895572,0.2884965,0.6699558,0.27986038,0.30108547,0.24646285,0.27019984,0.09147372,0.6072303,0.047096305,0.18478514,0.18081951,0.65304554,0.1651224,0.19510981,0.272347,0.22188495,0.2636041,0.42212084,0.36604473,0.45061105,0.8354324,0.2338055,0.286569,0.24535057,0.14558825,0.2671849,0.20328371,0.22525623,0.14491144,0.174263,0.10616785,0.6106493,0.2834486,0.49578434,0.1750259,0.15619427,0.10823557,0.95763004,0.19138424,0.31384772,0.3261725,0.067545354,0.07877396,0.1407872,0.25752044,0.20730688,0.12532209,0.3610903,0.017850064,0.1972667,0.014832583,0.09944567,0.101216316,0.3471806,0.69947577,0.092971705,0.08960344,0.011240967,0.2957328,0.05139374,0.19967382,0.011501455,0.14219926,0.3782544,0.47585684,0.46096388,0.12651044,0.279997,0.120917484,0.22020407,0.21678863,0.0037142346,0.18890601,0.18660247,0.01451318,0.22941837,0.44488204,0.19948842,0.30975848,0.26264215,0.18267135,0.10212841,0.1577792,0.5992675,0.063249,0.22346994,0.051278815,0.016126098,0.11754303,0.38590515,0.31468007,0.10615946,0.29096076,0.08412112,0.3196484,0.24680275,0.24928401,0.1535694,0.3867553,0.12774143,0.16220221,0.22107768,0.21129836,0.24074003,0.038606882,0.16985565,0.38364655,0.22428927,0.18172458,0.44253665,0.4167395,0.08460109,0.21683663,0.067543864,0.18639767,0.2371212,0.19063976,0.23737207,0.19199441,0.09232897,0.52580726,0.030198913,0.13802527,0.19654581,0.105451144,0.39215624,0.43667042,0.03229098,0.35548162,0.07112495,0.09239825,0.19581276,0.45590824,0.16290574,0.18799043,0.087935805,0.10193448,0.08626081,0.09857506,0.42640376,0.07585031,0.14601555,0.23757522,0.31555092,0.5197111,0.19290873,0.055463634,0.53596175,0.071515344,0.19376191,0.18170232,0.22642966,0.028122555,0.24153659,0.010823384,0.4394108,0.03618345,0.45137364,0.20658825,0.07797318,0.554247,0.058286056,0.19241983,0.313353,0.22312361,0.05849247,0.93301916,0.45879665,0.352304,0.62365615,0.11850426,0.86268866,0.56625825,0.11092089,0.7487302,0.21567056,0.5970417,0.4355833,0.011235379,0.36983523,0.10826828,0.45375144,0.00020033923,0.85767734,0.3969015,0.73250794,0.25365165,0.19624282,0.5781791,0.484136,0.18704136,0.7775685,0.54396486,0.025126882,0.89240193,0.4436321,0.9295341,0.8563758,0.087178595,0.19938874,0.57385945,0.24488404,0.8556968,0.06430612,0.55394256,0.29246724,0.37780672,0.12235524,0.44640014,0.5882636,0.06001159,0.16478091,1.0745504,0.0,0.08281961,0.37526625,0.32851475,0.68286395,0.12570739,0.27267322,0.29804176,0.306361,0.1462766,0.14979938,0.14359814,0.29651704,0.20785135,1.5210868,0.05180197,0.6421174,0.11744339,0.04429808,0.12057624,0.45183748,0.3778963,0.63706326,0.36222637,0.29253024,0.557634,0.0030892477,0.20051779,0.23375435,0.49348184,0.26017678,0.21202388,0.03865958,0.02569415,0.22390306,0.3319292,0.11632157,0.264603,0.31657523,0.20995018,0.02169021,0.12747158,0.039584562,0.054675553,0.22855946,0.22858652,0.23660226,0.34817964,0.34789145,0.86292404,0.95199287,0.36364967,0.044498153,0.8131302,0.48329538,0.58722705,1.0836797,0.15770023,0.109268285,0.69237214,0.1925283,0.642406,0.068584695,0.61058664,0.94541216,0.029890897,0.27993983,0.054398067,0.13530205,0.5326458,0.39952427,0.888504,0.69882315,0.09336734,0.32649273,0.20142262,0.08995952,0.5673671,0.447289,0.40618515,0.4962847,0.52002263,0.16816238,0.6842891,0.46217895,0.48964134,0.21083559,0.46178377,0.9563955,0.30030796,0.12700638,0.6923246,0.55307233,0.015757203,0.686775,0.018753234,0.89211303,0.20057257,0.40085354,0.067684084,0.121037364,0.42420307,0.54468226,0.1328949,1.347846,0.3682908,1.4242495,0.074477986,0.38078105,0.19253,0.5132806,0.5447927,0.100219235,0.13625672,0.31162372,0.46917492,0.23895434,0.46601686,0.78707874,0.50806725,0.32967585,0.21231769,0.08932999,0.27841032,0.5632024,0.05539289,0.5848962,1.3189895,0.12009119,0.65956646,0.8302665,0.80935913,0.10233128,0.91681266,0.62616444,0.019142047,0.5861544,0.2650893,0.4488326,0.41906524,0.2775668,0.6976625,0.19504887,0.40063676,0.24716473,0.9022328,0.57548773,0.6843029,0.15295136,1.0742337,0.015305728,0.368408,0.07639073,0.40849203,0.52084446,0.7081163,0.27197328,0.14744215,0.03240427,0.05012635,0.9673444,0.16846575,0.18450345,0.8634513,0.576589,0.22255793,0.39654914,1.2310817,0.024453474,0.7326699,0.2665645,0.16076,0.1536555,0.27293825,0.29208577,0.767164,0.7202456,0.35332495,0.7313788,0.12688565,0.011429736,0.6032239,0.20371589,0.09253928,0.9291763,0.3650013,0.09574521,0.3018048,0.007745919,0.0,0.27328694,0.053226754,0.23765463,0.5654865,0.28732157,0.6233242,0.24195005,0.7154141,0.40367976,0.9661798,0.4572909,0.98312914,0.5823525,0.91901946,0.74613714,0.39081118,0.32713297,0.90621793,0.037395883,0.05145774,0.20776227,0.7078262,0.47030866,0.11260065,0.4287487,0.2718135,0.38847917,0.8062297,0.8014948,0.54317707,0.7629921,0.06650517,0.16907284,0.40639597,0.008783762,0.2590857,0.4957663,0.06342554,0.54737705,0.5830996,0.23180656,0.14115083,0.71811014,0.4097784,0.3375249,0.2928725,0.61607707,0.23121637,0.48018304,0.114994526,0.60758203,1.1130254,0.04403021,0.03869377,0.18420766,0.20717996,0.524976,0.45765322,0.54485893,0.101983346,1.1062145,0.49781185,0.005808685,0.56794024,0.48488158,0.32212487,0.7546457,0.34126133,0.48335463,0.12349464,0.3599718,0.3824861,0.34732234,0.14633423,0.076550074,0.07112517,0.155054,0.6379925,0.25238103,0.15056069,0.99323326,0.965276,0.36814025,0.021844067,0.52327704,0.9187416,0.033561144,0.65729916,0.20578727,0.1010063,0.44623873,0.47326106,0.038609993,0.39830917,0.5075102,0.54629636,0.17963973,1.2701218,0.1302233,0.29115593,0.037266865,0.04436272,0.67582,0.24534735,0.7571384,0.0502316,0.14381108,0.45106864,0.2964609,0.22950089,0.3415473,0.49033892,0.41495872,0.30430466,0.29649177,0.29026115,0.46429506,0.12769793,0.32637924,0.22714072,0.34335935,0.64557976,0.086355075,0.20250328,0.34720257,1.0759896,0.12458643,0.28473705,0.3530944,0.28947502,0.35108304,0.41434392,0.61368984,0.5139472,0.30067232,0.19644222,0.5535412,0.057844162,0.22607444,0.25077695,0.87097627,0.0051045893,0.2266047,0.08822329,0.10781066,0.47993183,0.2356914,0.04405437,0.2240823,0.6263738,0.2334181,0.67241275,0.39424068,0.781793,0.6419275,0.65894914,0.4460751,0.18868876,0.56994116,0.217525,0.07707095,0.14726004,0.050500125,0.45364398,0.3160094,0.3912984,0.2003416,0.21879391,0.13067853,0.018832395,0.13981882,0.4176538,0.30013198,0.29545617,0.041017894,0.6315392,0.13875258,0.08106977,0.15841162,0.0932857,0.15538302,0.037516437,0.042363364,0.25937653,0.036189992,0.25910074,0.6126311,0.18864942,0.20055804,1.3764949,0.2788627,1.1866637,1.3607578,0.7908423,0.08443579,0.6332564,0.6517304,0.31388986,0.16748178,0.6406603,0.031689826,0.46274558,0.36288172,0.50021344,0.7099374,0.2730887,0.43761182,0.36375543,0.18617514,0.013462875,0.058944546,0.39003855,0.09932153,0.22189859,0.13137655,0.24250072,0.3236258,0.11189756,0.8394731,0.22559237,0.12917697,0.4978735,0.67811644,0.22178859,0.10388768,1.3024106,0.28430593,0.2918228,0.3539939,0.099572495,0.05667497,0.16900302,0.6981303,0.27750897,0.06563008,0.33981192,0.30526608,0.27103448,0.20745881,0.43908337,0.4632492,0.7177482,0.123728186,0.35873574,0.37412554,0.033148646,0.8366051,0.8393431,0.36213607,1.0295068,0.2147319,0.17127031,0.4763264,0.28449246,1.2100536,0.70718205,0.38958478,0.4795574,0.13745719,0.22906919,0.27418637,0.5337082,0.49137205,0.018779103,0.0519247,0.37899363,0.2173559,0.4641905,0.15793183,0.5802635,0.13871993,0.0052614114,0.43028158,0.2963376,0.3624677,0.07657224,0.79361606,0.119506255,0.8740014,0.3097747,0.39800435,0.9796913,0.82421386,0.48205543,0.6044338,0.8728583,0.8233613,0.48762456,0.07132581,0.48537943,0.24036834,0.099763244,0.39248392,0.94966716,0.26403406,0.15694211,0.7412224,0.13521892,0.2789318,0.42698735,0.017372375,0.14250335,0.19172186,0.08006853,0.32560205,0.58784664,0.13647847,0.3681941,0.09016356,0.23877351,0.46339002,0.09489223,0.12268443,0.12665552,0.25939268,0.8408225,0.15344934,0.07823612,0.62279874,0.47974563,0.40879917,0.02579605,0.43394893,0.22978772,0.47588426,0.2617759,0.5722708,0.38849372,0.49595582,0.7486138,0.75463146,0.2547289,0.1801805,0.60245293,0.06987342,0.2238888,0.051001444,0.47295213,0.28342435,0.7875675,1.5886408,0.47023162,0.7783184,0.6663086,0.24179165,0.389099,0.72003925,0.40807354,0.3860395,0.80960983,0.08272869,0.054799285,0.534799,0.16624877,0.36823636,0.38885346,0.18719997,0.16116208,0.061207943,0.831422,0.15544447,0.7439693,0.17168841,0.6704551,0.79777014,0.19903696,0.3526367,0.39736527,0.1021238,0.11740921,0.2616492,0.58299303,0.3075731,0.5860045,0.48975825,0.35249436,0.14791836,0.30928978,0.054559268,0.21536192,0.58512115,0.7798094,0.5499283,0.43262964,0.28945988,0.45823705,0.246247,0.4000842,0.102094635,0.62903965,0.5305215,0.4842282,0.33417183,0.7721907,0.24833307,0.41488254,0.42904025,1.224986,0.1960202,0.11700283,0.39481443,0.71671677,0.42524165,1.1609316,0.14039373,0.10078992,0.5504947,0.43987444,0.007556881,0.74663186,0.03148322,0.4277066,0.23153654,0.441428,0.08548518,0.07789599,0.010370525,0.19795439,0.13766305,0.2656629,0.5879263,0.1640738,0.654387,0.78156877,0.16498998,0.30816525,0.8488532,0.7364868,0.3117478,0.50965935,1.4766343,0.33084893,0.15268731,0.56019354,0.64000154,1.0506312,0.6193076,0.3736736,0.92782974,0.2510538,0.36614385,0.36676806,0.1697514,0.13729136,0.14633632,0.23742451,0.12953362,0.32225615,0.13830857,0.06287725,0.4548093,0.519673,0.314776,0.18675411,0.011942079,0.3434918,0.6416981,0.5883847,0.49716774,0.6203253,0.039567795,0.3860248,0.6223061,0.16670355,0.47684065,0.20705739,0.12971327,0.23719363,0.1438286,0.70595604,0.43038768,0.40082642,0.49985003,0.060630284,0.2517405,0.11616441,0.578524,0.31598413,0.25281456,0.5263189,1.1674489,0.53774273,0.04875009,0.3970877,0.19380945,0.10532293,0.20113856,0.8115722,0.4760732,0.021333091,0.5634259,0.3339277,0.27322108,0.6009889,0.6508425,0.14047498,0.60357153,0.35449418,0.21533161,0.5013478,0.075956635,0.25490335,0.5133361,0.6865226,0.09439788,1.3368213,0.4958523,0.48134768,0.15642433,0.4528727,0.14736153,0.14309925,0.6240984,1.219183,0.17643961,0.2848856,0.1047873,0.4229452,0.30859154,0.5133066,0.1922305,0.43567684,0.25398397,0.26544458,0.22004253,0.82984614,1.4072745,1.1772811,0.31115204,0.4130811,0.10259286,0.1262916,0.14823684,0.18496981,0.032310665,0.19256693,1.2520909,0.13892022,0.021526711,0.40497357,0.8771945,0.08468957,0.4775217,0.2807864,0.2078782,0.21610236,0.12403548,0.88171375,0.46254817,1.2141826,0.024757165,0.3921697,0.28279537,0.0900139,0.487382,0.2728387,1.0173656,1.4041872,0.16950361,0.49949536,0.065479465,0.98776376,0.20108382,0.72923213,0.35840932,1.4606203,0.36428636,0.955528,0.2250115,0.6206242,0.17004484,1.4389982,0.20974278,0.7546377,0.18852274,0.06306252,0.07993978,0.088080995,0.601346,1.6850836,0.6318362,0.48547548,0.05144742,0.23182023,0.17839761,0.41227964,0.23594591,0.5568881,0.11487787,0.21317288,0.87084043,0.17795631,0.28347737,0.21830745,1.0236886,0.049268544,0.24627605,0.4904831,0.6447253,0.5500873,1.2654884,0.06738919,0.24881718,0.12453265,0.7985339,0.26668018,0.17858288,0.09492184,0.585042,1.0748429,0.1836637,0.32642785,0.6932865,0.14697404,0.15850842,0.012382307,0.79342544,0.2402203,0.6018319,0.5929158,0.084551126,0.41590834,0.47311378,0.12672344,0.78956604,0.18618473,0.068801746,0.9614315,1.004367,0.16829105,1.8502432,0.6023308,0.2984451,0.13719065,0.17767872,1.0420911,0.09845401,0.07473472,0.095327795,0.17398413,0.2649098,0.4387871,0.20559633,0.27606645,0.35755843,0.76377004,0.33583134,0.034038305,0.8587655,0.95454234,0.55008125,0.44223085,0.17379114,0.42950365,0.02047266,0.59093857,0.5196776,0.6424951,0.0,1.3423979,0.22816,0.2077132,0.04513625,0.7825357,0.2532909,0.059753366,0.15619291,0.42754194,0.13578263,0.46270585,0.16131169,0.34631777,1.1022133,0.032471552,0.7171193,0.2655505,0.5158482,0.15978965,0.41724735,0.51862293,0.40591156,1.7235152,0.80322325,0.39646983,0.86868846,0.5684438,0.962327,0.33900476,0.93954605,0.9563462,0.39097938,0.45937714,0.0052125985,0.1671575,0.07992456,0.39192933,0.030565683,0.8299868,0.0,0.12405957,0.20078357,0.49382013,0.514918,1.2460655,0.33257782,0.13435395,0.27561563,0.09987195,0.6571443,0.44120598,0.30921322,0.21513584
0.55864584,0.13973697,0.058467757,0.10064046,0.30875716,0.45031694,0.39265573,0.13570671,0.41971147,0.17711648,0.40435398,0.127404,0.23931701,0.15803805,0.4928166,0.25440356,0.3647707,0.5650476,0.3575976,0.6073261,0.27049753,0.09725937,0.479782,0.12720205,0.25864866,0.15007794,1.0315963,0.2670883,0.2898347,0.7820788,0.40856373,0.51693773,0.59984636,0.39686105,0.02795335,0.34556773,0.49847946,0.6348034,0.23618047,0.0749259,0.9828405,0.025035625,0.084633306,0.18867834,0.6778494,0.0069538583,0.10824242,0.028243136,0.28586978,0.14789498,0.219225,0.10409784,0.3843885,0.21343674,0.4743616,0.20883179,0.30952913,0.19107641,0.6614867,0.85606825,0.44329238,0.070524596,0.9826632,0.22897932,0.18778694,0.14711866,0.21607435,0.060088642,0.088739485,0.00967302,0.52212894,0.70408237,0.46173733,0.019751277,0.28934056,0.3222173,0.25809234,0.321052,0.4000547,0.012795404,0.1613855,0.34262645,0.089414984,0.3097093,0.5223847,0.16855061,0.15674408,0.66546905,0.23094718,0.34876913,0.1723086,0.90371513,0.23744284,0.6807171,0.24692106,0.05443453,0.3764512,0.008905008,0.37922657,0.68024075,0.77871937,0.74120116,0.36469686,0.31086248,0.53437364,0.4001171,0.3691629,0.42918882,0.18279265,0.3464311,0.14328377,0.07204185,0.52979517,0.3273704,0.43335432,0.22054233,0.3051824,0.6305561,0.77200997,0.71389097,0.21823767,0.4201664,0.46762443,0.07871634,0.06539619,0.52872825,0.05219944,0.2902056,0.14768875,0.103192866,0.17070006,0.36599442,0.33551234,0.36595663,0.7151351,0.31543112,0.28255653,0.75769514,0.047452245,0.0298493,0.3113318,1.2476581,0.08227753,0.26926756,0.061978996,0.4522813,0.403993,0.64090335,0.6717143,0.035723373,0.19277596,0.10148579,0.29885182,1.1267916,0.49203232,0.84718835,0.27909982,0.19086507,0.5204508,0.5811044,0.6081579,0.3796042,0.5189755,0.45662808,0.17325036,0.23167072,0.18056798,0.38864383,0.19398627,0.23330468,0.027446449,0.9577823,0.5381267,0.29931873,0.13414866,0.34928584,0.08159708,0.2722468,0.61121845,0.17384687,0.28128344,1.2278111,0.13951212,0.16172972,0.39278662,0.40313634,0.55271006,0.14143452,0.57073677,0.38262638,0.086671636,0.14806524,0.25798965,0.23115613,0.51209044,0.026666187,0.34877917,0.032381143,0.4293019,0.17642722,0.18672763,0.09498608,0.1491125,0.4647361,0.22257519,0.24741712,0.25468376,0.27250606,1.2353002,0.6411261,0.013099751,0.17281914,0.117798276,1.2445023,0.79351336,0.9138244,0.68524575,0.0375364,1.1476754,0.06078294,0.6922255,0.43817568,0.15509947,0.45684546,0.44923854,0.21739814,0.3960535,0.508363,0.41204008,0.3336929,0.050249703,0.5212488,0.25130105,0.13608062,0.0922243,0.14455386,0.043821674,0.15117069,0.13542701,0.68198955,0.18297268,0.43705103,0.18174253,0.5466207,0.22136113,0.24740933,0.21981645,0.089601755,0.07067368,0.7335496,0.24211986,0.30594072,0.07016196,0.11941254,0.3602804,0.07556842,0.013307648,0.05170528,0.16522448,0.20325044,0.41406792,0.15589784,0.566123,0.3601916,0.1965256,0.19049236,0.3075878,0.065284625,0.78513587,0.20191789,0.24808249,0.1320724,0.2929633,0.068309724,0.231185,1.1937066,0.1298489,0.45841652,0.60644263,0.18979129,0.55194056,0.1770138,0.56541246,0.12001196,1.4620466,0.3404101,0.7789149,0.1613576,0.055188276,0.56017935,0.3000839,0.87329984,0.121038176,0.2836684,0.05920792,0.34833556,0.47010967,0.114584714,0.56638473,0.14085078,0.27544397,0.4932678,0.053366855,0.16450365,0.22927216,0.0,0.29750904,0.4535833,0.35937142,0.13665196,0.30064386,0.13766032,0.11652856,1.1074194,0.36037576,0.24119955,0.11723249,0.012884542,0.22151032,0.24072784,0.1675905,0.79722124,0.0551678,0.16862361,0.43034312,0.13196316,0.10148062,0.23888531,0.20929638,0.06533583,0.09257558,0.28742948,0.06448019,0.14209488,0.45356804,0.24135609,0.6664566,0.256074,0.39128736,0.17977147,0.20513606,0.032408807,0.46431133,0.32625616,0.2834223,0.3238448,0.029117536,0.2024351,0.36152697,0.6660873,0.5712676,0.15442151,0.18811342,0.10418302,0.29894698,0.07138693,0.24045229,0.12694283,0.14987871,0.069018476,0.21561596,0.11492332,0.06716943,0.05503127,0.2575275,0.24507,0.1590378,0.27023792,0.15409659,0.21581982,0.2809167,0.09906906,0.20912066,0.04528349,0.24784917,0.27107778,0.3162994,0.06738253,0.28222182,0.11002148,0.12239537,0.25352213,0.28794882,0.49163353,0.2852019,0.24671158,0.13301742,0.030496173,0.23704796,0.15385562,0.3504218,0.09085555,0.22720131,0.1036665,0.13499086,0.24255629,0.35531113,0.07842782,0.21184894,0.17996866,0.15324095,0.19200376,0.0094342735,0.2378315,0.12836115,0.11339225,0.0369189,0.09911397,0.13520165,0.23797704,0.2839334,0.109339066,0.2201703,0.17192993,0.086218074,0.25022373,0.31492242,0.03947762,0.26055288,0.122984625,0.12594171,0.29079115,0.2836572,0.026708305,0.2755989,0.20315537,0.2703146,0.13124621,0.40878063,0.42706695,0.058619417,0.24948442,0.6557514,0.040455308,0.1101421,0.13809963,0.10746264,0.31038052,0.07136066,0.58637804,0.36255443,0.05508004,0.08461605,0.18398395,0.009758297,0.32475328,0.34799853,0.057925638,0.49233067,0.1609519,0.09488739,0.37384215,0.28133544,0.023279734,0.06725347,0.0761671,0.178047,0.03026469,0.28983817,0.18317023,0.29005376,0.70236415,0.45171964,0.24959812,0.43180102,0.21306765,0.17554224,0.236379,0.18047404,0.11846331,0.31623557,0.27535182,0.05768911,0.36189148,0.20706254,0.13458446,0.042979524,0.15095678,0.11029154,0.008293033,0.17152667,0.35319936,0.044443548,0.11599175,0.32486635,0.22077145,0.25782138,0.5240911,0.39176962,0.28185427,0.073417515,0.10909717,0.32579574,0.016190376,0.0342428,0.32739243,0.7012069,0.30444396,0.4116639,0.2850253,0.3629312,0.48019043,0.77975756,0.10366081,0.44082183,0.08626792,0.6983225,0.11275055,0.29452148,0.20855506,0.37401676,0.26157534,0.6962324,0.042810705,0.10667722,0.23739663,0.113153696,0.446325,0.06435203,0.34550983,0.6268189,0.6210895,0.06452208,0.105057865,0.46247274,0.17731863,0.3630132,0.45600852,0.4899618,0.31656027,0.18105312,0.23912266,0.24686025,0.28401554,0.037601348,0.46258783,0.24592909,0.08475341,0.11510788,0.12718572,0.13280141,0.5533295,0.27488393,0.115423076,0.05525904,0.068921536,0.29950863,0.1836039,0.2681467,0.25170153,0.16990331,0.045940164,0.0925162,0.19846863,0.14201337,0.11211549,0.11161434,0.29517463,0.3777262,0.74038833,0.17677915,0.15576613,0.37514493,0.032059453,0.25426823,0.2950354,0.20758986,0.066746,0.091265865,0.085650176,0.1669265,0.04728526,0.21326011,0.31282002,0.28404093,0.15781029,0.16556221,0.23610602,0.24211617,0.5206094,0.095656395,1.1260548,0.0715056,0.26925948,0.27534062,0.168951,0.19152522,0.1514166,0.2886432,0.28397274,0.22158104,0.14247411,0.25602186,0.16084456,0.17320596,0.06264555,0.22416437,0.52283275,0.16508625,0.3691323,0.22799513,0.43790638,0.064154744,0.073253624,0.11021465,0.030359868,0.7284623,1.1659942,0.1748485,0.037263732,0.02474685,0.60194534,0.110172525,0.083649434,0.078791514,0.38973856,0.2345256,0.06985173,0.07539727,0.08485137,0.3188236,0.09164889,0.2200474,0.45398098,0.02703889,0.22664748,0.21433187,0.19236381,1.1290317,0.32219958,0.23686782,0.45065334,0.4171819,0.14275119,0.117053166,0.2967916,0.34940457,0.32876068,0.5408962,0.1675988,0.05293917,0.34208032,0.12561639,0.49851853,0.2672852,0.1377435,0.03736384,0.06425476,0.028497797,0.6012856,0.0879016,0.1987973,0.18419567,0.17517214,0.42442644,0.17757836,0.17450763,0.5269594,0.8817865,0.47027886,0.06463495,0.32606316,0.06517793,0.118811116,0.2934205,0.07668078,0.2679303,0.17437953,0.01804876,0.291203,0.09550846,0.07974504,0.3314739,0.025508024,0.050548486,0.032491017,0.32968357,0.027144462,1.0675707,0.4529733,0.13993531,0.066994235,0.1987591,0.23668107,0.22305845,0.06566786,0.12435454,0.014659163,0.16676617,0.29858336,0.1945996,0.11227549,0.25568,0.15563485,0.20659062,0.10349356,0.094988085,0.1939601,0.22107837,0.1990872,0.05259753,0.13856825,0.096047856,0.3301112,0.6863097,0.10273313,0.1318666,0.11809145,0.04815825,0.32613093,0.09165971,0.07204479,0.16342595,0.43914688,0.17458193,0.18065962,0.7745942,0.058660585,0.24332218,0.2966159,0.40527338,0.14428532,0.24133474,0.420483,0.43314284,0.31936467,0.11684098,0.06056048,0.34270877,0.0017623694,0.45529425,0.12454538,0.1360377,0.20165849,0.300139,0.50494474,0.24321352,0.0310941,0.20286767,0.45342708,0.06977885,0.32861876,0.23862615,0.084072396,0.65750724,0.2394126,0.049846575,0.18154824,0.19175187,0.26756126,0.121288426,0.011887785,0.056517478,0.08606061,0.7303584,0.121383,0.07149917,0.16195177,0.19119367,0.050826065,0.7686229,0.33603066,0.045575313,0.056347065,0.07540086,0.27787837,0.03107484,0.05246961,0.121487856,0.33796933,0.35946974,0.2678237,0.16584694,0.63081604,0.12084344,0.050390165,0.29667008,0.08752966,0.29307476,0.10066886,0.47787875,0.4204087,0.15577869,0.16498065,0.092035726,0.11240978,0.055156656,0.37091652,0.5985025,0.053164072,0.089772105,0.43407848,0.377179,0.086945236,0.023257062,0.238112,0.03297457,0.070945755,0.3461202,0.30939707,0.020758517,0.54359025,0.1854186,0.09642906,0.17217605,0.08240701,0.075506255,0.16648312,0.09067337,0.116702095,0.086872295,0.048107624,0.64036155,0.6656788,0.064190134,0.548639,0.07880381,0.40682727,0.21649686,0.11633989,0.03941588,0.16997549,0.050873708,0.08513484,0.096818134,0.20566563,0.15749983,0.19071805,0.05815739,0.05365695,0.19403242,0.12287776,0.32380715,0.31064433,0.3594107,0.59745204,0.08460365,0.32711148,0.20414335,0.049098264,0.032471374,0.47488946,0.4597355,0.048230007,0.26410317,0.06561468,0.14240117,0.22502927,0.12020899,0.33293045,0.04467901,0.34609443,0.052137196,0.27028322,0.18908966,0.006642057,0.22347611,0.11069558,0.0727378,0.17239946,0.16873994,0.077070005,0.28409046,0.2894917,0.08625698,0.11219373,0.21486153,0.37876976,0.038417332,0.021305548,0.22932029,0.16899031,0.1876091,0.20420367,0.2419973,0.09176781,0.12576863,0.09938399,0.10179325,0.08677088,0.058191016,0.033477902,0.067704916,0.20613211,0.15814954,0.1195773,0.2962566,0.108700864,0.18843088,0.21231839,0.105891086,0.0135825835,0.2490812,0.09642184,0.027557962,0.14436707,0.56410795,0.22498532,0.030032935,0.16139427,0.101015285,0.11421863,0.10803138,0.2693039,0.10791771,0.10357019,0.05626551,0.5822233,0.0793811,0.23585995,0.1962736,0.6091129,0.26134375,0.11256221,0.027750568,0.063200146,0.17231484,0.042823095,0.32752016,0.073205076,0.27735317,0.10929051,0.06793688,0.30081862,0.27321738,0.38631713,0.26453164,0.056753334,0.1980576,0.16281764,0.46880227,0.29135165,0.04356248,0.09068287,0.38527828,0.27479464,0.30389988,0.06666422,0.15532522,0.0884618,0.5966052,0.04704929,0.06188339,0.10566504,0.35386887,0.15760125,0.26346278,0.24224961,0.08478075,0.422736,0.124162495,0.18226737,0.29833102,0.5778201,0.52475107,0.23701869,0.6365419,0.20141332,0.28057808,0.07575403,0.15350926,0.14672713,0.10557673,0.03800105,0.32824674,0.6252364,0.5651411,0.12659463,0.14376411,0.21424481,0.08367039,0.10001684,0.18057142,0.09366371,0.04373934,0.2718763,0.036340345,0.14263141,0.027870588,0.21665302,0.14244679,0.115822524,0.26858607,0.045817032,0.24637273,0.08152714,0.24285887,0.56118035,0.05043807,0.08961715,0.00058350456,0.4397474,0.15017104,0.18365733,0.0107310545,0.3463288,0.18343611,0.17335685,0.30045682,0.15964037,0.34634107,0.07400508,0.5460827,0.022402324,0.021097532,0.039299294,0.09230684,0.013806896,0.35386917,0.5869615,0.08227554,0.49199623,0.2127517,0.074078545,0.15193298,0.044081256,0.41387036,0.19040662,0.09976879,0.14572576,0.05147842,0.14782205,0.14532788,0.2510237,0.11663092,0.3718739,0.15414754,0.33935016,0.2526775,0.10811257,0.089138635,0.34400326,0.17613962,0.1680244,0.07768462,0.09318504,0.16410524,0.011086974,0.07593542,0.15070945,0.15561378,0.24427803,0.18741718,0.2722172,0.27443138,0.39518425,0.07696941,0.5709964,0.153255,0.1437369,0.16167721,0.106977254,0.07175482,0.5572814,0.029229106,0.1361176,0.1324074,0.12160824,0.15136589,0.41231388,0.16182452,0.18534844,0.04261533,0.08415412,0.24228391,0.76827973,0.047176756,0.2081311,0.0015652899,0.18543217,0.034848753,0.1414254,0.17178531,0.07512757,0.094629236,0.082164645,0.12634033,0.42210263,0.13900656,0.010277742,0.33614647,0.12755448,0.27304134,0.19507788,0.114939384,0.008984476,0.0893498,0.088298105,0.049061432,0.034798898,0.29361185,0.41361392,0.13762769,0.43401277,0.15378968,0.053280868,0.5533729,0.13331898,0.3224505,0.89130795,0.19620946,0.2997047,0.34052628,0.26094073,0.31338626,0.523932,0.24332394,0.3024616,0.0825682,0.2401875,0.16765875,0.0067457682,0.27200222,0.21164086,0.24537387,0.04559051,0.9795482,0.40644,0.26599982,0.29203507,0.11862767,0.5035222,0.36843446,0.05223946,0.6245664,0.10000307,0.08556228,0.35667115,0.20612144,0.68436325,0.584965,0.033087663,0.09156719,0.34761655,0.06241141,0.812756,0.019583143,0.06530352,0.24153212,0.29269204,0.4549209,0.29134762,0.29393393,0.03303262,0.13708091,0.5406792,0.022474809,0.15986347,0.39530122,0.086504996,0.39082077,0.04000036,0.47523504,0.22298591,0.16132036,0.20268466,0.006379856,0.19615984,0.2647336,0.11088338,0.865734,0.03774632,0.30027938,0.06631124,0.18898028,0.12436305,0.3389525,0.12927687,0.46350047,0.19792154,0.2998906,0.53726244,0.04565372,0.08352013,0.27838987,0.2719651,0.014549396,0.12008559,0.079475336,0.1426401,0.12903418,0.34463355,0.3551244,0.15733546,0.071513295,0.099997476,0.05496864,0.26052558,0.13020286,0.23020849,0.1977075,0.27964634,0.1478839,0.45978314,0.3757729,0.51488197,0.8430135,0.18547562,0.255274,1.0875808,0.3012969,0.67993677,0.5500245,0.016562786,0.111525,0.6595129,0.11547484,0.27419513,0.061324053,0.548684,1.1008992,0.0028303922,0.09739596,0.021810517,0.0,0.6318664,0.1426532,0.42093828,0.39512476,0.016701516,0.5634095,0.0048155077,0.13222201,0.2156852,0.11825231,0.18733495,0.4114818,0.3685946,0.11772582,1.0882779,0.14079721,0.3774866,0.04686446,0.106761575,0.45967916,0.09350577,0.052018218,0.2737775,0.7980789,0.021719389,0.36634183,0.046005026,0.833967,0.12440544,0.3906287,0.033471756,0.08010019,0.12274474,0.102104835,0.007028083,1.0117576,0.23125434,1.3981631,0.31907287,0.19133662,0.0957054,0.18712984,0.49378413,0.06239779,0.3418638,0.14012659,0.2840541,0.104228035,0.7342061,0.3555063,0.17998996,0.3545009,0.30032137,0.03822494,0.16583516,0.52476025,0.19457945,0.12362649,0.90803087,0.12956847,0.7902765,0.44119674,0.35155252,0.04002946,0.5333649,0.24582994,0.06860968,0.3872675,0.05149415,0.111854136,0.37450126,0.10116747,0.8003364,0.03808178,0.08779828,0.20030679,0.4262675,0.39087105,1.0269794,0.6968782,0.8233304,0.017797377,0.105556875,0.029081121,0.24481924,0.46922868,0.68435,0.2620467,0.16014904,0.099397615,0.13778196,0.16303669,0.00524195,0.13511938,0.97544914,0.8786393,0.113535844,0.31510594,1.0105896,0.022772022,0.30230337,0.084345065,0.18955578,0.099868804,0.3099621,0.36235017,1.0198457,0.5013069,0.37427315,0.3703586,0.057685927,0.2062437,0.16186059,0.16050619,0.25962177,0.82442343,0.23775995,0.019944854,0.3300253,0.0010735245,0.007084754,0.09015027,0.0017845583,0.2241883,0.11171676,0.18809706,0.42579,0.29902732,0.24268077,0.17381279,0.23790355,0.17689326,0.5829156,0.37644374,0.33821407,0.509159,0.17324114,0.4209332,0.20274016,0.15301602,0.10503164,0.088501856,0.8395715,0.09890455,0.07457905,0.042683072,0.11092499,0.03931351,0.7429619,0.21021676,0.3411513,0.541846,0.012998311,0.18189006,0.26134554,0.09952541,0.08952936,0.14051452,0.03727661,0.21102732,0.2371701,0.0862281,0.19202846,0.614568,0.07413724,0.122765936,0.17193124,0.624166,0.14325027,0.650757,0.013933207,0.40999714,0.8032499,0.011502185,0.028666709,0.27100125,0.21066406,0.38245028,0.5378992,0.71087956,0.008807754,0.7685984,0.34994224,0.05805879,0.23552102,0.4055487,0.43439046,0.61226845,0.10717443,1.0283849,0.03427864,0.15389925,0.36241055,0.17824256,0.1018284,0.0026189496,0.021687396,0.2745434,0.21698931,0.088299386,0.035432514,0.41554308,0.31971216,0.28776622,0.06335401,0.09454009,0.71224093,0.069138795,0.26693028,0.7084938,0.11640879,0.34714863,0.29720253,0.06698462,0.11489279,0.24737614,0.5987513,0.09147858,1.1191485,0.10071783,0.2790395,0.3896806,0.14448209,0.5482489,0.06955141,0.4392599,0.017875584,0.12391579,0.08507178,0.16094813,0.43869728,0.3608834,0.1802209,0.29048663,0.29465663,0.23018241,0.0,0.38853872,0.08097905,0.38688588,0.020533409,0.17790654,0.6702283,0.12852079,0.31258032,0.06431066,1.001612,0.093246005,0.25946477,0.076221466,0.14940767,0.22763316,0.23030119,0.1459626,0.18282455,0.18273403,0.06436163,0.49440652,0.030342579,0.012043306,0.09371631,0.5314905,0.13262776,0.16533646,0.010796034,0.07727978,0.36107618,0.037686605,0.33344474,0.059175216,0.43903056,0.009722296,0.25994304,0.19581605,0.29585347,0.38076064,0.25968182,0.009993629,0.2662211,0.18671651,0.11933189,0.040702842,0.32109684,0.2147016,0.5982832,0.33128113,0.5694432,0.2946428,0.08352326,0.0012885197,0.03867782,0.04357022,0.45114106,0.2132503,0.07788208,0.042875644,0.7685445,0.017262295,0.021101382,0.05600834,0.0007066201,0.06629727,0.003165196,0.0,0.034875978,0.14570467,0.35195222,0.61845046,0.14958097,0.07718262,1.042506,0.014732829,1.0525422,1.0015061,0.33746234,0.14662576,0.30443498,0.059817053,0.46588892,0.109358974,0.42417914,0.025268184,0.40957284,0.4340843,0.2560087,0.62233496,0.63314664,0.20182127,0.1414139,0.24327227,0.10451649,0.14956275,0.24785352,0.31372428,0.2294952,0.05630868,0.4084405,0.057078023,0.16783755,0.6561638,0.15075114,0.20760196,0.5169799,0.5312604,0.046170004,0.04136759,0.59202886,0.22022083,0.11334205,0.6357384,0.22274047,0.07890177,0.029675765,0.28208244,0.03685123,0.14641854,0.18802181,0.3620202,0.49539012,0.0869345,0.09301779,0.09290573,0.3536788,0.016432969,0.38440523,0.11438167,0.06486647,0.71604764,0.54318947,0.41218847,0.4698561,0.022259217,0.311181,0.18922766,0.6313145,0.24539591,0.12151383,0.36856148,0.080876045,0.16343458,0.010341599,0.174465,0.21715733,0.32187194,0.0,0.11533094,0.2516814,0.17121296,0.051243007,0.17645457,0.32333124,0.07680246,0.0031606324,0.46720976,0.14758255,0.15353411,0.071778476,0.7766582,0.035344217,0.71022105,0.5073404,0.11869147,1.0370138,0.6037017,0.402578,0.4231729,0.5667925,0.4404403,0.18780899,0.08360872,0.06961973,0.35416353,0.104379825,0.18708906,0.53564364,0.21291882,0.017216263,1.1506914,0.016511213,0.4615008,0.26714504,0.023799593,0.42226383,0.23507512,0.12846234,0.14168718,0.6013416,0.14477423,0.22793147,0.44944698,0.034416344,0.15517375,0.3689959,0.10751384,0.21244338,0.12686425,0.2929414,0.23093857,0.27465567,0.29060772,0.24801725,0.3309845,0.092166364,0.26631778,0.22103807,0.2687318,0.15447852,0.079040885,0.22337815,0.6120758,1.1819928,0.90774167,0.006432214,0.25176868,0.9010749,0.2459047,0.2701854,0.07597947,0.1933179,0.07802962,0.66097367,0.7728065,0.5189618,0.30188155,0.23405883,0.28873348,0.12029454,0.1596145,0.08738288,0.32380778,0.34108996,0.19139355,0.06417025,0.23025405,0.2892998,0.27359205,0.24397282,0.061626494,0.025590707,0.066084616,0.5882093,0.012105554,0.5204266,0.15675005,0.55287826,0.03353156,0.21484047,0.22047713,0.6614131,0.18357599,0.2783363,0.3735868,0.6332935,0.42433736,0.7113936,0.13311812,0.24105196,0.1869684,0.16705468,0.24075949,0.3682462,0.47419238,0.6290485,0.23198694,0.20753802,0.27946335,0.25615418,0.19936839,0.13031374,0.088237256,0.3821417,0.32406223,0.16091695,0.103684604,0.36390626,0.21818176,0.023377594,0.667511,1.4367131,0.20266388,0.019787109,0.0845452,0.31614426,0.14160919,1.2563362,0.22314659,0.13968067,0.3199878,0.55260766,0.13615501,0.94122773,0.5607276,0.26523492,0.32127836,0.010018746,0.025485147,0.021651478,0.0,0.4222207,0.017178686,0.13149458,0.39862692,0.108894356,0.5206424,0.66840947,0.22448677,0.22562122,0.4258011,0.75287175,0.38633132,0.5663531,0.3156626,0.05481707,0.27699137,0.29127538,0.23572615,1.1706638,0.231734,0.1771127,0.33945328,0.2225263,0.19807595,0.21754277,0.050114468,0.16603811,0.06237527,0.048898876,0.041507334,0.2098226,0.22047801,0.097959526,0.15723723,0.14966017,0.12329508,0.6110033,0.10346506,0.074475646,0.18757947,0.16779399,0.29235637,0.45292205,0.075355135,0.26426828,0.19635552,0.08388378,0.33205214,0.12452321,0.19033557,0.16655806,0.23180386,0.49899423,0.35713124,0.7347482,0.20025253,0.03844215,0.13140935,0.32615316,0.4915534,0.48681277,0.6192424,0.09305905,1.0240135,0.34668037,0.08358248,0.42333356,0.13204172,0.0069481293,0.16447008,0.11663223,0.23969994,0.034461804,0.25759175,0.13813007,0.12459747,0.63122773,0.33509067,0.21688351,0.99397624,0.2998075,0.050687313,0.43299127,0.08680516,0.16391681,0.2210806,0.49552763,0.020919712,0.8373188,0.19892389,0.29188654,0.13084115,0.62823075,0.034381285,0.19037877,0.42346936,0.6788964,0.03920177,0.52069104,0.23171169,0.027165968,0.07644141,0.18496434,0.2572252,0.50312454,0.59727275,0.1314111,0.16328886,0.7001952,0.68149805,1.2386321,0.3949987,0.27612734,0.40553433,0.004080841,0.21637474,0.39235097,0.032270238,0.2407816,1.1236141,0.08810647,0.08579068,0.42350554,0.6478347,0.22901624,0.36657438,0.09913749,0.48247617,0.29444307,0.17817798,0.82150733,0.50206405,1.6449535,0.08740081,0.5125518,0.39560783,0.13356082,0.27142522,0.08267847,0.790926,1.6331345,0.29054415,0.39556193,0.018202515,0.7822809,0.4099542,0.5352193,0.44403413,1.422016,0.16634631,1.5307949,0.5139835,0.6625294,0.2932629,1.0703348,0.298281,0.9205882,0.18520278,0.21769342,0.10563604,0.31023037,0.34977555,2.1079125,0.69250965,0.8339726,0.17803402,0.217657,0.2287625,0.50308895,0.119346246,0.61986846,0.091406174,0.1824767,0.7332424,0.32820407,0.20969556,0.29505655,0.6507485,0.009916859,0.21794903,0.38882914,0.7912346,0.3574138,1.3815265,0.12008868,0.15209147,0.21512751,0.7359686,0.37285662,0.16575271,0.20666525,0.22274442,0.79380304,0.20987216,0.14432526,0.80221975,0.088359766,0.21412903,0.0070112455,0.629234,0.6552775,0.24574028,0.4662267,0.22558238,0.5164968,0.28252792,0.016621532,0.4044455,0.6141135,0.13728288,0.542363,0.52670884,0.30206147,1.8260922,0.54925543,0.28617603,0.15651941,0.0128575135,0.4300705,0.04844781,0.0846789,0.10339543,0.08850992,0.15541244,0.552935,0.44942394,0.37488833,0.5611285,0.37039024,0.14333248,0.14295016,1.037365,0.87207484,0.4772809,0.3853816,0.10758068,0.5033613,0.008923427,0.56788445,0.40418124,0.6997679,0.009409803,1.1000953,0.2619825,0.4882331,0.27583,0.80049574,0.19108447,0.17361903,0.0821554,0.2257595,0.115068264,0.4578849,0.23027097,0.29907796,1.2006502,0.019361706,0.63840777,0.31099024,0.62371445,0.067368045,0.11143541,0.23263738,0.2800197,1.6280127,0.7102207,0.855333,0.82297957,0.20176613,1.0337756,0.27562496,0.5988025,1.4145963,0.13541323,0.6539709,0.014350109,0.16789727,0.020384677,0.1827334,0.008978751,0.49339938,0.0022827997,0.03338161,0.0771634,0.430807,0.58350015,1.2122622,0.7676526,0.14071155,0.40295675,0.19777475,0.3884403,0.17768699,0.28565276,0.27700493
0.55470604,0.14211105,0.051058777,0.15212694,0.20678203,0.37688386,0.37086672,0.266871,0.4406681,0.34510466,0.2881352,0.11384439,0.1647741,0.3300058,0.33880568,0.38466188,0.5802311,0.3149478,0.37208074,0.6191783,0.32624602,0.18156615,0.43474555,0.19193189,0.3628424,0.19592425,1.0726937,0.20201007,0.23809445,0.5847988,0.4189257,0.5943506,0.47899786,0.3945375,0.09743297,0.24420264,0.43651658,0.71920514,0.20396847,0.08709696,0.9174322,0.013946637,0.0869216,0.27192986,0.67743546,0.013816179,0.15018092,0.035487022,0.21240216,0.13134325,0.2829154,0.16359067,0.44204754,0.218727,0.26937562,0.27680874,0.52437603,0.21397273,0.77729315,0.95347047,0.736758,0.15650582,0.61096656,0.2554261,0.23566873,0.14986935,0.21519347,0.04614678,0.08953962,0.09864357,0.4025451,1.0351238,0.56669605,0.05433853,0.47528252,0.21613365,0.40613133,0.2084014,0.3722641,0.020694146,0.2974655,0.43210763,0.15346453,0.38377792,0.60564506,0.23473862,0.17342895,0.53505135,0.21387528,0.41894343,0.23724939,0.5611206,0.1709108,0.6930207,0.356434,0.18771425,0.23749714,0.02337123,0.27730513,0.42064783,1.3928702,0.8944814,0.4080317,0.24593174,0.6761929,0.3806147,0.4285019,0.5373006,0.2655362,0.3633355,0.19671345,0.071436435,0.47992963,0.19068474,0.3162125,0.29365852,0.3096803,0.7074944,0.8299343,0.6025157,0.2982993,0.42069626,0.29496127,0.23557809,5.6113095e-05,0.36569667,0.09708039,0.24706805,0.24973099,0.20138511,0.17124408,0.42559105,0.24680579,0.15395461,1.1540315,0.34840125,0.43286303,0.5567555,0.07077691,0.08984941,0.31126168,1.4861172,0.11457795,0.3235595,0.026196748,0.48537177,0.43130773,0.496629,0.95812386,0.070671834,0.24095729,0.11353356,0.2253163,0.9451213,0.4393862,0.5093747,0.17638439,0.2084491,0.48344254,0.3376215,0.53777206,0.5176867,0.4588886,0.4251302,0.36162975,0.2842031,0.29812005,0.3165993,0.2553407,0.14827074,0.056539655,0.8562343,0.7238601,0.4120791,0.15703382,0.1495763,0.13339663,0.18089615,0.35669202,0.29381597,0.26376864,1.47792,0.122623965,0.09523621,0.39751327,0.4151157,0.5168412,0.14712617,0.41760755,0.32831013,0.102230154,0.20649673,0.16066132,0.32402325,0.63156056,0.007289171,0.3886654,0.03365071,0.55980855,0.21044303,0.17786327,0.12445767,0.20885287,0.31535867,0.23465303,0.37391013,0.44344175,0.2674274,1.1981814,0.45770097,0.033909768,0.30272788,0.05944389,1.480896,0.39945257,1.0727133,0.79156345,0.021992225,0.8833967,0.080661885,0.6969412,0.40412107,0.056573674,0.27008536,0.40315393,0.29829204,0.4159562,0.44980896,0.5912013,0.28526998,0.025221506,0.76855266,0.21973373,0.034122877,0.121904016,0.12778799,0.05757451,0.2620234,0.05182554,0.84656227,0.30121535,0.5139407,0.12595525,0.6664009,0.31634852,0.36354014,0.14825697,0.07894534,0.023248846,0.9167836,0.34213758,0.26672056,0.12301625,0.18150362,0.2921203,0.1303904,0.03629062,0.046843566,0.11109355,0.43358436,0.44836992,0.25756362,0.80765116,0.34748614,0.094946206,0.1313619,0.36622623,0.100280665,0.45096934,0.06951945,0.24950105,0.22651681,0.1850553,0.042760193,0.41083083,1.2669337,0.07819275,0.34655648,0.6282747,0.1687574,0.4212157,0.21410535,0.84918356,0.20042536,1.2345339,0.5604681,0.65560424,0.27465272,0.17256756,0.33288342,0.47748303,1.0264813,0.20386088,0.5654088,0.0465575,0.27955464,0.43098193,0.16213249,0.63502717,0.06324357,0.26730686,0.5662154,0.06802491,0.08415672,0.24420685,0.07499169,0.20023367,0.3784371,0.5011994,0.14159243,0.29286587,0.21549138,0.1986359,0.77251536,0.29110768,0.032506816,0.19769818,0.11299416,0.23095337,0.3476202,0.23166302,0.16167729,0.20656699,0.32065883,0.28882733,0.037512925,0.053346872,0.38611498,0.1509393,0.13123918,0.16000614,0.38505888,0.096803896,0.20802064,0.60857165,0.49933273,0.58878875,0.054861695,0.2031101,0.4388346,0.36616242,0.060035497,0.4451977,0.33180082,0.06744074,0.32378763,0.010582087,0.20337576,0.094160944,0.81266767,0.16415192,0.23651649,0.1689195,0.15125069,0.33778018,0.13433318,0.55073524,0.21698976,0.12932365,0.18541268,0.35175022,0.11001828,0.11844291,0.05536099,0.20548998,0.07981683,0.2683098,0.3917087,0.09112293,0.17421202,0.36186844,0.17289658,0.08963677,0.21284547,0.40633866,0.1420227,0.13028173,0.052648205,0.545219,0.13752432,0.25146577,0.2963307,0.299555,0.2651099,0.104234464,0.18807553,0.18869656,0.04419951,0.13009575,0.2627685,0.5236989,0.06746258,0.56420773,0.112359345,0.08989285,0.27642623,0.31608304,0.06952418,0.36311778,0.05739495,0.24040298,0.2737254,0.06218096,0.28629994,0.02075899,0.34746015,0.05007167,0.2917292,0.61181295,0.22594833,0.12808277,0.03327044,0.13474625,0.17679612,0.089013994,0.34544095,0.1831275,0.09012691,0.21676777,0.21292885,0.17336395,0.22774017,0.3519715,0.04203812,0.320454,0.45609486,0.22237402,0.07842528,0.19537422,0.26716307,0.042189002,0.20804162,0.3841422,0.10424776,0.20012432,0.2621169,0.107445985,0.23305377,0.22092302,0.6757946,0.51661634,0.08936831,0.07476738,0.18398464,0.057013012,0.17606547,0.21748048,0.259258,0.41282213,0.5348137,0.17434286,0.38304234,0.37860873,0.17137998,0.103367016,0.13749734,0.07195571,0.035784256,0.19686323,0.0816596,0.19670248,0.3856775,0.47579956,0.20111996,0.29873952,0.4027712,0.03612525,0.25221524,0.33412346,0.09933728,0.23505643,0.43606412,0.1512727,0.23624672,0.09080905,0.21398045,0.052829303,0.33126628,0.072690725,0.019862445,0.115919545,0.3000223,0.18086748,0.06348798,0.27212986,0.3734308,0.20995829,0.41439497,0.19788459,0.19726221,0.07047413,0.12039544,0.3732624,0.04720174,0.0849827,0.60184205,0.1271405,0.39733917,0.20962645,0.57653785,0.16150723,0.4187231,1.1927195,0.368719,0.4862951,0.10250567,0.8154936,0.027783833,0.64889413,0.2420623,0.29905653,0.4528107,0.32163587,0.034365065,0.21618274,0.08485454,0.10902868,0.4329788,0.06400925,0.3235799,1.0324502,0.79875934,0.2016342,0.38565144,0.5661528,0.32096455,0.56878185,0.497597,0.6656883,0.37306252,0.11432018,0.19906741,0.13805762,0.19488277,0.19268623,0.474011,0.04599126,0.28840363,0.16691838,0.0890369,0.24895303,0.6793909,0.19793893,0.014334081,0.024735674,0.024297759,0.15774642,0.11807278,0.26630217,0.03616126,0.25986308,0.07652036,0.099988244,0.2511599,0.02727554,0.08068534,0.2471985,0.3482079,0.32670966,1.1266807,0.20822886,0.072493255,0.4870505,0.036253072,0.15109587,0.3438625,0.19467604,0.12578571,0.10038205,0.19626486,0.16384429,0.17937624,0.2949424,0.24173796,0.4606725,0.19006039,0.29749078,0.12706411,0.482598,0.3156988,0.10289672,0.80558085,0.10034394,0.16954133,0.1262474,0.39853075,0.23573396,0.20278195,0.018125996,0.18087646,0.07547273,0.1438112,0.13340986,0.28009227,0.2207866,0.05195288,0.122313336,0.42941293,0.2829039,0.61106795,0.14910811,0.4610474,0.045827728,0.084075764,0.1134814,0.03639691,0.4633062,1.4250336,0.08279167,0.024185931,0.1183994,0.45942432,0.293946,0.045596797,0.17684299,0.11374004,0.28522244,0.060562648,0.1975911,0.12337197,0.40637645,0.107099615,0.28470838,0.872321,0.0235141,0.20568943,0.15432471,0.25695893,0.5078242,0.20742548,0.38257387,0.36207235,0.39925313,0.14110485,0.059356805,0.36716652,0.29490086,0.3768831,0.67561233,0.32578105,0.064156055,0.4195786,0.19781558,0.47832084,0.48545465,0.051844742,0.036872122,0.06005001,0.045384087,1.107913,0.20004863,0.22381729,0.1543374,0.10267986,0.3303008,0.3036669,0.44692963,0.5601691,0.5666424,0.263989,0.08661643,0.28152302,0.0644418,0.0814649,0.09431899,0.2610177,0.17896017,0.16107969,0.018118076,0.39859033,0.1463862,0.0512745,0.0574724,0.13153641,0.07684121,0.048214488,0.13813397,0.06708161,0.62930846,0.59698874,0.12443225,0.05099427,0.1700608,0.40876985,0.28934672,0.098450884,0.1910882,0.08607209,0.31525442,0.31620836,0.41916108,0.058060005,0.16606668,0.3679575,0.28170258,0.35718936,0.092141226,0.3935114,0.4273938,0.18557295,0.17179541,0.40274626,0.098736286,0.26134783,0.49772042,0.20422211,0.22856459,0.27268475,0.095641315,0.4517562,0.033980228,0.22195499,0.52748656,0.68571234,0.25545636,0.22804861,1.3268597,0.12265024,0.11222996,0.376423,0.36377436,0.20166951,0.053012844,0.16839357,0.24245234,0.3187511,0.051879805,0.03753728,0.4833326,0.037156973,0.4540894,0.071999714,0.24214931,0.15898117,0.39212382,0.37530422,0.2537647,0.0318222,0.33185932,0.38498282,0.029593859,0.33798867,0.4282175,0.28095993,0.31450534,0.1205225,0.050031897,0.47912338,0.15507208,0.32544142,0.32785523,0.066250354,0.14936894,0.37844443,0.9113678,0.11538999,0.11453241,0.29410115,0.28334737,0.020123502,0.95830977,0.21122995,0.035589263,0.095000595,0.10338019,0.14316982,0.27699715,0.07746394,0.2706183,0.32723725,0.14393345,0.53770554,0.16082948,0.6442983,0.20118606,0.11492589,0.42620942,0.119641796,0.010593233,0.134196,0.5607045,0.45840755,0.20933503,0.3924032,0.085459284,0.09496163,0.09845993,0.26634872,0.46546307,0.21446888,0.36393645,0.23026447,0.38951576,0.102607116,0.050986733,0.33542186,0.088585176,0.09465513,0.5659773,0.2660877,0.10500603,0.4979216,0.22820005,0.18189333,0.16573365,0.30177006,0.111269034,0.36399296,0.108246386,0.14143789,0.18570465,0.011257841,0.5848031,0.44090357,0.087347314,0.39082807,0.1917429,0.5433465,0.11339143,0.2157219,0.055693686,0.21508266,0.14343213,0.058970653,0.038874365,0.4360793,0.35062605,0.19134472,0.0,0.04740902,0.29716524,0.13745144,0.49002987,0.3552872,0.38926923,0.30422574,0.062825926,0.26759225,0.32321304,0.111728266,0.06741338,0.43948078,0.7921151,0.1005782,0.5109261,0.12261365,0.17482865,0.19105646,0.15145962,0.27062178,0.10903411,0.5193604,0.061737943,0.46730334,0.29129928,0.032998424,0.25632566,0.09566321,0.06976092,0.2860437,0.15640341,0.08788958,0.26529494,0.34267434,0.09291831,0.16979568,0.15157297,0.38076544,0.33986756,0.028422076,0.2405077,0.21620795,0.30905446,0.6254436,0.11066361,0.055502824,0.36846587,0.043212175,0.259316,0.14906208,0.047541842,0.05740872,0.11313951,0.32242593,0.029634653,0.070229255,0.18578552,0.081742376,0.24268588,0.25643858,0.067342296,0.011346235,0.19358617,0.20391715,0.047192156,0.13339445,0.7586931,0.6332718,0.053761527,0.3073635,0.043267056,0.39921665,0.16729958,0.21534309,0.18113448,0.05798153,0.05035066,0.6862608,0.11946782,0.2473751,0.43485183,1.0272483,0.08219494,0.20401908,0.012695572,0.13802996,0.1843124,0.10760133,0.5592456,0.07772525,0.7064694,0.1077531,0.08109182,0.23135927,0.2006482,0.3776151,0.14762886,0.07014886,0.30308843,0.19077253,0.5569297,0.2527725,0.11576092,0.17176062,0.7901962,0.4859516,0.32415327,0.20416248,0.13265112,0.07996544,0.63982284,0.1496053,0.15776604,0.20842221,0.449803,0.33201194,0.3176685,0.25541657,0.010042317,0.4130605,0.13109867,0.13220955,0.2643677,0.56044716,0.4163839,0.43714085,0.25987852,0.25040138,0.11168566,0.09943135,0.11591124,0.17358948,0.20625645,0.008347062,0.55111325,0.25774884,0.3171004,0.090430185,0.23255464,0.2272276,0.74970925,0.099541165,0.2043729,0.25625604,0.008788731,0.2029582,0.13788542,0.3613834,0.043657664,0.094054505,0.24577044,0.027736256,0.12555265,0.0205248,0.3447662,0.017411614,0.14394446,0.60039496,0.12829582,0.23119387,0.044517517,0.34771264,0.12928136,0.29528958,0.015362014,0.14028856,0.1210151,0.38615233,0.35134673,0.16658795,0.39115292,0.08350576,0.39728177,0.017595312,0.037197564,0.12176418,0.23251764,0.0,0.1482757,1.0182841,0.10351986,0.45314223,0.35704514,0.078650236,0.15973867,0.054744907,0.5265196,0.050394967,0.14720863,0.026302196,0.03329081,0.0973572,0.14310518,0.11572248,0.1592074,0.38355666,0.36338305,0.13373931,0.40525764,0.07794651,0.1126417,0.31534496,0.20600754,0.2183365,0.0961718,0.09139042,0.10005599,0.16336356,0.14985341,0.20591635,0.20230515,0.25353134,0.24925439,0.4295103,0.13526782,0.37870407,0.03376289,0.4066593,0.2854855,0.06856687,0.19371068,0.34862405,0.07507611,0.5373479,0.016777804,0.17726295,0.18073733,0.09509103,0.43189293,0.39095992,0.039883904,0.11000057,0.031683896,0.25470525,0.3158952,0.7960452,0.19981244,0.23454772,0.044766873,0.2225753,0.031515036,0.15980911,0.24087548,0.12625024,0.081849426,0.26762146,0.23802105,0.5702913,0.20713729,0.008092522,0.2792436,0.11935359,0.17335302,0.2789809,0.22850633,0.020158835,0.19364235,0.048232876,0.16096064,0.0031347089,0.2243621,0.33745745,0.07112469,0.51004505,0.04437367,0.033807594,0.28381753,0.18475306,0.26041025,1.1665995,0.078187265,0.52049744,0.23538792,0.2899034,0.5101192,0.6892029,0.21662942,0.30665419,0.15297697,0.38385713,0.5532336,0.01688113,0.19679925,0.19622867,0.2309461,0.002792338,0.7002547,0.30288476,0.5634858,0.27176762,0.104355834,0.5060321,0.4325531,0.1255782,1.1941655,0.17539744,0.05978197,0.36516538,0.6372346,0.6743203,0.8757575,0.0057163294,0.099423006,0.4090984,0.05881069,1.010526,0.010963921,0.042594768,0.56760234,0.52451205,0.52052814,0.222594,0.45079082,0.018042725,0.14933176,0.5692892,0.0063921614,0.20489627,0.79180956,0.04394738,0.72491276,0.006531677,0.3331534,0.54317784,0.3169814,0.09348921,0.17294344,0.20615941,0.44549713,0.25458395,1.2343323,0.041397616,0.4312601,0.07207537,0.10427722,0.09341825,0.47712076,0.15323366,0.49520195,0.28215647,0.15723243,0.46616217,0.0087988395,0.07439667,0.2541067,0.5240805,0.004461197,0.28450415,0.041470855,0.13368459,0.08677899,0.41857955,0.28489283,0.12005557,0.24000403,0.124773726,0.0016855322,0.090389274,0.056345098,0.06681933,0.21640012,0.067348726,0.19724435,0.49464998,0.31090632,1.0439283,0.6095844,0.2954633,0.19050895,0.9814458,0.32711774,0.6183957,0.46470913,0.0043053627,0.024537183,0.6322285,0.04355448,0.90231717,0.05970574,0.5795804,1.0552564,0.016545268,0.037775166,0.028548684,0.0,1.0773745,0.2668992,0.36015943,1.0051727,0.034809045,0.69862074,0.088212885,0.37492955,0.15830177,0.17237855,0.13946076,0.5466497,0.6025131,0.28958046,0.5977378,0.28563955,0.07909903,0.14437225,0.06867437,0.9196197,0.11812815,0.019522607,0.4747349,0.8361119,0.008537549,0.5011814,0.0734505,1.1340594,0.09833934,0.38612902,0.23117553,0.0601134,0.033308703,0.40060043,0.004885994,1.1674206,0.32390934,1.6183286,0.082504846,0.3188425,0.113235615,0.15129454,0.5361965,0.028121296,0.36798808,0.009410636,0.26158917,0.12466891,0.85309017,0.38666373,0.24927971,0.23857346,0.39099455,0.042624485,0.17515391,0.81769395,0.17643204,0.41894284,1.2072499,0.0915131,0.7784678,0.507864,0.8101321,0.071498916,0.34593725,0.48572528,0.17097923,0.534924,0.30572444,0.30142233,0.81549084,0.120785415,0.5156384,0.021897107,0.008755211,0.1418133,0.59526026,0.38826653,0.64889854,0.46101692,0.8637679,0.008119129,0.14345485,0.015602947,0.3399439,0.6436865,0.51892537,0.576779,0.0781006,0.116692506,0.0823645,0.26827118,0.023028065,0.26869458,1.2319417,0.9054452,0.16919768,0.62917084,1.2531122,0.0022459482,0.4602322,0.05376335,0.16870809,0.024145782,0.32779276,0.5619245,0.785481,0.5227926,0.6261778,0.22163709,0.0,0.073121116,0.43460578,0.11015242,0.13679186,1.176841,0.06783142,0.00032957536,0.38063955,0.15876785,0.0056138467,0.041581325,0.15221798,0.052182417,0.17725436,0.306506,0.36125672,0.18927705,0.14587817,0.12394704,0.55944455,0.5473004,0.3740546,0.77850246,0.3092299,0.5145055,0.14375047,0.24519497,0.6878465,0.23743773,0.08025872,0.023799209,0.6248298,0.117257014,0.038417004,0.15201639,0.16862154,0.10813976,0.47049737,0.10940663,0.894754,0.6933337,0.026358318,0.15564792,0.4208248,0.09570013,0.45281714,0.216998,0.007514552,0.21372345,0.22098902,0.07618062,0.43708685,0.8646896,0.043475337,0.029734842,0.2544273,0.7087953,0.11526199,0.47155845,0.013801243,0.7502173,1.1807103,0.013573233,0.023777148,0.107426696,0.07862838,0.40311605,0.63723457,0.76947594,0.033662215,0.75286233,0.29346988,0.0340179,0.5487862,0.42064452,0.36640996,0.86559916,0.37928826,0.60748714,0.06688894,0.09970015,0.2017684,0.103766024,0.19610399,0.016185831,0.010940244,0.30782467,0.20090684,0.21738628,0.090037204,0.7949963,0.23604296,0.67418295,0.03790716,0.499524,1.4371941,0.082761094,0.26430488,0.74737906,0.36049068,0.6774541,0.52645206,0.06290854,0.4201654,0.2094438,0.55625546,0.035071462,1.1345959,0.014384435,0.07649511,0.08888298,0.14948946,0.66095835,0.16468903,0.58175576,0.102558605,0.012731608,0.35346043,0.08820775,0.44174576,0.43545744,0.3285314,0.39728618,0.37861082,0.17505322,0.18348642,0.47641152,0.08784984,0.53312343,0.10673466,0.013188692,0.9258444,0.23502526,0.038732946,0.03608336,1.5294697,0.299376,0.20189643,0.18942603,0.16663986,0.4681313,0.42697084,0.069480896,0.36535475,0.09046885,0.055404894,0.55862045,0.14753838,0.039705347,0.4699139,0.7670424,0.08844237,0.031505518,0.12590039,0.13519692,0.19909595,0.015988566,0.38559824,0.05464556,0.086649306,0.013689749,0.49029535,0.14618672,0.36284444,0.81374454,0.20420307,0.3834105,0.13942838,0.27484542,0.011156041,0.19233543,0.58002704,0.1668348,0.70026195,0.35288242,0.52894855,0.24492635,0.30907965,0.0038603735,0.0077431398,0.03215249,0.67546326,0.35996473,0.07910024,0.0034416176,0.7102248,0.12534553,0.0026945453,0.015505604,0.0029369188,0.08727867,0.06411441,0.023927826,0.12011629,0.1105967,0.28989124,0.46362767,0.15367287,0.12071616,1.2153617,0.0046660774,1.2070205,1.1296799,0.49666017,0.09472883,0.14578712,0.31795993,0.33747134,0.0,0.7202875,0.0,0.32939008,0.6185415,0.11609948,0.7933746,0.55388236,0.20322922,0.28473383,0.28030813,0.063549764,0.04808283,0.46118242,0.18784916,0.29909194,0.030554924,0.449037,0.013606863,0.04075757,0.49650007,0.205286,0.017315213,0.70370847,0.6594271,0.116139784,0.03434974,0.8317157,0.36678326,0.12613319,0.8693423,0.090642855,0.048250973,0.022151694,0.5165992,0.047554795,0.0125158755,0.16116741,0.35210854,0.19805238,0.09333679,0.062364496,0.115247935,0.4499429,0.06248647,0.5813755,0.36377499,0.07960926,1.0663967,0.7308848,0.38454264,0.6926242,0.08526723,0.21761543,0.18873212,0.63409865,0.6619943,0.21478397,0.37248027,0.22399741,0.1939306,0.003294729,0.09422055,0.2758408,0.5206976,0.0048673414,0.13726826,0.46806356,0.5830647,0.20261385,0.48189485,0.4862147,0.12301293,0.0007883659,0.31032345,0.025623394,0.04650819,0.22653586,1.0590138,0.0027876233,0.8140633,0.568961,0.22568993,0.89767075,1.1128186,0.41011977,0.3755103,0.23634978,0.5548452,0.2652466,0.0055624563,0.14614773,0.32962298,0.12752841,0.43363166,0.7425361,0.54839516,0.055375054,1.3341026,0.24142358,0.33176643,0.53963685,0.0,0.41348594,0.13313538,0.17948055,0.08383441,0.40204966,0.01741673,0.58179486,0.30928123,0.012352834,0.23487246,0.4492416,0.21128029,0.47706902,0.016996523,0.6021017,0.24805938,0.09548369,0.24841854,0.3308901,0.1862784,0.01610407,0.39720762,0.100378126,0.14594476,0.00091677846,0.20979749,0.6003411,0.8913988,1.1906049,1.1707444,0.011063337,0.05922401,0.45999566,0.34878618,0.3140928,0.14787023,0.18866783,0.21832459,0.7142242,1.1938257,0.16990143,0.8120836,0.26460743,0.18949726,0.289226,0.61639965,0.18797211,0.31756526,0.70470417,0.294071,0.14030308,0.26328415,0.25029433,0.30152112,0.30362505,0.23147279,0.35614237,0.1711455,0.5594652,0.12162246,0.34135753,0.014185058,0.30725518,0.38792312,0.21171351,0.027261034,0.7423129,0.15430799,0.48757523,0.48192346,0.5988621,0.16550618,0.7116509,0.11979866,0.19054371,0.22116388,0.008657148,0.08867052,0.48085335,0.90091455,1.1418492,0.23746581,0.04200529,0.33464074,0.40821087,0.14397015,0.21760264,0.06649823,0.6912999,0.19657597,0.20982078,0.09390467,0.5540968,0.11433703,0.014349503,0.22828609,0.97362965,0.02239926,0.24020754,0.17924564,0.4353268,0.0797718,1.0043603,0.18995291,0.1536144,0.45019743,0.5821444,0.06575767,0.65462357,0.49029443,0.1414522,0.2507456,0.05563196,0.029523239,0.042102754,0.0,0.39086387,0.0008417293,0.2555084,0.6196028,0.20549792,0.44907698,0.86991656,0.23952986,0.21719182,0.62372667,1.2190738,0.360331,0.94852376,0.6986613,0.023006659,0.109518394,0.5004347,0.17495972,1.2209289,0.20585388,0.057384357,1.0642138,0.15255406,0.3683877,0.021181405,0.025286674,0.25728717,0.01350708,0.21100527,0.009361507,0.20972604,0.15268774,0.23055652,0.18291724,0.24198481,0.14409852,0.67457724,0.21603988,0.021256926,0.3962885,0.4783318,0.23947816,0.41768616,0.10390492,0.56749636,0.3288105,0.03203012,0.28397352,0.073859796,0.19432077,0.28078535,0.56534326,0.6548023,0.22878855,0.61841935,0.41838992,0.11502646,0.36107683,0.16526294,0.57269883,0.29930624,0.6681059,0.02359932,0.9328691,0.28020278,0.07227016,0.6686171,0.106648535,0.0023612124,0.3150278,0.6481318,0.25214356,0.0057625477,0.44413674,0.12001996,0.19831082,0.68817574,0.70559084,0.002129413,1.4878397,0.39044923,0.12799004,0.24233866,0.050049067,0.16472834,0.30909467,0.50802636,0.0017396249,0.6458131,0.11827753,0.40112835,0.06070731,0.403445,0.07106769,0.112589784,0.46940017,1.0447557,0.17472973,0.35486433,0.05235122,0.025262296,0.4748103,0.21918267,0.282267,0.62910485,0.38278794,0.21168314,0.3045196,1.0669845,0.6413152,1.164546,0.49958348,0.28592476,0.2721827,0.043955877,0.6473875,0.35529995,0.027389657,0.29357794,1.3492162,0.2546464,0.07109631,0.35567456,1.1028324,0.11571753,0.49364534,0.15009299,0.32907468,0.20542304,0.36029434,0.9864672,0.5046444,1.5037425,0.049412463,0.30616128,0.33206236,0.21401063,0.56186336,0.1162232,1.0964341,1.5019903,0.23615769,0.5138054,0.029499015,0.9337178,0.23620133,0.51199895,0.3395157,1.8759255,0.10992434,1.1758142,0.6483685,0.87322044,0.362696,1.4169114,0.3529535,0.9079282,0.14894462,0.201734,0.17337182,0.57623506,0.54014605,1.8914574,0.65491885,0.47992802,0.15700059,0.11260305,0.35080338,0.57377654,0.20158833,0.49208277,0.02875453,0.06512245,0.7279359,0.4552765,0.31646466,0.415892,0.95524055,0.0,0.3135271,0.5054803,0.7306892,0.28790492,1.6928383,0.14568928,0.15092787,0.35759756,0.97078216,0.16883716,0.24224442,0.15386286,0.23967747,0.50966763,0.46471977,0.09244408,0.6606519,0.07375172,0.10252522,0.012659572,0.6919501,0.5874473,0.6180076,0.22764474,0.18629217,0.5912658,0.40407044,0.18831974,0.77888924,0.3939386,0.12141409,0.42254013,1.0840746,0.16890346,1.6326694,0.32961938,0.23322342,0.2598885,0.0037529538,0.694603,0.35765868,0.12966746,0.2294716,0.19654012,0.3022988,0.5846705,0.46880627,0.3377534,0.84183276,0.4176306,0.4964251,0.14038602,1.0657865,0.72591335,0.24080648,0.38660818,0.16072562,0.47569078,0.049282484,0.6098204,0.79238343,0.6236477,0.0041149096,1.273038,0.25886613,0.36436683,0.4250152,1.0415204,0.22766653,0.13871844,0.1973226,0.055637375,0.15977547,0.3995879,0.27777973,0.44320303,1.105772,0.058772188,0.63919467,0.09645671,0.6399483,0.06313741,0.36215436,0.42007747,0.22865072,1.2473041,0.8883127,0.62670815,0.80055535,0.4632645,1.1855078,0.10278614,0.4849883,1.7081957,0.32119557,0.6123959,0.0027243937,0.18616632,0.00913364,0.22055091,0.077141285,0.8790796,0.0,0.30918407,0.11556046,0.5938967,0.3668079,1.382301,0.82432747,0.095843054,0.46316472,0.22212102,0.6712678,0.35503975,0.29828203,0.39899093
0.4674606,0.1503753,0.027896972,0.13178846,0.25734317,0.48670706,0.40766704,0.19955069,0.18353415,0.35290927,0.09581495,0.12064548,0.15628505,0.25123805,0.2951995,0.21212283,0.28979978,0.43871564,0.5247423,0.6263359,0.3567835,0.19319722,0.29110575,0.25552386,0.3008214,0.08210468,1.0294106,0.3298821,0.2977727,0.6760441,0.5338517,0.7059368,0.29801548,0.27753836,0.12483755,0.21342476,0.47883832,0.60743654,0.22000116,0.014826818,0.727718,0.07108933,0.1868982,0.16455102,0.7893337,0.0,0.30234492,0.024047391,0.29437315,0.15939623,0.12519361,0.11291166,0.671258,0.10692306,0.23889571,0.23181897,0.5732818,0.21333449,0.77686024,0.8556609,0.49990165,0.06535013,0.6534936,0.2263418,0.106708236,0.15063578,0.2422021,0.059303965,0.19939804,0.014205085,0.59196734,1.0049353,0.47439128,0.09468773,0.31847823,0.37101,0.37143737,0.11863551,0.28574568,0.0049131475,0.28369296,0.44141477,0.3189605,0.40517533,0.47958595,0.26492226,0.283001,0.68607634,0.2416105,0.37630275,0.17864016,0.6212866,0.089097045,0.7389453,0.5135748,0.1036915,0.2782239,0.09351744,0.27055657,0.41055423,0.87995386,0.7543684,0.41493684,0.2843213,0.7729885,0.44995084,0.39689812,0.59911966,0.24479549,0.25372037,0.05855271,0.047270905,0.4281287,0.14694118,0.3867631,0.31252837,0.26438743,0.5119748,0.46099067,0.6118557,0.3429778,0.6412065,0.2952586,0.15343685,0.0,0.2932418,0.0,0.21651179,0.033381775,0.03830424,0.27497274,0.4109428,0.2737723,0.12511331,0.9223056,0.25618768,0.30122662,0.5723459,0.040496677,0.16947964,0.331007,1.036056,0.11914327,0.26158315,0.04836978,0.32649258,0.4950958,0.5453339,0.5810186,0.05497745,0.30956304,0.10831305,0.30271015,0.89029336,0.41900635,0.740538,0.32739747,0.3106054,0.56936526,0.661724,0.29262114,0.32581708,0.65189695,0.2842849,0.257481,0.28181994,0.09890362,0.47544318,0.30871445,0.15590931,0.05904209,0.6227635,0.7369289,0.29281163,0.09931494,0.16452153,0.067949,0.18572924,0.46810824,0.31678432,0.2711466,1.3350756,0.16707015,0.10215436,0.24435651,0.30669385,0.5870875,0.20193547,0.46950907,0.3318851,0.066078685,0.14628407,0.16666092,0.31525224,0.9128441,0.04621453,0.32848737,0.035173737,0.4446851,0.094420426,0.11669575,0.1843391,0.14794661,0.2044587,0.21240029,0.20802484,0.35216016,0.273469,1.0318397,0.47808176,0.013548784,0.22444865,0.046507753,1.4551466,0.43773186,1.0021858,0.8698051,0.0108321775,1.1142128,0.09124266,0.5712799,0.30070013,0.07015269,0.21967188,0.42779052,0.37098873,0.42201674,0.59348506,0.5576235,0.16249216,0.05652176,0.7329755,0.2734193,0.001520561,0.07860589,0.36139512,0.04119672,0.20403396,0.016655907,0.7400402,0.11854452,0.53330946,0.06934185,0.64661855,0.27270386,0.25219762,0.14340582,0.14604932,0.10372412,0.5811174,0.30390802,0.3696553,0.03722347,0.20501867,0.19408411,0.15591057,0.027568776,0.014787897,0.17988682,0.113790214,0.508414,0.3334698,1.0637798,0.5379809,0.017485294,0.09860719,0.36742204,0.053618476,0.9430967,0.17343625,0.123974174,0.1754889,0.091520995,0.00494354,0.3476296,0.8914324,0.1250215,0.4394418,0.5133464,0.22268097,0.57210386,0.15438777,0.7168162,0.15084225,0.83950233,0.40641376,0.5188101,0.36482346,0.20467788,0.36140853,0.24517146,0.8204737,0.47864106,0.44243047,0.037272256,0.4558708,0.40314353,0.054686204,0.45863715,0.052450567,0.31013048,0.5649846,0.0756058,0.07003304,0.17722557,0.014591421,0.16180058,0.43680793,0.3604535,0.051393047,0.37745532,0.25517815,0.21511552,0.7559464,0.16070719,0.087593734,0.15582177,0.22973523,0.16206115,0.366368,0.25962472,0.15507087,0.26673436,0.41335562,0.687186,0.049160033,0.09157285,0.392515,0.10766361,0.13183415,0.5700163,0.30329838,0.2506786,0.39443168,0.50235087,0.64886785,0.3934608,0.02762673,0.17856735,0.458023,0.46083036,0.029438969,0.73221636,0.2617612,0.19402742,0.21082957,0.0045291535,0.27696323,0.2648216,0.6279804,0.065557115,0.45751774,0.2246414,0.15246613,0.49268365,0.10080806,0.48910934,0.24120444,0.1113201,0.20486128,0.3978627,0.1461283,0.023159182,0.07068559,0.2708743,0.061308544,0.23824176,0.25029227,0.1706498,0.2827451,0.59049517,0.16451976,0.1416344,0.13948005,0.19522543,0.2549937,0.21690772,0.097198546,0.5558985,0.051258773,0.31592983,0.2706925,0.25064456,0.2563919,0.31086686,0.15144782,0.29275158,0.19583933,0.27274215,0.17665985,0.45319963,0.14440066,0.7612424,0.0738313,0.047620043,0.28003544,0.40228626,0.1631594,0.41262633,0.1529054,0.15597364,0.48518234,0.04471621,0.10445805,0.08085723,0.459966,0.04745228,0.236073,0.514814,0.17588778,0.027758976,0.18965079,0.25642344,0.155263,0.18998665,0.2157434,0.26424262,0.034861587,0.22021095,0.111563526,0.40961567,0.12845647,0.21960866,0.14088704,0.27537057,0.322202,0.20692967,0.05373536,0.22530289,0.21096817,0.06346919,0.12134863,0.42497677,0.15477549,0.312047,0.23957217,0.0919583,0.33629233,0.1609325,0.42294106,0.3866257,0.13035569,0.098882,0.13480966,0.13688996,0.07272625,0.26698545,0.27876848,0.6858194,0.21894597,0.5077843,0.24986997,0.3142063,0.1609832,0.2630412,0.15670934,0.11763319,0.15496004,0.14878015,0.12268998,0.22292274,0.25690973,0.43676817,0.34022,0.4788576,0.30528957,0.031358432,0.47670904,0.347921,0.08353609,0.21745051,0.50788397,0.22606368,0.3101909,0.058063082,0.240648,0.104534395,0.34846622,0.16135651,0.07093755,0.1903446,0.38091317,0.14098617,0.07261106,0.2175839,0.4187448,0.2483285,0.4504971,0.24218524,0.22831675,0.06532198,0.14288709,0.24008192,0.07098974,0.16034634,0.36026394,0.016373346,0.43879318,0.23819184,0.58406174,0.2867908,0.23012526,1.2872871,0.19158766,0.507704,0.20207548,0.86018693,0.017751118,0.400858,0.28624442,0.36626622,0.6050627,0.32358527,0.109409876,0.3351097,0.09939414,0.17454198,0.5427783,0.099487126,0.5466672,0.788391,0.6623469,0.21703637,0.37583748,0.6445966,0.47728395,0.3754512,0.3184389,0.65017056,0.23192987,0.15885523,0.42085627,0.093144074,0.38449812,0.12714425,0.468216,0.085538626,0.2829812,0.1778476,0.12641622,0.2622725,0.5599979,0.22555578,0.009340757,0.06538649,0.09001534,0.3668464,0.15426598,0.29583246,0.16201243,0.23212755,0.03401718,0.063787565,0.070256926,0.047997173,0.13143228,0.22663787,0.46631736,0.28918546,0.8181575,0.39661032,0.07103321,0.47470063,0.086923435,0.2431269,0.6512463,0.13995703,0.211689,0.067493156,0.28850266,0.19228023,0.15070623,0.19007967,0.21420866,0.48946673,0.34541786,0.32765266,0.2540079,0.5290718,0.3802182,0.12561983,0.91509473,0.20355445,0.33286017,0.093823224,0.5091779,0.37756616,0.4276511,0.08920645,0.31598234,0.23410138,0.10059075,0.20125668,0.31331703,0.38853866,0.09257403,0.1419816,0.3701572,0.3194403,0.3878216,0.16599825,0.2715105,0.06995734,0.115529895,0.1919855,0.25271446,0.5612355,0.7863179,0.15483284,0.040245444,0.1597002,0.43794003,0.3504524,0.21236302,0.2827764,0.12701863,0.10043056,0.088577986,0.22566634,0.07907289,0.3193528,0.101006374,0.32170224,0.5711611,0.052275583,0.5187241,0.11184914,0.24172677,0.49325958,0.44231305,0.2979406,0.2167315,0.37529907,0.07117466,0.26729792,0.5036926,0.2158785,0.6050897,0.9950689,0.39444578,0.06696721,0.56409657,0.37113532,0.44732872,0.67493206,0.023913827,0.14150344,0.120562896,0.05849865,0.78548414,0.3572117,0.24567413,0.36614355,0.15239425,0.3961624,0.2957961,0.34322256,0.6948211,0.51838726,0.16762546,0.12499738,0.3255504,0.26650524,0.11630726,0.21837857,0.3459867,0.21587539,0.09485408,0.18375953,0.20264852,0.2103342,0.106622815,0.04637625,0.0805156,0.14803573,0.13268925,0.17225032,0.060765028,1.0208765,0.62329274,0.1239084,0.059423834,0.19863422,0.31990454,0.2110345,0.08421535,0.20422019,0.094774894,0.4024241,0.2786743,0.56864166,0.1660631,0.08107611,0.57042307,0.23482761,0.49537846,0.15487447,0.5260755,0.4747235,0.21140614,0.23924898,0.4588641,0.1449272,0.24483721,0.2599921,0.28746173,0.14660037,0.53112197,0.1119691,0.44439858,0.027381573,0.17654476,0.63489,0.5233847,0.2392261,0.23186511,1.0151256,0.052960552,0.095856875,0.39272842,0.5577204,0.27636746,0.05353935,0.12391284,0.5047462,0.35866264,0.11947369,0.07129367,0.5208432,0.05694116,0.46404275,0.27515295,0.13476267,0.14953351,0.44707513,0.4206793,0.33526635,0.0657503,0.47322178,0.23447856,0.03250513,0.20263341,0.13323674,0.287227,0.31243697,0.19895896,0.07286165,0.41700006,0.29789022,0.41962323,0.11893066,0.12333423,0.14426793,0.6230823,0.58855486,0.26101002,0.16725102,0.36331442,0.1976133,0.0006992445,1.1106634,0.44029158,0.19242786,0.08734861,0.16153556,0.15185592,0.18964535,0.14973833,0.19942096,0.27542967,0.14342551,0.6746876,0.11019167,0.54546934,0.19142728,0.15570243,0.25835323,0.040915716,0.0926179,0.11152257,0.51565474,0.32942984,0.16741131,0.14182487,0.14673811,0.2762472,0.14045474,0.34207812,0.41819632,0.27991527,0.21088424,0.28585723,0.81135786,0.008341409,0.06469144,0.44893527,0.24038394,0.17777225,0.3807925,0.44440812,0.21524896,0.55993855,0.38446,0.20787603,0.18934843,0.25432435,0.120170735,0.5451554,0.14275798,0.14497061,0.30067357,0.0829824,0.49748272,0.7354746,0.13246527,0.25816903,0.17866498,0.3331331,0.060563747,0.18800321,0.059811518,0.27846223,0.11300869,0.19489124,0.0060298773,0.33255416,0.20413226,0.3189732,0.16186468,0.04735842,0.16951165,0.1589613,0.5768165,0.35663205,0.584694,0.43758768,0.16457465,0.38234678,0.3500374,0.15737239,0.005109204,0.5673361,0.7445106,0.10524417,0.51069456,0.1571686,0.19173086,0.17583111,0.33656687,0.20265391,0.24362822,0.31847453,0.058737364,0.33850616,0.09178387,0.058738966,0.2851401,0.14656779,0.15368566,0.17010371,0.25432503,0.076856524,0.4264534,0.44884223,0.037727874,0.17245379,0.17326039,0.37549356,0.3350109,0.09566113,0.22234093,0.075108476,0.3422653,0.62547565,0.15291318,0.05890611,0.37193224,0.050417457,0.126769,0.34405208,0.0033524951,0.037900392,0.2105975,0.3577242,0.08146243,0.15235862,0.32437944,0.15990238,0.28315485,0.29556876,0.062087048,0.03920588,0.21928646,0.1866435,0.02919196,0.16192839,0.8009136,0.43165153,0.18410504,0.7155987,0.021026,0.4528448,0.24504821,0.24507946,0.29830077,0.06287619,0.06445807,0.58747554,0.037206076,0.22967328,0.30854753,1.1981789,0.15453453,0.30132192,0.01235241,0.10998161,0.20306896,0.059444744,0.58745456,0.09880792,1.034739,0.15935642,0.15808478,0.3523655,0.4820608,0.37682927,0.17089173,0.24586067,0.24646333,0.40472218,0.4492979,0.23198724,0.1974086,0.06329783,0.6460362,0.47748843,0.5826551,0.24430987,0.2691499,0.07381662,0.38839984,0.15868142,0.16237096,0.10236796,0.39278212,0.5618473,0.14455363,0.14893512,0.15956658,0.5539298,0.18985713,0.25842574,0.3095581,0.5868718,0.5164868,0.52924955,0.19093408,0.23394656,0.20697671,0.33268908,0.09282601,0.38389206,0.24790315,0.054392792,0.3170762,0.29121822,0.36591336,0.20962188,0.38609946,0.26823598,0.67143524,0.16457173,0.17416789,0.14874008,0.06285456,0.1688879,0.096601225,0.32033533,0.017183106,0.3088694,0.03474443,0.06016772,0.2131854,0.008928424,0.29954216,0.10082712,0.115633525,0.53464556,0.2558373,0.28418076,0.06933844,0.42403814,0.057386365,0.34791172,0.02228925,0.24067552,0.18131916,0.19086346,0.31086665,0.184301,0.3374779,0.13827503,0.41139567,0.0763679,0.027974078,0.101374134,0.10115941,0.0047885254,0.20529507,1.1600051,0.14017105,0.60604084,0.1450445,0.2279224,0.14177445,0.101016134,0.23380977,0.04190547,0.08972642,0.10420681,0.092541315,0.0916487,0.10050558,0.22724846,0.07781806,0.3613141,0.24190679,0.060219113,0.4652156,0.1497213,0.06768604,0.34673953,0.17504454,0.22259082,0.18011682,0.16262591,0.18686438,0.1150264,0.03835097,0.20828374,0.3273367,0.2939848,0.28547817,0.4193439,0.13060999,0.49034017,0.066136,0.40578222,0.5123108,0.022068651,0.11664485,0.3151288,0.13853493,0.38274473,0.06956926,0.22556171,0.2217465,0.10828008,0.65069985,0.35681778,0.028711047,0.23360687,0.112557605,0.21554865,0.18796337,0.79932606,0.113996096,0.26857182,0.022160828,0.14550915,0.03142946,0.22008067,0.37908334,0.172653,0.17306405,0.18330455,0.05123429,0.52955914,0.18142444,0.049329523,0.42765063,0.35723558,0.10416948,0.30649975,0.24653104,0.044710875,0.19821048,0.13080892,0.22653934,0.09870635,0.51609844,0.25279957,0.12040148,0.37275362,0.1379413,0.00038367012,0.27563128,0.18830341,0.40566772,1.2221498,0.1905524,0.39199886,0.3700949,0.079159915,0.41890335,0.3483879,0.32681257,0.57780844,0.3330273,0.4975937,0.20219633,0.031305097,0.30823255,0.21342295,0.43514386,0.0,1.0917084,0.7838668,0.68983734,0.22923216,0.030790392,0.41962415,0.4602736,0.26000595,0.8391386,0.15791708,0.12432778,0.26797235,0.38498834,0.4759546,0.8046317,0.01515498,0.007882297,0.36084795,0.11245246,0.9284158,0.004253029,0.14575641,0.336787,0.6613525,0.39582253,0.2949926,0.31042555,0.18757892,0.16455464,0.67756116,0.0,0.11357189,0.36306053,0.20024186,0.79246026,0.015027908,0.19112313,0.6762216,0.3633197,0.07294789,0.021955239,0.2598285,0.4061253,0.13181077,1.292556,0.017255498,0.30887538,0.08866403,0.2147145,0.09834093,0.31837487,0.06185941,0.24802566,0.4736281,0.09308508,0.3940252,0.037497852,0.026925916,0.34433988,0.78895915,0.0071067233,0.16492972,0.09242506,0.028420942,0.31626993,0.16791797,0.5152507,0.012701075,0.1338428,0.24060674,0.028982086,0.26516747,0.065142125,0.15906207,0.11621881,0.15599391,0.12817979,0.4851439,0.63518393,1.1030273,1.0244068,0.58081114,0.1983233,0.89528036,0.23562881,0.5122701,0.58976066,0.016024387,0.17334762,0.5523446,0.08479763,0.8858652,0.01168013,0.46662968,1.4336278,0.034570955,0.15413997,0.0006657455,0.0,1.0610715,0.36593422,0.22761396,1.1946574,0.0043599904,0.737088,0.042964045,0.5417288,0.25023252,0.19235612,0.1400304,0.6813246,0.40303504,0.11881307,0.69218373,0.39967874,0.13243885,0.15907635,0.14400016,0.91361606,0.097285256,0.10061181,0.56342137,0.72194433,0.0010968558,0.24226326,0.035894543,1.2907021,0.05750133,0.5342872,0.42926282,0.24962857,0.033460166,0.42699182,0.047088206,1.6021736,0.21968691,1.3482018,0.1361309,0.07025633,0.19927466,0.26522365,0.57109654,0.090215966,0.4046266,0.01066995,0.4787454,0.25471476,0.48867714,0.38090128,0.29009187,0.17106406,0.5632788,0.0,0.13163923,0.89833677,0.023986269,0.3103578,1.3065968,0.037949786,0.35066321,0.63845813,0.6460325,0.027742013,0.73830134,0.34943736,0.14237612,0.7546877,0.31188,0.32533607,0.4464242,0.06965914,1.2513962,0.011611274,0.21545053,0.102855235,0.8695151,0.49686104,0.7001265,0.6223062,1.0825809,0.09058197,0.06469737,0.00077326683,0.38940746,0.79614073,0.7008383,0.35159212,0.15549612,0.15804619,0.027492357,0.36472267,0.139748,0.080701396,1.0636077,1.2895504,0.18298124,0.40225884,1.4722697,0.04815561,0.21087426,0.087190785,0.2622798,0.25034285,0.30649674,0.44693312,1.0014387,0.28053898,0.2567095,0.5862099,0.03621688,0.21120018,0.35565513,0.1059794,0.11827251,1.2323142,0.38751584,0.00059876504,0.28490728,0.059810877,0.0,0.06832482,0.19778524,0.07260075,0.08550978,0.37714356,0.23128559,0.2827281,0.26799506,0.11658741,0.83159274,0.34587955,0.6301856,0.41843402,0.7422399,0.42751867,0.30494273,0.2963777,0.7051442,0.14846198,0.074647814,0.29060858,0.8564141,0.20898607,0.009254402,0.19947934,0.303312,0.10064949,0.3134822,0.49929935,0.9676821,0.55209774,0.010019297,0.19358018,0.33158728,0.063847214,0.5284322,0.23740341,0.3230173,0.2239584,0.5852344,0.029752068,0.38699514,0.8601793,0.235783,0.037964903,0.3889681,1.1013587,0.15518361,0.26488632,0.0,0.95130366,1.2278711,0.019447517,0.022210674,0.2575172,0.13152823,0.35105014,0.451609,0.46987858,0.13872641,0.9946367,0.43019897,0.011468399,0.62600255,0.5056245,0.44694436,0.46785313,0.06770722,1.1557941,0.077384464,0.1010867,0.1455218,0.22162749,0.106018975,0.015145888,0.0023938566,0.22791672,0.37287003,0.11302267,0.114208154,0.49798208,0.4884364,0.57521635,0.123635255,0.22844705,1.5837483,0.0891398,0.44344038,0.40822777,0.22840261,0.77115047,0.31631273,0.01684563,0.2765927,0.17049515,0.57838297,0.06642652,0.8696611,0.12283078,0.09482586,0.24606353,0.06843941,0.57387435,0.26103848,0.15411048,0.07102388,0.06956735,0.2233094,0.2745226,0.32158068,0.69948775,0.44097674,0.44121927,0.52733684,0.10438368,0.00015666414,0.39807254,0.03436227,0.41133347,0.011460154,0.18496677,0.4574526,0.15101986,0.07307487,0.0020723864,1.49119,0.056869082,0.25620016,0.1935686,0.10935962,0.3949513,0.15320893,0.46383113,0.27734303,0.17329697,0.03454337,0.60611045,0.16812174,0.054889806,0.24579325,0.49769843,0.046794757,0.116960846,0.012690068,0.05237389,0.545025,0.0,0.24257533,0.0051086666,0.3732796,0.10328911,0.21251306,0.22753902,0.37397838,0.89280355,0.22143464,0.52222383,0.13151136,0.41547364,0.08241214,0.46669835,0.29602966,0.039661743,0.1978378,0.262111,0.40054333,0.47983173,0.25050917,0.14311591,0.020019054,0.040277723,0.44836962,0.37665063,0.06558327,0.0,0.8105185,0.031297132,0.023238216,0.001904464,0.0904323,0.027328124,0.014406273,0.004261508,0.0048626554,0.28196287,0.1514383,0.48466474,0.22804713,0.2313267,1.6482861,0.02144758,1.4105935,1.1158692,0.2464942,0.076618426,0.41771972,0.5007993,0.526197,0.06336436,0.4369167,0.0011426797,0.52608544,0.53626066,0.26485714,0.6591058,0.7984036,0.5659445,0.102293484,0.006172115,0.05477071,0.08641487,0.480372,0.22902569,0.18806422,0.041897517,0.18751565,0.10749387,0.08119875,0.4433194,0.18569908,0.10123809,0.65233696,0.19852166,0.33601844,0.03735412,1.3069215,0.6262958,0.07335608,0.6745858,0.055115543,0.047089145,0.08124087,0.7924642,0.015439664,0.059945133,0.40368387,0.26215386,0.24099346,0.045077685,0.3057714,0.7131462,0.776265,0.0062581594,0.2970268,0.096856885,0.05137167,0.69677925,0.6326337,0.21099457,0.7070222,0.048343398,0.27356485,0.55172,0.4539706,0.596583,0.4709416,0.29790723,0.5876945,0.28930512,0.19877742,0.14873609,0.30629224,0.75000435,0.0,0.07364476,0.43368733,0.4411145,0.4598515,0.6728278,0.42098847,0.12533629,0.0005545674,0.1068715,0.34136194,0.16107234,0.14695923,0.6633831,0.005052233,1.1426749,0.9148514,0.28297323,1.0687724,0.67860615,0.46678358,0.50614434,0.23988926,0.7298323,0.44088024,0.02432394,0.19464871,0.29553127,0.08506122,0.51649976,0.6823068,0.25595358,0.15383989,1.019736,0.13398768,0.2773228,0.7293135,0.014804079,0.3047148,0.43310094,0.08259649,0.09501322,0.72081053,0.14650595,0.18819,0.17029873,0.022313233,0.105099805,0.66029024,0.05683629,0.15412584,0.047928683,0.36780939,0.25473875,0.35351664,0.34743625,0.7633946,0.13656768,0.017400777,0.31839448,0.2267538,0.063651726,0.11552484,0.3972853,0.4147846,0.522716,1.226356,0.41825476,0.011140459,0.090680234,0.40800092,0.08300471,0.3754168,0.038859054,0.17540425,0.03908321,0.22389588,0.9425022,0.3052078,0.7436279,0.5543834,0.008450707,0.037260972,0.57168305,0.3474484,0.3569545,0.7319618,0.14852081,0.025486778,0.24409454,0.19142437,0.33624047,0.3014975,0.044142645,0.19109732,0.19007689,0.4724136,0.0516084,0.69079024,0.02152631,0.20020707,0.39672965,0.15484756,0.3808097,0.41183746,0.042364147,0.097145975,0.19055554,0.7290529,0.327417,0.96661866,0.08922973,0.32304856,0.10194349,0.115077406,0.04072559,0.29727376,0.6224204,0.90941095,0.1814324,0.13851579,0.17049593,0.41854075,0.076442026,0.1314348,0.004411388,0.1101388,0.46534616,0.5111501,0.16747531,0.58987033,0.114911646,0.30489054,0.21217608,1.3203883,0.056097172,0.09380836,0.4242015,0.24142858,0.1299905,1.0179474,0.18538624,0.027765026,0.1749622,1.0034481,0.044778187,0.6877112,0.3335897,0.19102931,0.11784981,0.07421701,0.16919339,0.11287755,0.0045051794,0.36455503,0.00052391307,0.12902217,0.75111276,0.12454859,0.38564882,0.75649345,0.290375,0.31632096,1.1116557,0.9442551,0.13968635,0.96453834,0.754886,0.07165103,0.027206954,0.29721504,0.13223201,1.3763747,0.08702192,0.12091556,0.8611969,0.13740227,0.47688004,0.3583821,0.20664287,0.26300478,0.021922067,0.10600664,0.06691132,0.2866444,0.06969147,0.31251097,0.05127285,0.05284051,0.053493325,0.50907797,0.12037709,0.15572508,0.21801598,0.4127139,0.3326825,0.24159712,0.029089274,0.5089873,0.117260106,0.0030723321,0.13787611,0.18798192,0.3675841,0.22450408,0.2737154,0.73732597,0.25158092,0.7036011,0.2991429,0.3021669,0.18973291,0.10860305,0.6072607,0.38539603,0.22729352,0.054756455,1.2638854,0.4036295,0.008205607,0.46320403,0.26502177,0.006846289,0.15058273,0.37486094,0.12856227,0.0029642,0.43377495,0.14808734,0.012876638,0.94322014,0.48504734,0.03149701,1.2685039,0.6427078,0.15419354,0.4596655,0.0045098215,0.12250926,0.2109367,0.56739557,0.012995447,1.0219456,0.05287364,0.19193904,0.17666233,0.23385811,0.05555947,0.27811158,0.320468,0.9158709,0.08846779,0.40043864,0.23135701,0.17826134,0.2814666,0.12260829,0.19567752,0.27891502,0.78500473,0.2796499,0.14713167,0.610802,0.68538845,0.6173075,0.39667475,0.36677587,0.42398334,0.06307937,0.19049688,0.432541,0.035187777,0.03642686,0.70316696,0.6701491,0.06754936,0.3900566,1.1057366,0.34630498,0.5879455,0.09531664,0.22402735,0.24115077,0.27883708,0.49606597,0.49405032,1.3827152,0.049731676,0.21974275,0.33920228,0.12585104,0.52017045,0.085153125,0.9938245,1.6008854,0.40238383,0.48621732,0.03685474,0.5034816,0.55887014,0.91346383,0.3737483,1.5212178,0.14518616,1.4406924,0.93772215,0.79492784,0.50658715,1.3523351,0.600273,0.78694665,0.052802414,0.08159826,0.07433747,0.7884662,0.5353675,2.0535007,1.2923677,0.5079476,0.20450152,0.10363209,0.42981803,0.93929994,0.1893478,0.65702283,0.056777418,0.4003442,0.91645235,0.24396542,0.106422134,0.513608,0.8578733,0.0011908339,0.6526817,0.516234,0.8399589,0.47448757,1.5139452,0.18603626,0.33762103,0.4828187,0.6107045,0.44837257,0.24229468,0.31749013,0.23867923,0.5366364,0.19484067,0.13728511,0.96605444,0.16073215,0.1494102,0.032688707,0.88583183,0.5948693,0.49410412,0.28181064,0.18865298,0.29998258,0.39339176,0.22808115,0.49396902,0.6471902,0.017732218,1.1729957,0.83368266,0.14503849,1.4619858,0.4331086,0.33435577,0.24260198,0.0036749477,0.9335567,0.09470464,0.4413017,0.11172938,0.17762177,0.38329998,0.7106938,0.35413578,0.16955352,0.8563762,0.36944848,0.3940588,0.18934584,0.99918664,1.0733082,0.39697158,0.5306603,0.22671118,0.5601268,0.060460113,0.5531335,0.5348121,0.76484185,0.0,1.3959835,0.16273955,0.5596411,0.1740998,0.8397658,0.319237,0.30031347,0.26298133,0.153885,0.03369653,0.34630644,0.37488988,0.06649227,1.1180822,0.08575209,0.95916605,0.055966143,0.80604845,0.07297094,0.5468789,0.45065707,0.282739,1.8287055,0.7108542,0.38306105,0.62979144,0.40431815,1.1427538,0.05329927,0.8697161,1.7306718,0.128809,0.27444458,0.005038471,0.15300004,0.0054958765,0.11475836,0.0,0.71270955,0.029406453,0.36509323,0.16821307,0.3346507,0.21826713,0.98587817,0.42759722,0.1823287,0.38835108,0.28303802,0.6738383,0.46655807,0.32009315,0.28756982
0.50034887,0.051692322,0.05759401,0.09715366,0.41126323,0.75344324,0.58824813,0.15426797,0.18765579,0.33087283,0.19594625,0.081575975,0.34622425,0.28981096,0.32920277,0.22607802,0.38230357,0.3602358,0.53866947,0.5679383,0.29311943,0.17349502,0.51187456,0.41146487,0.41553283,0.21349332,1.1083162,0.29086298,0.3898934,0.70945626,0.44992816,0.67705965,0.33327422,0.24608241,0.04993568,0.27606425,0.20044965,0.61476934,0.18923594,3.678104e-05,0.6039587,0.06757063,0.054090936,0.14525169,0.6798825,0.001565463,0.22726437,0.008221817,0.21825929,0.0979521,0.09735317,0.10804983,0.7542994,0.28980294,0.24018022,0.30368865,0.54259884,0.19787696,0.56774414,0.92347056,0.4988081,0.12265067,0.6229522,0.35495675,0.26126462,0.11547739,0.15692613,0.033871144,0.19099632,0.046397015,0.6359058,0.71923256,0.48670357,0.075970866,0.30217656,0.4874608,0.27996147,0.109312475,0.44874713,0.038224272,0.22222823,0.5672809,0.22003421,0.56813836,0.41867927,0.2280588,0.19709757,0.70854557,0.26720285,0.13324547,0.23970942,0.40659282,0.22493614,0.71244603,0.30032837,0.13971606,0.14260167,0.058912706,0.46755522,0.5779896,0.982788,0.8168714,0.40481615,0.18662304,0.7649278,0.48375162,0.42098856,0.6865593,0.08109341,0.21999694,0.07211885,0.14617434,0.46429837,0.09844442,0.24891312,0.4658646,0.3607102,0.5111785,0.58534753,0.65440136,0.4799084,0.5973687,0.43866485,0.13396813,0.012264969,0.4268961,0.06079346,0.08219235,0.11584723,0.14042538,0.2864109,0.52988404,0.14274858,0.033932857,1.3943076,0.21350563,0.4180349,0.48917997,0.010863931,0.13931754,0.27607745,1.2818733,0.11998738,0.1605148,0.087292425,0.582967,0.28928882,0.64966774,0.7636347,0.044498265,0.29029483,0.22988284,0.25776422,0.93571436,0.37931144,0.5973167,0.21189374,0.17862932,0.51957417,0.30080268,0.45567402,0.23703595,0.93110037,0.36952344,0.26586956,0.17388086,0.10649452,0.22501329,0.36544976,0.098908395,0.084938996,0.7606234,0.7266475,0.30911428,0.23414178,0.27577806,0.061759938,0.20429875,0.34274966,0.47815573,0.41971835,1.0686398,0.2764188,0.05378936,0.20970473,0.3787298,0.43550617,0.04677315,0.46211895,0.48912364,0.06200984,0.25300494,0.19508007,0.41756225,0.842829,0.021508427,0.46360546,0.04249882,0.5203638,0.10022968,0.078842685,0.117657736,0.12633389,0.24025604,0.33033863,0.28048825,0.5010315,0.19383408,1.2205529,0.62377906,0.103660434,0.31684816,0.14085242,1.4885025,0.5306416,1.0994014,0.9602612,0.1300712,0.5915172,0.12501138,0.6655512,0.40686977,0.06834632,0.4670809,0.71813846,0.49654642,0.37544408,0.50884414,0.95374644,0.17872244,0.0054238606,0.7803577,0.3516849,0.0,0.14604011,0.17110223,0.10215929,0.26479262,0.022762517,0.72735006,0.13436598,0.6255429,0.08537933,0.6915709,0.20448835,0.38696247,0.17943506,0.09943237,0.05497759,0.7235436,0.18959706,0.31966984,0.11833656,0.29682702,0.36508745,0.08445889,0.018424634,0.028645871,0.115692735,0.31402093,0.74633735,0.2723739,0.9555929,0.53636956,0.06729882,0.14004454,0.44662344,0.16002157,0.64563763,0.12508152,0.16726872,0.07920635,0.107501276,0.12684934,0.3937955,1.0898094,0.0602777,0.315991,0.5376489,0.23413754,0.5247951,0.39260533,0.5747815,0.15874669,1.0082245,0.44223073,0.34888583,0.33448374,0.19972868,0.32598168,0.310382,1.0642529,0.30604687,0.58030474,0.06373544,0.24093962,0.3391701,0.06791647,0.42956358,0.041467916,0.41715747,0.5418457,0.04544244,0.15583175,0.29813358,0.049364164,0.14484566,0.2942257,0.72420645,0.05165463,0.29795328,0.1374282,0.33747828,0.6773628,0.17074177,0.13730085,0.21025687,0.20993795,0.20216037,0.4715847,0.50852054,0.038355004,0.3836989,0.6958924,1.1113263,0.015985,0.09192224,0.45599684,0.12886713,0.072412334,0.41446885,0.37271047,0.027231613,0.28092957,0.5575201,0.6526402,0.45301902,0.026160492,0.08692091,0.45745802,0.3300955,0.076406404,0.8115996,0.17251708,0.49507424,0.18016762,0.01613934,0.39713508,0.27816862,0.80473495,0.024027154,0.30880362,0.22139846,0.34261632,0.26758996,0.12148006,1.0029635,0.11566362,0.06695672,0.25578007,0.39407408,0.18712023,0.03056122,0.02071782,0.28687936,0.18800125,0.58587396,0.38779792,0.3315265,0.45267057,0.57834613,0.122421205,0.40874866,0.20869254,0.19136238,0.13142762,0.2090762,0.07533981,0.6550847,0.06403738,0.18244818,0.3520726,0.24362864,0.1976535,0.5084678,0.10645154,0.26979166,0.435649,0.10055789,0.35366148,0.476705,0.16414575,0.6401238,0.09867752,0.15051991,0.17404723,0.4119508,0.07543505,0.4542509,0.008106313,0.47886795,0.25925052,0.04047171,0.45007342,0.052369863,0.42728993,0.07758461,0.36438462,0.44273683,0.16736889,0.047980778,0.23409279,0.14041767,0.2223967,0.13021167,0.3079708,0.20834886,0.022974858,0.2811824,0.39319113,0.445675,0.2788608,0.3432921,0.12297633,0.6288011,0.5132153,0.31022012,0.18371664,0.09893419,0.6465416,0.17621346,0.1488993,0.39107406,0.056281365,0.076134235,0.5614616,0.7175873,0.27048758,0.113301165,0.33899415,0.37577617,0.103985764,0.18223505,0.26201293,0.2721584,0.23352392,0.590876,0.14963232,1.000778,0.21810499,0.29165486,0.3960433,0.22628173,0.07098225,0.22564356,0.24695973,0.2043545,0.09025187,0.29309067,0.22341335,0.24779809,0.17419645,0.34228408,0.06565722,0.28797412,0.4944993,0.07191777,0.28214556,0.3491017,0.06447944,0.6577242,0.27028972,0.24159051,0.2878762,0.14314914,0.10687916,0.07481235,0.31090516,0.28787065,0.07599374,0.228255,0.6066618,0.16362512,0.33538038,0.16822417,0.50913644,0.061095584,0.5044576,0.34106863,0.33080485,0.1664535,0.18992737,0.38230106,0.06876306,0.18411824,0.25145006,0.1243294,0.26522866,0.30632472,0.6296331,0.29093024,0.6498536,1.1149867,0.46363494,1.0496686,0.07045563,0.68613285,0.110578224,0.38108698,0.27602875,0.63368785,1.0105854,0.11979368,0.0030485883,0.13340728,0.076694265,0.14097163,0.65115064,0.0975866,0.7829575,1.2868922,0.44450542,0.36026865,0.1461178,0.3179833,0.8093404,0.5379748,0.6469597,0.36638653,0.26997387,0.118649855,0.17171067,0.46254396,0.34984085,0.3527807,0.574749,0.39182472,0.28022623,0.27893865,0.19734335,0.28820583,0.39507246,0.26267147,0.08897078,0.2307786,0.12839118,0.22248794,0.08711876,0.35931218,0.2363825,0.6600342,0.12924981,0.04547284,0.11536424,0.023149261,0.2678598,0.33908764,0.31464094,0.35353482,1.142672,0.2840521,0.14012611,0.47767693,0.071944624,0.41164035,0.66520405,0.17296183,0.4230022,0.16627535,0.33360517,0.17471585,0.065937445,0.053970866,0.18733016,0.42339146,0.35808694,0.5607002,0.35627404,0.61205506,0.54584163,0.15653881,1.3560886,0.21232542,0.19906472,0.057860263,0.96933174,0.4313817,0.16325673,0.25103018,0.23530442,0.1996663,0.09754049,0.30282503,0.30712667,0.07546608,0.2403036,0.11347465,0.39667696,0.2681363,0.6386677,0.076261885,0.5179249,0.21614516,0.10031186,0.06033741,0.1345107,0.2333852,1.2612287,0.27341643,0.14538403,0.42820036,0.33104795,0.6951079,0.11161448,0.2854403,0.32907856,0.26139694,0.074840754,0.884625,0.14179875,0.16886961,0.25110394,0.10553705,0.9849467,0.06952524,0.86379534,0.15832669,0.26057172,0.19586292,0.29959747,0.3142711,0.357341,0.46968168,0.053056702,0.19384107,0.865669,0.4368061,0.5176905,0.64341724,0.59121823,0.2988365,0.6220822,0.15154463,0.4107221,0.5293389,0.007901399,0.14761113,0.008791925,0.12251285,0.6047069,0.404867,0.624934,0.37881434,0.05871801,0.2509427,0.52365524,0.27344882,0.66081715,0.2890036,0.17530869,0.09919134,0.24444817,0.053988963,0.7239374,0.3773815,0.292779,0.0861513,0.3814606,0.07599368,0.32194823,0.100859985,0.17708522,0.15275559,0.117168784,0.24844833,0.07635119,0.07025153,0.15087038,0.9418548,0.9437922,0.15167904,0.23318052,0.20261624,0.33347934,0.21003684,0.103469856,0.59197724,0.1512862,0.554096,0.6361898,0.9191395,0.6030453,0.047939543,0.49874574,0.31255522,0.6484425,0.13771404,0.62558573,0.32587358,0.17269742,0.29782373,0.5729175,0.20190641,0.43365473,0.41851273,0.3793734,0.3031166,0.40487462,0.27723175,0.58995146,0.1081651,0.12854224,0.5936663,0.8626428,0.22176753,0.18399748,1.4504721,0.304904,0.12616467,0.4090727,0.4746993,0.38314268,0.07107041,0.24440154,0.69723463,0.45214885,0.15931043,0.16114005,0.7263293,0.056845065,0.21356386,0.049003094,0.19040646,0.1487445,0.66956234,0.71532995,0.18729964,0.03266442,0.4247275,0.5367842,0.06177696,0.3011673,0.38666597,0.44429982,0.31938922,0.28165078,0.040748864,0.56696236,0.31270057,0.47831866,0.105374195,0.23195451,0.06777986,1.0526186,0.9551605,0.120402955,0.28005356,0.3007894,0.52970886,0.035499953,1.0498278,0.28958717,0.3960443,0.098020576,0.14928657,0.17111076,0.1333015,0.23435116,0.61130327,0.11898485,0.19391257,0.7670479,0.03359151,0.6173754,0.43939215,0.20508769,0.29076663,0.34897408,0.08757427,0.19479902,0.68061084,0.43882558,0.086759225,0.20354769,0.09155033,0.19596276,0.1791709,0.19229512,0.4011702,0.8029775,0.29192626,0.3897657,0.47136134,0.09667939,0.14867735,0.54390943,0.21296547,0.12633224,0.4923348,0.8777319,0.18482053,0.7308761,0.3910057,0.33876944,0.17083819,0.18280342,0.0277423,0.5491021,0.20119384,0.10770176,0.2381252,0.091501676,1.2041751,1.0369425,0.13076423,0.38248664,0.07914235,0.3475638,0.505651,0.10166566,0.16452292,0.24335004,0.1232154,0.2634399,0.0044647893,0.17573678,0.25921223,0.2717892,0.047467176,0.1445049,0.44118375,0.31104058,0.37691256,0.15066431,0.4076383,0.36405447,0.34575087,0.34800693,0.4980169,0.08154433,0.21932715,0.49397948,0.62734103,0.15814385,0.3589484,0.06984687,0.31361413,0.48633242,0.2753413,0.25495625,0.16435441,0.43778276,0.41131026,0.373918,0.13038507,0.09130092,0.32021254,0.5513062,0.045421146,0.1933178,0.31371343,0.07915741,0.33402768,0.61991066,0.08042092,0.11545863,0.3544075,0.58783907,0.26422817,0.048172817,0.24120155,0.16628268,0.21360551,0.88400185,0.22723679,0.16057086,0.41363913,0.13385786,0.20476079,0.7390903,0.16588971,0.0562665,0.3333543,0.26405388,0.15187678,0.3182038,0.11287281,0.09578388,0.29160056,0.6250291,0.19948205,0.036114253,0.3112598,0.34853718,0.06810237,0.21053171,0.5857011,0.32523137,0.6278098,1.3346506,0.033685956,0.8261627,0.1714077,0.5266259,0.42003077,0.06573815,0.1343014,0.864524,0.11537452,0.42839587,0.33818874,0.8216667,0.033770304,0.2786421,0.014598345,0.048641656,0.34817338,0.014495348,0.41235182,0.12446154,0.4919902,0.19239539,0.09049475,0.55233264,0.46985745,0.16526096,0.23872945,0.24172747,0.24659927,0.4751707,0.4861044,0.15760759,0.2625544,0.2015731,0.9129106,0.5675827,0.35943478,0.14674854,0.055151027,0.018938288,0.589471,0.11966883,0.55124414,0.029294945,0.6915606,0.6448839,0.115224,0.2899388,0.15043327,0.8838326,0.20584893,0.2631191,0.33695972,0.35476753,0.54863334,0.64957887,0.16672085,0.34663236,0.17564876,0.23504457,0.15258494,0.58630073,0.29541564,0.05408345,0.27763277,0.20875828,0.5374979,0.45247734,0.2868606,0.37154624,0.391275,0.115710914,0.25293896,0.39315683,0.04577243,0.31863353,0.21426335,0.20087534,0.09770157,0.10153237,0.15498975,0.061596148,0.23830466,0.0067241564,0.23719418,0.06694211,0.09832623,0.90234137,0.2740761,0.16732764,0.3738152,0.11972102,0.045687534,0.127496,0.14411119,0.6783229,0.13308775,0.23870766,0.37780288,0.40030244,0.582842,0.11360909,0.31516707,0.070862494,0.09270581,0.111095436,0.30747116,0.04321675,0.44100976,0.91853976,0.07772831,0.5379615,0.2634691,0.015176306,0.13600722,0.12802288,0.4505616,0.038485665,0.04058309,0.3999352,0.25314164,0.116229475,0.20759347,0.28876662,0.24064915,0.38807642,0.28975487,0.2496316,0.50596976,0.49404126,0.035244603,0.48879936,0.13387671,0.6535078,0.37549698,0.1504587,0.15248378,0.05935825,0.07283282,0.27258384,0.46110964,0.34694216,0.20296039,0.3470414,0.06666429,0.3396286,0.03402567,0.60257435,0.43261778,0.057626702,0.1489565,0.5313945,0.09076165,0.5234149,0.10601224,0.46298182,0.35317284,0.036824293,1.1949104,0.434746,0.0,0.14981845,0.09182745,0.6261366,0.19297433,0.56304455,0.24441096,0.20761536,0.008357132,0.32246333,0.03725569,0.35573742,0.80543154,0.15039167,0.21548167,0.21541882,0.1531016,0.50319254,0.40610304,0.08994481,0.36331663,0.49131277,0.35165882,0.51876926,0.3869154,0.015168325,0.5968314,0.16947536,0.7682005,0.25658774,0.55631757,0.07104655,0.24378473,0.7205998,0.1295858,0.045716643,0.33471173,0.23954046,0.076142,1.1070712,0.16499385,0.3785535,0.57252705,0.15628226,0.7772882,0.40274027,0.60506225,0.57761556,0.38182485,0.30721632,0.37005877,0.29007545,0.5512196,0.20849812,0.42850187,0.061674267,0.7767848,0.54452693,0.78088415,0.0017185033,0.14983699,0.54637396,0.40044734,0.24320683,0.84163296,0.07452563,0.17537206,0.23644848,0.33468014,0.95322543,0.8869427,0.120928176,0.03068253,0.24524045,0.4513753,0.7748932,0.021298457,0.09706251,0.5949462,0.50690264,0.46255258,0.9146534,0.32051015,0.2394456,0.35482797,0.6879726,0.087611824,0.25139657,0.22881216,0.5779257,1.0508589,0.042238027,0.21358065,0.8188466,0.702211,0.22853085,0.046964325,0.4068538,0.32020083,0.57081234,1.2486999,0.12828127,0.3313748,0.07343231,0.2176188,0.10460835,0.23974901,0.08123809,0.3656602,0.36564887,0.46158212,0.5485251,0.016430615,0.07793426,0.31670776,0.5048746,0.09046588,0.39490068,0.09168214,0.0,0.29931158,0.26896062,0.50800943,0.09454946,0.2216902,0.35739756,0.06716221,0.07308573,0.13682692,0.16621742,0.14801385,0.21258037,0.24677111,0.55013895,0.7451266,1.1484894,1.2230121,0.38127592,0.22180106,0.61841416,0.2978958,0.22686483,0.5803348,0.08757287,0.20381118,0.93101215,0.08187166,0.85615253,0.039355807,0.53660536,1.0494176,0.006841778,0.08211077,0.16646273,0.0038290655,0.70709306,0.29829332,0.4489603,1.2289706,0.03731671,0.6210002,0.21394607,0.9664576,0.22856236,0.26575536,0.5824642,0.7201855,0.4878509,0.22697325,0.37794164,0.5587667,0.18474802,0.17024304,0.6128863,0.7455518,0.15665776,0.11921215,0.94668746,0.6050894,0.01374466,0.28770941,0.090722755,1.2173669,0.074607566,0.63570905,0.5718416,0.2556948,0.026263509,0.5914979,0.07919279,1.3737028,0.2855384,1.2603207,0.21694925,0.08186207,0.22351524,0.3811835,0.5802836,0.12906258,0.63190347,0.009766915,0.15212096,0.27408284,0.24724266,0.52022743,0.45186502,0.16867065,0.5649872,0.0,0.14690739,0.9789689,0.14362794,0.27429545,1.3737931,0.2430177,0.29517183,0.909743,0.7392929,0.18001162,0.9857014,0.3282592,0.13975517,0.9835122,0.20875105,0.3017972,0.21978793,0.08355412,1.0773947,0.068790436,0.3620293,0.17863405,0.73776495,0.8007866,0.6253731,0.36515117,0.8857126,0.15741977,0.15053736,0.113385245,0.57311517,0.82080096,0.34902963,0.42224786,0.2736085,0.24494046,0.15065867,0.565173,0.22822765,0.31025875,0.7084863,0.9222641,0.27242672,0.66980016,1.100097,0.035959333,0.5081192,0.4935585,0.24532592,0.25775045,0.36024663,0.66295135,0.73612857,0.8739476,0.5248443,0.41894603,0.029331142,0.21563154,0.62226975,0.27619404,0.070129134,1.117567,0.39999616,0.20661888,0.6910093,0.27421346,0.050814774,0.122808605,0.07827864,0.09872955,0.31806558,0.33687705,0.12355833,0.4556089,0.5349047,0.08159904,0.7200265,0.3786906,0.3954361,0.89768326,0.5482574,0.44316563,0.42172736,0.14484604,0.6351802,0.035461083,0.037026398,0.60845065,1.3559089,0.40108663,0.045611866,0.5843913,0.31673962,0.16981423,0.25143933,0.47335848,1.1959057,0.6390631,0.014006379,0.2982238,0.7425205,0.066345215,0.8491782,0.21727102,0.54022306,0.5042747,0.3900655,0.19729683,0.77454704,1.0893369,0.3803143,0.105037235,0.17294855,1.3448308,0.24679714,0.043321148,0.035016537,0.7268609,0.7941278,0.024815666,0.13903844,0.17423685,0.08907491,0.64845335,0.6130365,0.34920597,0.15064032,0.6868106,0.2040112,6.406973e-05,0.7319807,0.5276607,0.45951954,0.96013355,0.03188034,1.0035533,0.19568911,0.14354947,0.1433678,0.23574698,0.21489441,0.043525003,0.038361907,0.24787006,0.41103876,0.37994823,0.4854827,0.80615664,0.61116374,0.91609585,0.30448362,0.29912752,1.4311937,0.093576476,0.42041504,0.73650587,0.48119962,0.75137556,0.40352798,0.04718275,0.3910372,0.3926549,0.9065083,0.104924485,0.777763,0.21097136,0.03204727,0.101667345,0.008235415,0.9220389,0.45112294,0.17199257,0.012989954,0.13951913,0.50779086,0.32033622,0.19984113,0.32201374,0.39346826,0.80383646,0.5051776,0.16296767,0.036366433,0.65448654,0.07205478,0.7378179,0.0017594534,0.42475665,0.4230101,0.31459406,0.04718133,0.21222758,1.0687859,0.47203764,0.202067,0.35027784,0.33450708,0.66534984,0.27537927,0.59685767,0.4575767,0.4999683,0.11257678,0.6044362,0.32865587,0.1693134,0.2229031,0.5498669,0.1530063,0.176019,0.046903245,0.14834711,0.46765625,0.004880876,0.3988514,0.0030843373,0.4543509,0.22391194,0.64681435,0.4735812,0.34241772,1.3963704,0.42745063,0.737036,0.17626736,0.45151013,0.019364774,0.37795585,0.41763586,0.19579022,0.23583472,0.5971084,0.6673055,0.84124285,0.38146716,0.22613843,0.012562726,0.034091007,0.7354791,0.42655888,0.10753308,0.0,0.7523047,0.14956029,0.056240015,0.23229437,0.23815444,0.09687315,0.13231236,0.0,0.004181115,0.37162268,0.22729066,0.43798277,0.29739583,0.14019176,1.2759714,0.0018137706,1.4435451,0.96062624,0.63041973,0.051721215,0.68046796,1.0930347,0.36941272,0.0,0.6430106,0.020448366,0.7978438,0.38692504,0.36790526,0.2603457,0.8534219,0.5290457,0.12996489,0.08284908,0.09030284,0.18940167,0.15039328,0.5784383,0.16127583,0.065519184,0.49414444,0.27915108,0.0932001,0.50351787,0.29421043,0.020287331,0.36951345,0.0015996519,0.46594763,0.13428484,1.3090303,0.92837226,0.13220131,0.5419381,0.25778234,0.049910188,0.027779171,0.731508,0.018754836,0.19520524,0.29654378,0.53444535,0.15808095,0.05172217,0.40059608,0.9521419,1.0955002,0.075278856,0.22732033,0.08581126,0.1155868,0.82569027,0.7451072,0.21001418,0.5648079,0.043821152,0.10573602,0.34959567,0.94742566,0.5939044,0.82057023,0.47303346,0.8114097,0.4813751,0.15172678,0.045596868,0.76830506,0.8271587,0.0047651744,0.35774222,0.27760598,0.21711427,0.5300919,0.9780171,0.5637177,0.16106412,0.0,0.3252748,0.45114586,0.27779984,0.5189082,0.83175445,0.1893964,0.77603644,1.2007136,0.39229384,1.2055242,0.28399938,0.43831128,0.7147722,0.7155398,1.1935644,0.4681785,0.07404426,0.4515803,0.6797334,0.060208306,0.41711926,0.5888272,0.11771835,0.13832681,1.0291665,0.23778354,0.47160715,0.74705386,0.030133229,0.08763835,0.5168827,0.37149122,0.082037315,0.5034112,0.1090932,0.060711008,0.3266071,0.19169861,0.44505355,0.8094618,0.14768764,0.38603896,0.2375234,0.6292969,0.36787835,0.30881584,0.44759938,1.2377245,0.069426514,0.05025672,0.4437695,0.36155885,0.123018384,0.19938517,0.67163646,0.2770424,0.43717253,1.7326291,0.7436846,0.20473468,0.29093307,0.385665,0.23339906,0.4300474,0.09371013,0.32722402,0.09868103,0.37942958,1.0000286,0.34153512,0.83739007,0.4483295,0.12622142,0.04840679,0.32260734,0.69980145,0.54217446,0.9080745,0.40761152,0.1291348,0.6120788,0.50780547,0.19929078,0.51966625,0.17506705,0.65686965,0.13906711,0.92556626,0.20384791,0.24290967,0.16313507,0.1923508,0.9639515,0.2536189,0.5617578,0.44250003,0.15199739,0.123578876,0.3863831,0.7842399,0.29226053,0.94257903,0.16971174,0.22706673,0.13800389,0.13435824,0.07392527,0.50474066,0.9824539,0.7561132,0.20363046,0.14302269,0.16777539,0.6504845,0.09150817,0.1013547,0.017324232,0.5057913,0.52,0.48432663,0.48067856,1.3756448,0.22255456,0.25465375,0.08236345,1.2124016,0.28250635,0.33525908,0.74860513,0.15176229,0.08595955,0.6955514,0.39575928,0.17386791,0.17822653,0.79643583,0.25116238,0.53788114,0.21540739,0.55288965,0.2463285,0.06798512,0.1382832,0.06467627,0.0700625,0.512533,0.02586193,0.090594955,0.7853121,0.16673502,0.28659958,0.47760254,0.52675647,0.24027878,1.4695432,0.5481544,0.49998528,0.8435513,0.7727014,0.13781774,0.16658103,0.7144462,0.03947989,1.066492,0.19576536,0.01427717,0.6951897,0.37643617,0.88555574,0.1536402,0.28417426,0.20760038,0.05433534,0.29918295,0.32169843,0.20027456,0.09286476,0.27565432,0.052518073,0.08232083,0.028106667,0.07855397,0.2527759,0.0110032745,0.29866558,0.56038827,0.44019336,0.21873042,0.16884449,0.8169218,0.15965736,0.019032989,0.1218061,0.24780187,0.47153988,0.2861492,0.27286357,0.47180396,0.22924237,0.9318378,0.78964853,0.085185416,0.07088093,0.18706025,0.2703951,0.4958261,0.16952537,0.11853881,1.0418227,0.57235533,0.012858987,0.7793452,0.17758176,0.0,0.17210421,0.84620297,0.17645112,0.028055433,0.7728274,0.34546274,0.059211284,0.3973021,0.6797544,0.014609867,1.8935647,1.0066127,0.18658702,0.5002629,0.016142292,0.06208289,0.17584883,0.36001655,0.0018599846,0.6250795,0.07170274,0.10137504,0.3635489,0.4282409,0.04791823,0.66171217,0.59385216,1.570359,0.33716884,0.3598115,0.13459909,0.4742322,0.26498842,0.06850558,0.48447108,0.5185278,1.2605639,0.33492437,0.1487912,0.57024,0.51690894,1.022452,0.60422635,0.21991318,0.48105,0.3372674,0.4346751,0.4438406,0.119669765,0.08663479,0.79355055,0.7157304,0.1490264,0.14878532,1.4173744,0.087409146,0.474501,0.15871319,0.09972389,0.1796384,0.2631197,0.5206036,0.5960536,0.7839161,0.037274826,0.2246032,0.37738675,0.363168,0.66376895,0.11710051,0.7563902,1.6481078,0.33063823,0.32047305,0.045057803,0.34439823,0.4100277,0.5494503,0.37098214,1.4939444,0.16243258,1.3490341,0.8157154,0.84993196,0.6331458,1.0796162,0.3515714,0.4798985,0.09390559,0.17212096,0.052980505,0.6619356,0.7649109,1.7672546,1.5649842,0.3097265,0.24651879,0.102777526,0.46672136,0.73779505,0.10218736,0.433756,0.1634246,0.35160738,0.9201474,0.26534992,0.16503614,0.7183682,0.9026754,0.0,0.8980731,0.8195946,0.5063826,0.3734193,1.4630423,0.08837326,0.23504302,0.2961296,0.62841487,0.4756973,0.3782073,0.37193123,0.12599383,0.7175374,0.4307102,0.044721838,0.93713516,0.126154,0.10957508,0.0069590714,0.874855,0.8784033,0.22571114,0.10272077,0.74234533,0.35191733,0.4242212,0.078336224,0.55818254,0.695011,0.017095052,0.72485214,0.63220644,0.7453457,1.2333785,0.37113142,0.3404541,0.20376115,0.09540382,0.5953876,0.58183104,0.63144827,0.21886498,0.03066067,0.28297403,0.6584614,0.5370237,0.5923391,0.22199792,0.43240535,0.08957782,0.07643466,0.8542551,0.7562299,0.2867885,0.36063287,0.3019891,0.5510262,0.16066042,0.81985825,0.48775604,0.94832844,0.01942357,1.9156301,0.35588714,0.5696993,0.2772171,0.646309,0.3967224,0.2741226,0.16161321,0.15628389,0.07557075,0.55550086,0.2732298,0.11678323,1.0259067,0.15246172,0.8181143,0.19285625,0.7344587,0.5471849,0.62524647,0.3971876,0.32951865,2.2401772,0.72843075,0.28587383,0.31252402,0.649031,1.1400639,0.11966678,0.5190415,1.404188,0.23773977,0.12788796,0.0025791936,0.24368173,0.0,0.017696917,0.0045190523,0.9528271,0.013946818,0.51525337,0.41452175,0.6247905,0.37825426,1.7082629,0.46098852,0.169526,0.8856797,0.79379207,0.7412499,0.2521698,0.017605234,0.025581244
0.64120317,0.09596999,0.06470947,0.056794297,0.2717079,0.8121612,0.3369677,0.27209583,0.17000899,0.16438144,0.29769695,0.13183394,0.10360234,0.52737707,0.236635,0.25271878,0.4764946,0.51958656,0.31947303,0.8021548,0.45932615,0.2175082,0.8263891,0.18744159,0.3025629,0.3943361,0.9135089,0.25700414,0.25976053,0.8447638,0.32696635,0.900704,0.57455105,0.46482465,0.08051989,0.14977676,0.28435957,0.6742644,0.47298995,0.050662737,0.8849169,0.024305433,0.03193637,0.07993545,1.1480553,0.011326231,0.18860975,0.086180285,0.4266559,0.099002294,0.13340005,0.08965546,0.59431314,0.47231326,0.2865287,0.26853693,0.8940411,0.28015137,0.5624653,0.6539887,0.51964366,0.28029537,0.79265255,0.3596707,0.3535873,0.10737464,0.23972759,0.02425744,0.15456723,0.045034785,0.51823807,0.6533271,0.45634472,0.10853244,0.2994964,0.39796752,0.38892892,0.31038308,0.4236104,0.10710794,0.34924078,0.62041485,0.24860477,0.45326248,0.5452548,0.21943593,0.30043584,0.32155576,0.18334578,0.22901866,0.27632242,0.78102905,0.2520784,1.0834304,0.2945546,0.10468146,0.15567073,0.03034519,0.3885063,0.6338303,1.1021414,0.963839,0.45789486,0.12840219,0.78974473,0.39916384,0.50524855,0.5759799,0.2030399,0.398826,0.30632925,0.3333974,0.6358731,0.18942314,0.3547366,0.5221528,0.21253464,0.5988017,0.6709479,0.53836364,0.38156655,0.45557818,0.46782315,0.25447285,0.0120977415,0.6006757,0.036740173,0.12945163,0.20658728,0.12533565,0.2174861,0.47154176,0.28148106,0.15492378,0.9896249,0.3687216,0.543589,0.55298436,0.050679173,0.09898743,0.31030777,1.2288208,0.12934121,0.24888033,0.059082277,0.7764495,0.20476443,0.81745434,0.63261974,0.04245296,0.2971465,0.20075797,0.16703278,0.9404885,0.47849947,0.8038374,0.20008752,0.25710848,0.4820141,0.36159676,0.6295309,0.4988898,0.54525197,0.4931141,0.24981761,0.182973,0.11657761,0.13989058,0.30744466,0.09898067,0.014366444,0.7668861,0.8067724,0.34070247,0.296324,0.24186331,0.10817906,0.17126073,0.41018695,0.35669854,0.58114064,0.88272953,0.24328612,0.12235009,0.2759536,0.4922165,0.43090504,0.061958622,0.5889788,0.3233084,0.06426902,0.28963947,0.137193,0.3063893,0.63309854,0.017582834,0.4623455,0.016303893,0.46549258,0.11699186,0.04483059,0.14171562,0.16766778,0.4262118,0.42820042,0.26527828,0.30243483,0.40178198,0.81223416,0.53425485,0.039069045,0.32938296,0.2783104,1.4090408,0.6040991,1.0619563,0.91443384,0.2231838,0.7503947,0.2724647,0.83272034,0.35503834,0.030483648,0.4546925,0.53614163,0.49082366,0.52453077,0.49663687,0.9332219,0.16402495,0.05078113,0.23216093,0.21178232,0.05595886,0.18579262,0.20024979,0.08136827,0.18714133,0.10693628,1.0426041,0.17737113,0.6629552,0.24423224,0.57123107,0.2924628,0.25215685,0.20825277,0.09762844,0.018096888,0.7759226,0.36250392,0.33131057,0.13120207,0.14109695,0.21682292,0.17697847,0.11354543,0.08090873,0.06420224,0.14707574,0.4361889,0.28247476,0.66331995,0.41803062,0.12206052,0.18647069,0.61549187,0.13792637,0.598246,0.118180394,0.26107433,0.16398841,0.39531952,0.043614574,0.41395366,0.96037114,0.0766636,0.4908194,0.3327519,0.19875547,0.55937594,0.28241745,0.5103128,0.15965165,1.0977353,0.1921737,0.73243046,0.48773944,0.17072266,0.7343903,0.49293113,0.84896123,0.16292694,0.4873893,0.18570393,0.3091547,0.4327529,0.09060526,0.47746113,0.1269104,0.4515253,0.5865574,0.14154166,0.07896538,0.40395573,0.05368679,0.2632408,0.4113735,0.5348427,0.12766972,0.2594732,0.23158786,0.25431037,0.9797817,0.29496258,0.10584755,0.1542084,0.1338603,0.29944733,0.20220673,0.18663375,0.3043958,0.14813922,0.41158724,1.0712214,0.1547759,0.1399075,0.40422565,0.2646191,0.13308226,0.6127524,0.24243344,0.026838927,0.23568322,0.51252216,1.1290643,0.4661004,0.2979157,0.31012094,0.24938548,0.20705077,0.11173552,1.0076938,0.4256984,0.21376246,0.49971995,0.07657097,0.35925162,0.1742505,0.76519954,0.1825782,0.44129547,0.21437344,0.18737346,0.31045264,0.11919525,0.96362215,0.13500215,0.31333333,0.23150581,0.27180523,0.20953283,0.06395903,0.13744055,0.24226652,0.21217266,0.34353375,0.60938776,0.26565942,0.33635268,0.78259754,0.36761546,0.45068553,0.3419776,0.23802382,0.20351487,0.32130364,0.18307278,0.62596714,0.08694761,0.30680436,0.2511852,0.24120682,0.35728616,0.52060455,0.34421653,0.3074304,0.33807817,0.38457525,0.19497132,1.0174607,0.19589823,1.0052874,0.14984646,0.24403189,0.41752332,0.31232253,0.13302961,0.9208711,0.18002005,0.5056982,0.5605774,0.15519573,0.53169066,0.056282893,0.31449068,0.054724917,0.42047325,0.20890859,0.2444278,0.21347219,0.71437603,0.2006416,0.4361293,0.10413169,0.38079506,0.5374956,0.08060285,0.4795187,0.29698342,0.30015606,0.32579333,0.30928743,0.08021733,0.26170272,0.25490117,0.40200743,0.12757587,0.3729812,0.70359564,0.035246518,0.33193648,0.594255,0.13114864,0.065680236,0.4981622,0.1447493,0.25197923,0.0884152,0.56896746,0.70482814,0.043377914,0.10497293,0.32748368,0.12564541,0.2510579,0.85043836,0.35600454,0.7785578,0.20799409,0.17022263,0.5048795,0.35221013,0.11518168,0.09251533,0.02494178,0.29069275,0.38378376,0.5732045,0.3235289,0.3028725,0.65843916,0.20163585,0.41331437,0.56499153,0.39058086,0.16022931,0.33485234,0.3775925,0.2602201,0.4507269,0.41979304,0.13856755,0.38389614,0.41693866,0.1714425,0.1868472,0.4261193,0.2139346,0.071628265,0.39987814,0.6404664,0.32160172,0.17047988,0.22738472,0.38983685,0.24263698,0.44140574,0.09969755,0.630569,0.091186345,0.41116074,0.25353888,0.100243464,0.40241677,0.5922183,0.21072836,0.16452211,0.30211255,0.63642764,0.23407789,0.9066942,1.1799258,0.43803114,1.0783958,0.12291176,0.9883418,0.27737978,0.39809543,0.21693906,0.4516916,0.5199717,0.3078557,0.003829007,0.28614885,0.13893107,0.30777776,0.5515468,0.19822899,0.87850344,0.8906449,0.43121037,0.37835494,0.25758988,0.42593613,1.059621,0.66954327,0.39573044,0.8311809,0.48127726,0.29288113,0.30838528,0.40368178,0.46387652,0.11630922,0.33511096,0.31700337,0.1376233,0.48548052,0.13394687,0.6503399,0.42574483,0.25808457,0.1882663,0.19666106,0.17928499,0.14915389,0.18688883,0.59187084,0.32115364,0.5162431,0.11606904,0.06714417,0.40958476,0.23129344,0.14291129,0.2601982,0.45526397,0.15610397,1.0316253,0.77639866,0.24630442,0.39533722,0.112617314,0.39540794,0.59356123,0.27100396,0.14630036,0.12850517,0.13744503,0.15715685,0.051599383,0.24791296,0.2528568,0.18142375,0.25886723,0.20993423,0.54166865,0.90260136,0.57509744,0.18639061,1.0731714,0.15882044,0.28477436,0.27063352,0.49108824,0.25530368,0.21291679,0.35227865,0.23705655,0.18446144,0.297138,0.17672318,0.15669015,0.22452569,0.19190432,0.35694015,0.7668904,0.43737155,0.88710696,0.07143037,0.56781316,0.22199406,0.12907991,0.10534894,0.24022813,0.6722233,1.7095039,0.23186004,0.16257346,0.13528566,0.53786385,0.16852276,0.11732002,0.32570362,0.37369537,0.15757811,0.29428464,0.45275584,0.10777778,0.2492871,0.30453575,0.16251265,0.6742773,0.08972901,0.6514832,0.22166577,0.27009502,0.93297577,0.065624245,0.3700789,0.26098225,0.4939786,0.26830143,0.32573497,0.39415115,0.5002214,0.44999707,0.8094468,0.44560814,0.16244218,0.3607695,0.19372968,0.6673729,0.264925,0.122012004,0.25823885,0.025130417,0.1576673,0.54989624,0.33409646,0.86275876,0.519365,0.1472335,0.3767507,0.66208595,0.55683404,0.76736516,0.9413103,0.12389308,0.108202286,0.6711867,0.19489703,0.31434688,0.26857764,0.44948983,0.3259838,0.20031452,0.3245954,0.40796086,0.084199905,0.16257553,0.17585231,0.13121176,0.12889639,0.1567546,0.2947399,0.011063928,0.9275396,0.95873874,0.03591735,0.24228626,0.32820725,0.5617121,0.14319469,0.13524973,0.1576586,0.009843075,0.6090772,0.86089325,0.36676192,0.24671146,0.3055125,0.35723487,0.1338578,0.2346625,0.24641684,0.37173727,0.2868972,0.16113488,0.2713073,0.5227699,0.1197195,0.48202854,0.91716146,0.30264497,0.3557801,0.36381173,0.17091238,0.23950176,0.024997026,0.24201825,0.4358762,0.92084646,0.45511675,0.32481456,0.9837122,0.10649473,0.31806728,0.66114354,1.4805611,0.46925938,0.03718798,0.3164325,0.74193275,0.53134966,0.39317805,0.09183781,0.53284425,0.055365995,0.23820353,0.18508033,0.0018091734,0.350503,0.63565296,0.7971016,0.63004017,0.05494792,0.25334984,0.5579048,0.09415223,0.3733304,0.48085737,0.29003662,0.55679417,0.40553847,0.0141878305,0.48196226,0.5237432,0.46388477,0.60297096,0.054422542,0.06058934,0.5733267,0.7314183,0.20140123,0.10845072,0.37312484,0.030156244,0.020648628,1.2821565,0.6325217,0.037211575,0.20913284,0.09022947,0.4038175,0.071532175,0.30323425,0.6833839,0.2584545,0.07637903,0.5758734,0.3172542,0.92422503,0.35513514,0.14435561,0.3800438,0.17279567,0.36973202,0.1113608,0.5592277,0.39016604,0.13025844,0.88335794,0.22490397,0.16678777,0.07552002,0.42693073,0.30495244,0.48917732,0.62681866,0.37542,0.38396704,0.12953603,0.0380944,0.24408054,0.09320962,0.367801,0.2585478,0.34177566,0.062486347,0.6725046,0.4115274,0.46373442,0.35151833,0.33933842,0.1696765,0.803847,0.19096535,0.2611137,0.23211208,0.21977077,1.2187928,0.9853461,0.3054967,0.35185778,0.06577606,0.74048054,0.28661412,0.6254523,0.20075673,0.1783604,0.17815933,0.34145924,0.030393865,0.3802449,0.46973532,0.26212737,0.2062487,0.079745285,0.5253,0.08887399,0.21036804,0.43414792,0.7951571,0.7722219,0.16155463,0.3316151,0.45568871,0.16774867,0.066666335,0.48687744,0.8147803,0.11998993,0.45996004,0.091452986,0.18721336,0.26537848,0.50343513,0.25063136,0.19468425,0.8810632,0.11492583,0.3490294,0.0370002,0.09849624,0.24463621,0.118030325,0.09690773,0.26230863,0.08593361,0.0271694,0.17483488,0.5757571,0.18897313,0.19828808,0.11461988,0.37174433,0.18866518,0.067981705,0.40372255,0.30671436,0.4273499,0.72202516,0.3387102,0.087071195,0.21206427,0.34902894,0.044787478,0.38630325,0.18066046,0.04735881,0.3676096,0.24069738,0.27519244,0.4632818,0.22892018,0.20349175,0.5376185,0.13726695,0.28679806,0.08654082,0.15068823,0.4178723,0.287627,0.23138538,0.7659539,0.47848195,0.3807138,0.5787114,0.07667865,0.569732,0.14516275,0.74164814,0.11390258,0.18363565,0.020695869,0.9700791,0.051994488,0.25721383,0.6471648,1.2218361,0.117799334,0.12823136,0.039887276,0.031160593,0.28488287,0.047898427,0.91491055,0.07885389,0.7901975,0.18026635,0.25237232,0.1814498,0.2034894,0.30699974,0.29811808,0.1250171,0.49310026,0.59932804,0.3208977,0.17742011,0.27836064,0.26277992,0.7310785,0.5057651,0.8515352,0.13122681,0.2449686,0.08817822,0.76145107,0.108931415,0.21777003,0.028878236,0.7684293,0.61545,0.44266683,0.3621721,0.34945294,0.791086,0.08811273,0.22237056,0.43937212,1.0243887,0.9027609,0.7221675,0.45878315,0.64641976,0.20373681,0.26622528,0.15594971,0.25065297,0.36245507,0.050531957,0.2292623,0.38870353,0.7684561,0.58522564,0.21110365,0.40452865,0.58171093,0.187588,0.31713125,0.2727788,0.26379567,0.111144565,0.054437615,0.18515135,0.18138959,0.083111584,0.2802795,0.0001805927,0.2256315,0.0,0.19548461,0.046823084,0.42586598,0.7662097,0.35804155,0.08513689,0.05430361,0.5862726,0.11288406,0.2173942,0.11476588,0.7554675,0.22403595,0.2225065,0.45935833,0.7375551,0.48483697,0.17201759,0.5598979,0.15777586,0.032038387,0.05038166,0.22498439,0.032667823,0.5223612,1.2657676,0.23395893,0.52732414,0.31701404,0.22579145,0.20887388,0.23865277,0.58049774,0.11629674,0.13071151,0.1532746,0.29989845,0.27920052,0.2534455,0.46660268,0.10081378,0.4350568,0.21182323,0.1592875,0.7564875,0.44335842,0.11404027,0.5660038,0.16932793,0.23599486,0.3038342,0.12663892,0.18246706,0.18456027,0.113386005,0.12765229,0.36124188,0.300555,0.552014,0.40120453,0.17015237,0.24838972,0.10520434,0.7410675,0.45704845,0.10528122,0.37561205,0.38603306,0.15060514,0.83440137,0.017302135,0.19302726,0.12464467,0.35713506,0.9698373,0.48278362,0.10921621,0.3760959,0.2883159,0.59923357,0.57654566,0.98885375,0.099401385,0.24897085,0.014985647,0.16059329,0.051241335,0.37361076,0.8237871,0.16303945,0.33709258,0.29035133,0.18287364,0.546347,0.24526483,0.13902806,0.5385965,0.36669895,0.65110004,0.40083873,0.51065326,0.06994723,0.24349032,0.12294443,0.4618542,0.030017257,0.6531073,0.10940665,0.11632123,0.9685919,0.06616531,0.1416151,0.27870107,0.28477564,0.18417186,1.2987195,0.33264744,0.3857986,0.80488634,0.15674958,0.7063944,1.0131395,0.691133,0.6497538,0.6511086,0.31784317,0.38285762,0.095528156,0.44695944,0.1503317,0.25919485,0.057808764,0.82676625,0.7369231,0.8618635,0.1306621,0.13182805,0.5460218,0.6889963,0.00598112,0.79262596,0.27158,0.103232086,0.7969142,0.44056526,0.86406237,1.0377731,0.09744232,0.04911304,0.28663725,0.2090275,0.844817,0.093466684,0.31053686,0.38981837,0.5669035,0.47595447,0.9515132,0.395652,0.16058592,0.26532945,0.64154816,0.053756986,0.04601985,0.47891656,0.5254907,0.88514733,0.21977337,0.3930077,0.73483205,0.5794592,0.30498612,0.27037892,0.52800703,0.41914952,0.4426171,1.7205757,0.060876407,0.08980976,0.071079634,0.2292211,0.07470989,0.5548772,0.3521628,0.994666,0.47430485,0.55320954,0.4606583,0.049763527,0.025582759,0.24031785,0.74665284,0.065648034,0.168788,0.10957006,0.12812766,0.4567057,0.21553998,0.28666338,0.07570539,0.3186022,0.11038109,0.0,0.23909554,0.047522753,0.14421351,0.5433137,0.29561397,0.23551597,0.22931832,0.7044985,1.1867392,1.2330862,0.4134661,0.37076107,0.6522418,0.3387317,0.13302545,0.88020104,0.12126019,0.099862725,1.4395987,0.10345207,1.0984405,0.12913343,0.6139703,1.3053843,0.010849412,0.096745685,0.057192788,0.0036275196,0.5627737,0.2778045,0.58657414,0.89539826,0.0044037774,0.5756792,0.35084817,0.5185595,0.18926358,0.4906368,0.75943923,1.0483105,0.7276807,0.23089248,0.27547592,0.4537605,0.89086103,0.11795828,0.35942388,1.1971201,0.31542882,0.28065136,0.9757841,0.6082549,0.00015758014,0.36834398,0.09773543,0.8975918,0.11408515,0.43431395,0.35022813,0.24202856,0.1517891,0.71708643,0.13176522,1.3941429,0.69392645,1.3967795,0.04099628,0.1055997,0.30726945,0.6373442,0.8050249,0.10353131,0.44979918,0.0711084,0.13176471,0.3790701,0.6067578,0.75288105,0.58083075,0.32303515,0.5084035,0.07023324,0.32396615,0.68264556,0.13941373,0.25877953,1.2289479,0.15661429,0.21130815,1.1147468,0.5300491,0.14457494,1.2158741,0.5672272,0.064512745,0.910895,0.2674017,0.31602165,0.30979902,0.07734052,0.99092454,0.0008345127,0.13551638,0.33033437,0.98129404,0.63767767,0.68908817,0.18479793,0.96918267,0.024370862,0.24803187,0.08907153,0.67879766,0.44878536,0.57456625,0.25687692,0.3284437,0.0007871116,0.14258821,0.73888826,0.095737346,0.30302525,0.6292166,0.9656867,0.01982942,0.25701737,1.5431839,0.04466677,0.49143463,0.52413034,0.12738281,0.23042446,0.32190126,0.21426147,0.97948277,0.81288004,0.64846236,0.28127462,0.11970242,0.17565218,0.32504967,0.11004053,0.01946739,1.3359768,0.092109114,0.046600237,0.59459007,0.10540546,0.009752078,0.030567043,0.003888279,0.14845243,0.29135805,0.3722497,0.14450419,0.48605204,0.7489896,0.35791248,0.2708587,0.43352252,1.0053341,0.9538028,0.45201233,0.60674715,0.29938254,0.4206198,0.6637349,0.14175844,0.019429214,0.11974636,1.2702836,0.3822713,0.022313502,0.17628095,0.36763892,0.117992386,0.61850536,0.63497657,0.93037665,0.6103216,0.28373653,0.3025998,0.66037875,0.08605909,0.587458,0.35651314,0.20557365,0.6525171,0.15921694,0.2475597,0.32504314,0.44736642,0.380537,0.16501635,0.14253436,1.1327418,0.10044282,0.35671583,0.046067674,0.54150856,1.3607982,0.015517624,0.24216399,0.29598483,0.09769996,0.22062683,0.8721483,0.72846127,0.0654287,1.2050879,0.63349324,0.043427125,0.4416694,0.3009143,0.64291847,1.030741,0.033799127,0.73882645,0.14158762,0.07417467,0.35478628,0.24550852,0.2184174,0.01421645,0.09120288,0.38917387,0.5765671,0.49280223,0.4381775,0.71928,0.6076157,0.52688026,0.11481271,0.29268524,1.1189326,0.048640244,0.43950543,0.5874758,0.4388408,0.29472494,0.6339382,0.15632316,0.21005908,0.7514655,0.7185988,0.082409985,1.3480033,0.3418483,0.21060504,0.23433106,0.07477513,0.8467517,0.4426042,0.4007673,0.04624353,0.04958025,0.1624138,0.4821709,0.78707045,0.38013542,0.37157637,0.40532583,0.45829445,0.21310613,0.035504095,0.54757094,0.15606928,0.41305402,0.014555093,0.45887753,0.565146,0.22611152,0.07541624,0.16739632,1.287761,0.31908935,0.13718249,0.3171588,0.24664176,0.15853837,0.43446413,0.35044742,0.71602756,0.27879888,0.011381696,0.5579867,0.263315,0.32440197,0.18358053,0.77703965,0.24066478,0.13768892,0.018736664,0.30113816,0.16435316,0.17647389,0.41736066,0.016205112,0.36623743,0.34254688,0.5786744,0.30155697,0.32997176,0.8398385,1.0815436,0.49041498,0.15913406,0.61533153,0.026616178,0.3788817,0.21028149,0.089032516,0.47257957,0.6068901,0.77057076,0.5207515,0.32979304,0.093175024,0.06601399,0.12821999,0.8916824,0.43112484,0.16395774,0.07152626,0.93529326,0.27421504,0.07903422,0.046594307,0.00021773236,0.20903066,0.065951064,0.0,0.004504419,0.29996973,0.24541803,0.54421234,0.15001982,0.043751083,1.5769083,0.0077690026,1.3085575,1.616921,0.82733333,0.11895695,0.846201,0.5406711,0.49084252,0.1559243,1.1204593,0.07306954,0.4939822,0.39415872,0.366238,0.30338186,0.48799714,0.6350148,0.48752514,0.13447404,0.19837229,0.07744118,0.2421957,0.5447187,0.09068076,0.117094144,0.6018078,0.1688919,0.06330996,0.74115855,0.25993964,0.09698904,0.44424906,0.27218348,0.44057775,0.13695799,1.2246469,0.08711152,0.4624619,0.5587067,0.39564002,0.03390524,0.07014157,0.8282887,0.07999104,0.19161163,0.2961161,0.6880393,0.32814947,0.058505926,0.34569877,0.4713297,1.0184954,0.24818265,0.25746974,0.19280846,0.075317025,0.82305145,0.8519764,0.2946585,1.0137419,0.039845347,0.15014873,0.7654022,0.7037139,0.58646595,0.7924212,0.6046539,0.46969372,0.16039774,0.11305204,0.14955899,1.0578533,0.77339554,0.002239344,0.12699568,0.49386135,0.26434547,0.37599546,0.33520526,0.6369785,0.3915502,0.002021213,0.62638026,0.45705038,0.27789056,0.34437817,0.82636136,0.1779045,0.880308,0.7021874,0.1287684,1.2766047,0.7513801,0.50283426,0.4676145,1.0797982,1.3556619,0.26542085,0.020100242,0.33365536,0.5762844,0.122243285,0.27625442,0.98202354,0.28925836,0.046707463,1.3535519,0.07614675,0.23930737,0.66205055,0.023130698,0.25497198,0.2963324,0.3244502,0.112099506,0.4466048,0.06615507,0.23466597,0.28124532,0.1246911,0.077185646,0.96630263,0.15022615,0.3515235,0.28416884,0.42410517,0.20071863,0.23222175,0.68311495,0.4305532,0.25926396,0.091524705,0.4101643,0.43185908,0.17603791,0.38538378,0.120249785,0.61446816,0.41293955,1.5105366,0.95604664,0.090331,0.55108804,0.5847537,0.15873879,0.2043994,0.06896335,0.45203438,0.14982027,0.51419246,1.3676217,0.22109836,0.5663412,0.59135497,0.47164217,0.028829603,0.49500486,0.41989812,0.5950641,1.0013306,0.1184901,0.10335791,1.0854058,0.33418065,0.2504846,0.29866308,0.11045497,0.34621072,0.16158009,1.0554312,0.27652887,0.92070657,0.059944034,0.5876925,0.5784095,0.22769433,0.71055955,0.7026167,0.27612323,0.16744676,0.1979131,1.0525649,0.112411365,0.8605767,0.11437351,0.17674914,0.10762385,0.12350425,0.2446278,0.3471972,0.72882414,0.655027,0.8557138,0.29660922,0.10110049,0.7363105,0.15806167,0.20272917,0.10934863,0.40176064,0.47273222,0.27602613,0.17193002,0.4044662,0.40887842,0.15411127,0.2537851,1.600007,0.18663743,0.12541278,0.5108338,0.47015786,0.2973179,0.7701429,0.34387055,0.3334489,0.44363874,0.67365277,0.19678245,0.9500084,0.17791744,0.74492973,0.18370333,0.15533927,0.09230312,0.016581811,0.035885133,0.5499993,0.008883287,0.018500146,0.40170938,0.0698265,0.8073852,0.6240134,0.71758807,0.36470777,1.0406834,0.66163045,0.4211576,0.5880253,0.94156665,0.24369964,0.59922034,0.57873094,0.2370643,1.5205564,0.7075673,0.29685268,0.7506354,0.08917503,0.646397,0.14498064,0.007005762,0.0853923,0.030161338,0.42587763,0.0042497874,0.12294664,0.06017084,0.3264138,0.03678522,0.23952845,0.19525152,0.16973612,0.121369734,0.08005656,0.42522326,0.37465984,0.35738835,0.39560995,0.06966747,0.691146,0.27512145,0.07240437,0.0815805,0.20751382,0.38163787,0.57213175,0.09355039,0.5121057,0.68567824,0.81834435,0.7609798,0.13864824,0.12054699,0.24546668,0.7765927,0.5620651,0.35035524,0.088874385,1.5338539,0.7201749,0.091511935,0.83114755,0.17654568,0.0,0.07709636,0.63428116,0.3247497,0.024079721,0.44237375,0.33242595,0.032523878,0.2707678,0.6805386,0.12543435,1.6214069,0.64957225,0.10066542,0.35252392,0.02681328,0.20477255,0.32484937,0.76674664,0.001478446,1.0817218,0.4222067,0.28986645,0.22121501,0.2365318,0.025326498,0.31819254,0.44064826,1.550452,0.048708208,0.30939806,0.2306336,0.54004014,0.077711664,0.26806942,0.13582522,0.4706154,0.99415094,0.3741756,0.41894707,0.9418038,1.4382769,1.3158256,0.39726543,0.5942831,0.40190348,0.051475942,0.72140205,0.3260719,0.18394081,0.15250415,0.5039507,0.28143173,0.010067816,0.4528319,1.0919611,0.21322039,0.58233345,0.11634298,0.33106583,0.2497312,0.22764564,0.6224184,0.63972676,1.2596204,0.098021664,0.4940559,0.19021642,0.10614197,0.47129634,0.27243418,0.95389295,1.4032705,0.111949585,0.3470513,0.021710195,0.79893076,0.6125855,0.6267149,0.46354836,1.8349246,0.13409209,1.5139402,0.37425417,1.0842888,0.70299304,1.3050278,0.7600421,0.6390282,0.030201983,0.23851508,0.053347223,0.23556033,0.7433129,2.0398047,1.0622786,0.88821685,0.17424141,0.10563728,0.3482284,0.40152732,0.122232266,0.6387665,0.33568853,0.08300626,1.1544948,0.5923257,0.23108603,0.4852675,1.0906005,0.0,0.4962645,0.6164713,0.71267486,0.37008688,1.1563084,0.2534843,0.24661724,0.2374784,0.78322756,0.42029986,0.16183813,0.29017168,0.56354815,0.9590219,0.35013098,0.2894718,0.8465669,0.109189235,0.086866714,0.079716295,0.93353754,0.42035753,0.80718946,0.32057995,0.46708742,0.38443285,0.46595484,0.18991756,0.3899808,0.6196561,0.19981484,1.0530851,0.86881906,0.527419,1.5356957,0.59845436,0.42015773,0.08452982,0.048932984,0.9582889,0.4837166,0.30967516,0.24307123,0.039841224,0.28501093,0.5340747,0.26488328,0.25102037,0.3968582,0.39173657,0.36283067,0.036923047,0.80912393,0.8627992,0.6094459,0.6238729,0.08571127,0.49765813,0.040429898,0.440233,0.6431976,1.25392,0.027717905,1.5186217,0.37107366,0.5931323,0.43887627,0.72419703,0.2912799,0.19319925,0.26369596,0.46807224,0.08525067,0.8429469,0.20302656,0.18949465,1.0220674,0.10974524,0.50791997,0.38479346,0.7807861,0.37468112,0.477605,0.52943766,0.2573298,1.8838394,1.236044,0.5726933,0.32143736,0.6493856,0.8901001,0.22182736,0.6604822,1.8190337,0.16489162,0.48834693,0.016465712,0.17590623,0.013713984,0.12294255,0.04162836,0.83312005,0.0007743917,0.5641839,0.3952946,0.45542818,0.4519682,1.7767181,0.43412888,0.18592983,0.57066023,0.5662757,1.139497,0.40840948,0.22858664,0.08333263
0.7665851,0.1880224,0.018518269,0.084898055,0.44839728,0.79188573,0.54320204,0.30562097,0.19838005,0.2552535,0.18404534,0.07488762,0.04504266,0.32848713,0.25103927,0.30916283,0.44540054,0.6340023,0.4472637,0.6623463,0.3151646,0.28923517,0.4895572,0.31545186,0.243202,0.3030979,0.6469491,0.43377084,0.21172251,1.0324749,0.50470394,0.8040285,0.37885386,0.38212886,0.04244829,0.21931642,0.35866812,0.5772581,0.43868905,0.029925324,1.117209,0.094331644,0.11586754,0.10530713,0.7687456,0.020611942,0.12727866,0.01777097,0.22678545,0.13217238,0.10558659,0.12579972,0.62797445,0.3369965,0.20749801,0.25840476,0.6493864,0.120268695,0.5143627,0.7538986,0.79665196,0.22104353,0.8191517,0.41552955,0.17540035,0.32621574,0.27834058,0.03746746,0.27674404,0.092505395,0.56086916,0.6085726,0.5146879,0.09924212,0.38811177,0.3845334,0.24587193,0.12212801,0.23608163,0.06416895,0.2667218,0.56046623,0.16437489,0.71976006,0.67804974,0.5565823,0.24719962,0.44594482,0.14457276,0.21745974,0.17564416,0.53698456,0.17019987,0.8124434,0.45219204,0.19171482,0.16860141,0.030927993,0.3698186,0.59370965,1.036372,0.83648837,0.34638375,0.20103858,0.767776,0.298196,0.49235436,0.7737546,0.102110244,0.22941625,0.21572056,0.18112671,0.6380517,0.2134803,0.61740255,0.42309946,0.22068292,0.6720971,0.5672344,0.6883774,0.7471706,0.44315988,0.97737575,0.2036142,0.020215442,0.49671867,0.026482016,0.13985343,0.06955653,0.10365203,0.2857945,0.62407494,0.2124628,0.12704158,0.85029167,0.29287744,0.5675293,0.66429245,0.041507736,0.047348686,0.67450476,1.0414376,0.15701103,0.20574465,0.07168562,0.3359759,0.4594525,0.6574156,0.5260325,0.067905106,0.21482123,0.21726826,0.22621597,1.325289,0.39633018,1.0209254,0.21506259,0.21198116,0.44986436,0.4621544,0.6700765,0.35928726,0.7234105,0.4062994,0.1918641,0.31310672,0.088154316,0.25961435,0.289567,0.10649185,0.06467001,0.51209867,1.0553364,0.20413803,0.47448304,0.18104151,0.14513686,0.09596759,0.49980605,0.45369193,0.5731827,0.7339152,0.121903524,0.058725175,0.30398384,0.55066705,0.46318117,0.22481766,0.6950994,0.20972022,0.042995047,0.06865015,0.3173316,0.4768514,0.7505474,0.008669348,0.30860364,0.044386394,0.2876842,0.062225055,0.07008821,0.13644013,0.13543496,0.3844028,0.1762479,0.24743411,0.2551606,0.24256928,1.0584977,0.6577047,0.0376888,0.3844959,0.16265632,1.3362356,0.63135105,1.1157455,0.9040037,0.08150931,1.2742128,0.14882141,0.77044904,0.5992081,0.07396965,0.6067395,0.57518804,0.31271246,0.5119126,0.3298116,0.6705768,0.04408233,0.028893914,0.40587842,0.34505433,0.061936833,0.3006143,0.17019871,0.11676766,0.16728765,0.11688093,0.6907064,0.08281323,0.44157943,0.4226873,0.57914674,0.3274402,0.32281232,0.2520327,0.09674081,0.01928862,0.75061524,0.4018705,0.41757244,0.031714715,0.18455668,0.09156267,0.11723557,0.21364486,0.059654895,0.3299537,0.21459287,0.37605345,0.26402184,0.6524835,0.51772237,0.16223082,0.12354659,0.5988362,0.1261767,0.8044071,0.14319015,0.18905875,0.20737451,0.13904543,0.03491553,0.2786646,0.7299967,0.23285188,0.41677833,0.39342844,0.09091538,0.72879624,0.21904248,0.5495188,0.060027983,1.481731,0.22048609,0.77625316,0.46338516,0.15880655,1.0163059,0.28309408,1.1352416,0.18729648,0.3383097,0.22726996,0.33017376,0.3871299,0.058773186,0.43450636,0.19836733,0.42152467,0.56909466,0.092177555,0.07556702,0.43129814,0.09256822,0.5530715,0.5585269,0.42768258,0.06538309,0.2294201,0.22502837,0.23571236,1.0087492,0.2390375,0.28729713,0.14356148,0.14739783,0.12728748,0.34211844,0.15025002,0.1227185,0.11018732,0.2876477,0.4946571,0.12783107,0.100794315,0.31437352,0.29570657,0.21053092,0.8575092,0.55817497,0.1605014,0.29653418,0.40507728,1.085007,0.512457,0.16738261,0.16466057,0.3198323,0.32150885,0.12873906,1.0428436,0.4378202,0.038263783,0.16836902,0.17429683,0.5784861,0.27254578,0.58329904,0.30185422,0.46191305,0.19888721,0.14069551,0.2823639,0.13742056,0.107774116,0.19895273,0.2996068,0.20387617,0.19679564,0.2847681,0.008677714,0.14122964,0.420245,0.45511192,0.37671742,0.5594345,0.475874,0.13665643,0.4928432,0.7075591,0.17518376,0.1021551,0.16411644,0.36685497,0.41822124,0.3106683,0.40290344,0.06255532,0.2597964,0.2991125,0.5199333,0.372292,0.587766,0.25059563,0.29871342,0.102739416,0.37377995,0.4513523,0.9178615,0.22960033,1.0920511,0.18464659,0.08251341,0.1777077,0.4396122,0.1308556,0.52223766,0.1882683,0.17298219,0.5439092,0.08470736,0.3545782,0.06845501,0.42959464,0.1536455,0.33776075,0.32558012,0.23234136,0.17583883,0.2800112,0.25521296,0.17133036,0.42012239,0.34453577,0.46102643,0.05091288,0.32426226,0.11659981,0.26290604,0.22266476,0.31803012,0.15645707,0.6010777,0.33163628,0.21207742,0.17990598,0.27799872,0.3539583,0.048815534,0.25719303,0.4611378,0.45181513,0.2224921,0.107153006,0.16632062,0.21702358,0.16046327,0.45762277,0.49894732,0.016841307,0.10529259,0.20522538,0.17421651,0.3019585,0.5873959,0.35957244,0.79676354,0.053631525,0.16745357,0.54553574,0.35958388,0.079484954,0.07607111,0.118825555,0.46182305,0.14309652,0.5113017,0.28739774,0.23154877,0.34054792,0.2958987,0.3229615,0.36135384,0.17414051,0.21359079,0.4771582,0.19618912,0.1886973,0.6054268,0.43463957,0.2934274,0.5831499,0.46010113,0.35567683,0.23854856,0.3692335,0.24783438,0.019057803,0.14655313,0.39299282,0.17857355,0.21233231,0.13806456,0.37844032,0.19694886,0.61981374,0.5117011,0.44994783,0.12748572,0.0815561,0.35081166,0.22092211,0.37734598,0.33144632,0.11278738,0.54564905,0.10779765,0.62611324,0.3523248,0.8307094,1.3095632,0.3368539,1.0679748,0.10958212,0.75583327,0.09269105,0.50011754,0.32911712,0.16743617,0.67744285,0.5468753,0.10614063,0.31868625,0.27053654,0.45779538,0.47264975,0.09218037,0.46779907,0.19072443,0.6609408,0.316165,0.32703263,0.5549257,0.44000143,0.505792,0.2785945,0.9697401,0.3971119,0.031724174,0.45982513,0.313836,0.45186025,0.20150574,0.59447765,0.11478524,0.13760267,0.4264226,0.099600926,0.4574496,0.6410732,0.39428023,0.13203168,0.04744004,0.14995477,0.3760109,0.11391991,0.6076149,0.43198586,0.33718514,0.15147209,0.15988535,0.13300912,0.07405041,0.251742,0.27368152,0.40974143,0.48666352,1.0024148,0.610896,0.24628496,0.2772329,0.16064808,0.44287497,0.4879908,0.20365623,0.3408054,0.13151987,0.12576605,0.35547915,0.033833757,0.17332777,0.24271521,0.5273318,0.24880621,0.31930208,0.44177288,0.67676425,0.52100444,0.16716243,0.6056081,0.32430565,0.64893484,0.28003,0.5158611,0.67209464,0.5905627,0.18426827,0.40754232,0.15979593,0.09506667,0.24047111,0.28508264,0.29160202,0.07962694,0.37638777,0.65894914,0.33538654,0.4645819,0.1605441,0.38184914,0.27607158,0.17832036,0.05575501,0.17504635,0.6985258,1.5428853,0.22657254,0.16675991,0.080231294,0.649608,0.3116994,0.06060119,0.2947413,0.20407392,0.17367093,0.09416461,0.35334578,0.22237003,0.3368982,0.3394533,0.093733594,0.6364584,0.119604595,0.6648773,0.28741154,0.20557389,1.1799141,0.3165993,0.4053145,0.20509204,0.32866135,0.1348936,0.25552168,0.2710708,0.5005237,0.43182206,0.82404554,0.42979097,0.38814557,0.671048,0.33018222,0.35245317,0.48771697,0.18645544,0.12402309,0.2667897,0.1017475,0.43643695,0.46183738,0.49960986,0.4355351,0.13496229,0.6288315,0.48607746,0.39652687,0.91648054,1.145662,0.16411045,0.17272931,0.69601685,0.39428014,0.21988727,0.23490013,0.7994802,0.23212034,0.15006627,0.48883307,0.31339973,0.1121156,0.079766184,0.08313741,0.07354521,0.1662063,0.23958042,0.40963998,0.1335491,1.0659847,0.7127705,0.24016277,0.40670967,0.1545733,0.4224948,0.16089137,0.14763756,0.38347825,0.07231454,0.4549939,0.7739669,0.3851823,0.35870788,0.29896605,0.65634227,0.3806476,0.33573502,0.5724942,0.44873795,0.60146105,0.23892966,0.09885529,0.46073043,0.3285851,0.63754636,0.51917005,0.17126197,0.18048011,0.31754586,0.09701732,0.2919768,0.055624045,0.09571016,0.29025775,0.6902074,0.45628625,0.27995086,0.37341523,0.1373316,0.14715998,0.46605855,0.50650066,0.42046335,0.123191014,0.23461667,0.39820206,0.6623375,0.28241664,0.37565517,0.49082553,0.05224851,0.34284192,0.15795614,0.061181184,0.2345334,0.4921896,0.46882576,0.55603486,0.05996167,0.3444416,0.47597468,0.042176902,0.4891531,0.15574993,0.29943174,0.4431544,0.37533993,0.11012522,0.26156977,0.4614097,0.5037607,0.48883805,0.046611466,0.090357445,0.46058524,0.9238211,0.23415479,0.06829029,0.28085884,0.24943513,0.2544624,1.0508046,0.5151839,0.010215545,0.14769512,0.15690711,0.42261648,0.1012515,0.30746907,0.16405441,0.33427948,0.27609032,0.26773733,0.2530427,0.6123846,0.24040338,0.28043526,0.29056096,0.07516505,0.18812692,0.09140143,0.38242716,0.47812733,0.34204328,0.82018787,0.1422796,0.15365374,0.13663025,0.665762,0.42623097,0.18004932,0.26681784,0.5405576,0.4733584,0.01826917,0.15348813,0.24301127,0.065778546,0.19138919,0.49820235,0.44412962,0.21378246,0.5541462,0.3090526,0.30217704,0.35451594,0.24835214,0.2054894,0.29240394,0.27936015,0.17527506,0.25335935,0.27121323,0.30164227,1.0056751,0.16600287,0.21011122,0.30164963,0.6264365,0.22299601,0.3479681,0.28776163,0.16957295,0.049086984,0.52559024,0.13802251,0.36527833,0.13247845,0.39018595,0.0928044,0.060276568,0.33175787,0.054293588,0.24625146,0.36638105,0.67374897,0.61901635,0.09969801,0.188282,0.31641588,0.05819094,0.057565887,0.54115045,0.7538419,0.05142959,0.49016318,0.25246125,0.22185874,0.51204467,0.53412557,0.40169466,0.13768539,0.74997723,0.13026486,0.51686287,0.15137121,0.23555756,0.2833616,0.08416704,0.4899711,0.17623228,0.2639597,0.03920549,0.14147124,0.47334,0.10981795,0.27902877,0.27355468,0.43502384,0.508472,0.092320144,0.37473983,0.11991848,0.27658737,0.54474676,0.36983296,0.01017254,0.37072718,0.2546065,0.08265173,0.18584529,0.063133314,0.06027152,0.12857011,0.35753417,0.54817295,0.18295908,0.42019218,0.21145217,0.40542227,0.22599842,0.21197303,0.020542847,0.20755099,0.31489378,0.12418836,0.35546225,0.67138857,0.3241012,0.11839808,0.32372943,0.09363936,0.2145757,0.12522513,0.11347787,0.25810772,0.27006334,0.15683626,0.5866154,0.11862572,0.19182289,0.43572056,1.5670881,0.26866764,0.42139992,0.027018012,0.046918876,0.41633663,0.13504957,0.9298909,0.08844391,0.95395035,0.21657136,0.081042156,0.2537173,0.4352088,0.42928615,0.3506022,0.24315065,0.43891996,0.14628871,0.437255,0.41655612,0.13233906,0.25040948,0.9314271,0.37367898,0.57839185,0.30817527,0.5193246,0.11321596,1.0457444,0.11439641,0.18416855,0.099405795,1.1109962,0.62106216,0.23586598,0.40801919,0.41762406,0.40680066,0.3062191,0.18990497,0.21039766,0.8272851,0.6453615,0.9213719,0.5277823,0.43591875,0.21716735,0.22889581,0.09606229,0.3777514,0.80518806,0.08483858,0.082354516,0.36330995,0.6634914,0.4077689,0.40184945,0.093164146,0.15039957,0.18232808,0.3213703,0.13279024,0.17659803,0.24003002,0.025489496,0.2320762,0.19387662,0.14541996,0.4895355,0.078933164,0.2775983,0.0119963065,0.31342483,0.12622577,0.5412599,0.7698144,0.33691585,0.42992258,0.07425683,0.5015267,0.17950471,0.13200454,0.05533004,0.399439,0.07509743,0.035338875,0.4073043,0.22755796,0.22820765,0.02955433,0.21311325,0.19726251,0.061528068,0.07289739,0.20972855,0.06980326,0.47237128,1.4510813,0.12526685,0.7172552,0.5434339,0.068553746,0.17074567,0.30641735,0.73731035,0.17596616,0.08222198,0.4437566,0.11107176,0.40579605,0.32590503,0.23287636,0.2962752,0.42106676,0.24487972,0.51996696,0.74137807,0.17845483,0.1250606,0.61539596,0.27160734,0.31323054,0.17009217,0.19139427,0.21654639,0.09360029,0.16882598,0.27486134,0.38701448,0.24188364,0.32258,0.53744364,0.27029568,0.41643637,0.05367177,0.44479188,0.6549318,0.13951007,0.1623222,0.1536867,0.08934532,0.8458695,0.16625346,0.44801855,0.11500349,0.16455388,0.48550794,0.5403004,0.043942645,0.6334503,0.26002324,0.06546976,0.37309617,1.1904957,0.093976,0.44345632,0.06700436,0.11773121,0.0,0.37010258,0.3010317,0.22241423,0.11261215,0.3003921,0.29632455,0.6085768,0.2971086,0.08624928,0.34343213,0.23019141,0.3758533,0.5575987,0.30552626,0.13492455,0.19987199,0.1627256,0.08974646,0.11182504,0.92232835,0.22475168,0.09222604,0.6569632,0.046422474,0.011269026,0.2189359,0.13832153,0.08465725,0.696023,0.36040312,0.20193201,0.6278826,0.009685652,0.4156167,0.9348155,0.64266825,0.4486675,0.4526269,0.247715,0.38801375,0.034233496,0.27501205,0.08299202,0.5873214,0.026114866,1.1759782,0.7019061,0.72509587,0.081280775,0.05124874,0.26400042,0.5271583,0.11147468,0.52495074,0.078112654,0.063540295,0.47275525,0.17448142,0.52187085,0.96423864,0.0,0.016294386,0.2265738,0.08466038,1.40479,0.05517454,0.2899247,0.20921904,0.57151425,0.25674206,0.53759414,0.39654195,0.14686158,0.32820088,1.0666691,0.042685512,0.029389316,0.17651004,0.4615454,1.015404,0.09041537,0.24163432,0.71639884,0.34014115,0.06282078,0.14101726,0.4987495,0.41171688,0.23097631,1.6843847,0.036518354,0.2638556,0.43491775,0.103630304,0.055681765,0.5422474,0.2542799,0.498801,0.20582178,0.13415235,0.50855917,0.058605283,0.009166218,0.39149064,0.75798124,0.07942339,0.08386948,0.076195516,0.08686244,0.36668164,0.023931159,0.322708,0.09800396,0.15659454,0.117409274,0.0013179318,0.31442547,0.018187616,0.08011921,0.47860286,0.18231207,0.1837647,0.37762877,0.8065994,1.3556789,1.3938385,0.507376,0.4868593,1.1071627,0.21095297,0.26471823,0.64961845,0.07037288,0.08250635,1.0658553,0.30713612,0.8998995,0.09690351,0.76312244,1.4396344,0.0,0.45111838,0.010112637,0.0024043527,1.1584352,0.43826523,0.39417493,0.81839216,0.054031327,0.4258451,0.21619672,0.5040102,0.15792802,0.421099,0.32677165,0.91388357,0.54806966,0.18395333,0.5482948,0.09012841,0.8222305,0.09148484,0.2277154,1.0996339,0.16554233,0.09524194,0.7761176,0.7281486,0.001402454,0.14262903,0.0,1.1278219,0.17181504,0.2871905,0.10414556,0.23669714,0.15551205,0.54272926,0.018430248,1.4313675,0.42285904,1.4232047,0.059397377,0.00292343,0.09787233,0.70552623,0.9530225,0.104487956,0.28088343,0.05054597,0.70334256,0.71563816,0.39946726,0.5717265,0.6553307,0.51318467,0.2814089,0.0,0.41493788,1.0182594,0.021975249,0.14217144,1.1713558,0.11256862,0.23356405,0.83130586,0.64541364,0.089826286,1.5009463,0.30161756,0.031555086,0.80983454,0.06755278,0.40287817,0.07698417,0.21698344,1.2573156,0.069561265,0.11843336,0.16195774,1.0227267,0.28125787,0.60448277,0.08047702,0.85016996,0.012341307,0.116476655,0.2944504,0.939286,0.67547333,0.9940478,0.31868166,0.17223729,0.0028565153,0.0030376026,0.6953567,0.14122969,0.07813969,0.92236555,1.262565,0.093955725,0.18047616,1.6073469,0.01613747,0.43844426,0.41172814,0.33109725,0.108559914,0.35639834,0.08795063,1.0906569,0.4983462,0.2178405,0.6050315,0.043343812,0.2674634,0.18406698,0.29163435,0.1360995,1.2112967,0.13442805,0.0075408733,0.28000212,0.018456863,0.0010886281,0.17096284,0.0044758553,0.06188479,0.24141338,0.14584303,0.13145378,0.3156131,0.34604076,0.21582258,0.31164098,0.36894822,0.76270545,0.7125584,0.61008126,0.3371042,0.29891855,0.5770986,0.5583111,0.0497512,0.0023026806,0.44596148,0.9040183,0.21623123,0.13009188,0.27639028,0.2587042,0.1537999,0.3230762,0.45091456,1.1662269,0.6639372,0.16510747,0.31754854,0.45444497,0.08282676,0.3399501,0.3324387,0.100714594,0.69724303,0.2348158,0.007845938,0.23715942,0.5563116,0.21325308,0.24174558,0.18390071,1.2983658,0.21507373,0.22006723,0.0,0.47846952,1.1465095,0.037718985,0.077419065,0.22412443,0.29703236,0.32995048,0.4766015,0.60581136,0.02536138,1.024461,0.50927585,0.027200479,0.4552089,0.37057433,0.6801485,0.8411278,0.2126243,0.7667968,0.061644714,0.018938033,0.3346834,0.16269338,0.31526965,0.047102682,0.037086148,0.15627497,0.4927154,0.13856903,0.12786365,0.6752834,0.45689124,0.6224338,0.023515854,0.32572547,0.896653,0.063747086,0.44295216,0.42264795,0.35092384,0.3770569,0.6245439,0.13085335,0.28464445,0.53473175,0.46129754,0.09258535,1.0839506,0.19800955,0.22860482,0.18313767,0.012844867,0.7141966,0.14983395,0.45015162,0.10350616,0.0006577342,0.09901743,0.47570235,0.4813798,0.37810677,0.60322887,0.6536059,0.43092784,0.10973073,0.0142350495,0.52311224,0.04479006,0.3288669,0.011493979,0.22602643,0.5301641,0.2632571,0.16923524,0.025815258,1.2342796,0.27224296,0.18398787,0.37030393,0.12726912,0.06889027,0.16643289,0.57272995,0.44592094,0.19095963,0.13123631,0.29823652,0.05832105,0.08457871,0.17017174,0.4797054,0.031970147,0.07269201,0.06675672,0.06786804,0.7064603,0.14845006,0.0907339,0.0,0.6224686,0.18197313,0.41734082,0.50580406,0.4283576,1.1925664,0.52654725,0.41347647,0.09430186,0.581704,0.0,0.10994621,0.22742535,0.025596026,0.1481589,0.38040727,0.52394795,0.5548499,0.24387024,0.008263816,0.021836746,0.08395378,0.33299553,0.44097114,0.023170995,0.00040631555,0.66380656,0.031937987,0.0,0.070601106,0.03127829,0.077246144,0.0012992416,0.0,0.06889459,0.34033138,0.2994277,0.6470708,0.13848324,0.018873181,1.9775784,0.10019753,2.0885844,1.3668954,0.7377766,0.34599093,0.49324,0.4684952,0.42849904,0.16665144,0.8947556,0.14003807,0.66183245,0.5904189,0.15350215,0.4552992,0.6999861,0.9525286,0.34584245,0.13997327,0.21995813,0.016887285,0.24581076,0.42076,0.038357787,0.13338311,0.30706328,0.15133594,0.044014882,0.48969433,0.13365152,0.108488955,0.37016273,0.45442694,0.26008475,0.12812583,1.5980216,0.21961886,0.088126466,0.7403196,0.28496683,0.23433065,0.03454357,0.92802703,0.09527242,0.14603698,0.43379295,0.17974873,0.18372923,0.049887925,0.139483,0.43079174,0.8930558,0.09278315,0.17701808,0.020126086,0.1810674,0.6500408,0.5877032,0.27133396,0.93813974,0.020361159,0.032051567,0.26685596,0.2644158,0.9399861,0.941558,0.29860103,0.83236265,0.024128798,0.02980788,0.15552378,0.27397436,0.67334265,0.0022058222,0.4593221,0.23686406,0.20541401,0.10329731,0.5876705,0.47955945,0.3833815,0.0,0.33490553,0.37154734,0.26977202,0.24640962,0.42184448,0.041294366,1.3467911,0.58295745,0.07554017,1.2250795,0.56633365,0.27028015,0.7125615,0.64602506,0.8816515,0.34671533,0.047359936,0.3236771,0.7592125,0.065428466,0.48548394,0.7565448,0.17684333,0.03862326,1.0857267,0.057817455,0.43173903,0.7579472,0.0,0.15592706,0.4013346,0.21867117,0.094727255,0.4545447,0.10104417,0.24508086,0.3299675,0.41536313,0.14317429,0.5533886,0.104857035,0.32800794,0.38967428,0.4350496,0.2826348,0.30478474,0.5003322,0.41691464,0.14628194,0.17773554,0.1370852,0.330123,0.22866428,0.18232249,0.25746927,0.37371838,0.14493173,1.4178272,0.9793408,0.08241703,0.6747995,0.6886417,0.08930315,0.2205961,0.33748588,0.2954528,0.118577376,0.5286354,1.3644319,0.2884825,0.708264,0.75062704,0.2807873,0.0028299554,0.2934023,0.41532102,0.24762896,0.9476391,0.21949196,0.0634485,0.49260285,0.36738598,0.39633548,0.82016575,0.16211714,0.22457933,0.04361323,0.5815935,0.35914344,0.6574303,0.00533027,0.5629009,0.3677429,0.124491185,0.67989206,0.38116384,0.058591917,0.09204057,0.71497357,0.8340466,0.07891819,0.83911705,0.1961221,0.18563688,0.007833165,0.33223942,5.1230763e-05,0.21535149,0.27012783,0.5250733,0.44420677,0.24732766,0.15472567,0.53285027,0.043814063,0.14327572,0.037047714,0.0973894,0.52308774,0.34158412,0.2306633,0.4441556,0.34526443,0.1634,0.16912772,1.3705913,0.29741818,0.115103476,0.47901675,0.21865486,0.61849844,1.0898614,0.14078572,0.18702108,0.5443988,1.0756474,0.040767122,0.9526515,0.1559264,0.38428804,0.03555596,0.18115208,0.2999901,0.031030318,0.007783292,0.3407008,0.060451932,0.042055283,0.46212912,0.25897622,0.39487356,0.80509925,0.47087753,0.22114424,1.0342168,0.7087227,0.09218371,0.69665253,1.4522347,0.1321527,0.29812443,0.31225842,0.20505837,1.3254111,0.46942237,0.16967143,1.150682,0.33552623,0.6301303,0.23252462,0.01274665,0.03208071,0.0025984594,0.41659212,0.0061387303,0.5069066,0.1329072,0.12492657,0.05644254,0.18757802,0.10129984,0.52561283,0.0073150136,0.32401866,0.4476902,0.47681692,0.094803795,0.46015388,0.049462505,0.8639419,0.1432882,0.020877676,0.015730027,0.0352011,0.43464482,0.24432929,0.06913926,0.7491417,0.37165794,0.8616475,0.5841531,0.112760276,0.09183249,0.4089449,0.25152665,0.33862904,0.1076902,0.15642175,1.0466269,0.33638477,0.0024612693,0.5164062,0.33370566,0.0,0.12164695,0.3120972,0.19936818,0.0015345408,0.27681118,0.18454096,0.07205732,0.3935042,0.4185888,0.10228222,1.2746533,0.9403583,0.044803962,0.34758145,0.1776671,0.013049062,0.09504635,0.49475846,0.04429337,1.3166673,0.12305005,0.10656675,0.1429035,0.20600817,0.0,0.22068292,0.28049624,1.1258744,0.026869474,0.2399496,0.27770454,0.24137828,0.1921084,0.20391242,0.21720468,0.44021413,0.39993733,0.54620975,0.07852388,0.9617944,1.3074579,0.68709075,0.24533224,0.47526494,0.4509548,0.06998923,0.22870111,0.48002857,0.01781998,0.15161785,0.53664696,0.11240662,0.015032253,0.306494,1.5087337,0.10109033,1.0792283,0.18344602,0.2753908,0.1991455,0.1759463,0.91728926,0.6969271,1.1595526,0.026324384,0.29735947,0.46560413,0.008620233,0.35590258,0.33059305,1.7725399,1.4567739,0.08955857,0.17429161,0.011682963,0.7720293,0.79222244,0.712974,0.67213655,1.847084,0.3229389,1.6441245,0.36143267,0.73921835,0.52757525,1.2483151,0.54905015,0.63406646,0.10037484,0.14868745,0.042045847,0.31926417,0.7465435,2.02826,1.1897161,0.66034734,0.14265214,0.10059863,0.43214116,0.46511266,0.14702512,0.39076242,0.40531945,0.2963278,0.9718977,0.44145942,0.10480562,0.397537,0.8832286,0.0019375548,0.40180677,0.90973103,0.69960535,0.7343968,0.92524034,0.1452409,0.103122436,0.2635768,0.9135704,0.5174294,0.14987977,0.23778291,0.3298905,0.68626386,0.1661241,0.09352811,0.66084313,0.08177311,0.18049665,0.069778815,0.7272376,0.50398636,0.3664412,0.57676494,0.29739088,0.5656493,0.6183572,0.10217604,0.7172618,0.81807554,0.19711189,1.3371198,1.2829986,0.41322136,1.5587119,0.41606775,0.27434266,0.031817216,0.22386058,1.0120962,0.19251564,0.18693839,0.47904736,0.045096356,0.20855837,0.22482309,0.22275871,0.5031087,0.42555213,0.5107776,0.48460066,0.05608934,1.052738,1.121614,0.59530294,0.5566242,0.055717126,0.5556389,0.04819082,0.30252814,0.53512156,1.0964369,0.0005417193,1.0561604,0.46341267,0.41951805,0.38762343,0.67520666,0.16785711,0.13538891,0.019091463,0.4027178,0.009861186,1.0185417,0.32880667,0.27149943,0.88639534,0.11753782,0.80910337,0.336303,0.661584,0.15451431,0.48169962,0.1400677,0.4063777,1.6473035,0.45183545,0.9070165,0.5445409,0.43387172,0.90533674,0.2716765,0.6212496,1.5165906,0.07792245,0.623419,0.009264544,0.084691234,0.07507846,0.32548207,0.0030526607,1.0797681,0.10258221,0.33074617,0.19455355,0.48080122,0.61734796,1.6786506,0.46616584,0.26312834,0.51470304,0.5855191,0.81138647,0.4667863,0.49296388,0.0063485284
