0,1,2,3,4,5,6,7,8,9,10,11,12,13,14,15,16,17,18,19,20,21,22,23,24,25,26,27,28,29,30,31,32,33,34,35,36,37,38,39,40,41,42,43,44,45,46,47,48,49,50,51,52,53,54,55,56,57,58,59,60,61,62,63,64,65,66,67,68,69,70,71,72,73,74,75,76,77,78,79,80,81,82,83,84,85,86,87,88,89,90,91,92,93,94,95,96,97,98,99,100,101,102,103,104,105,106,107,108,109,110,111,112,113,114,115,116,117,118,119,120,121,122,123,124,125,126,127,128,129,130,131,132,133,134,135,136,137,138,139,140,141,142,143,144,145,146,147,148,149,150,151,152,153,154,155,156,157,158,159,160,161,162,163,164,165,166,167,168,169,170,171,172,173,174,175,176,177,178,179,180,181,182,183,184,185,186,187,188,189,190,191,192,193,194,195,196,197,198,199,200,201,202,203,204,205,206,207,208,209,210,211,212,213,214,215,216,217,218,219,220,221,222,223,224,225,226,227,228,229,230,231,232,233,234,235,236,237,238,239,240,241,242,243,244,245,246,247,248,249,250,251,252,253,254,255,256,257,258,259,260,261,262,263,264,265,266,267,268,269,270,271,272,273,274,275,276,277,278,279,280,281,282,283,284,285,286,287,288,289,290,291,292,293,294,295,296,297,298,299,300,301,302,303,304,305,306,307,308,309,310,311,312,313,314,315,316,317,318,319,320,321,322,323,324,325,326,327,328,329,330,331,332,333,334,335,336,337,338,339,340,341,342,343,344,345,346,347,348,349,350,351,352,353,354,355,356,357,358,359,360,361,362,363,364,365,366,367,368,369,370,371,372,373,374,375,376,377,378,379,380,381,382,383,384,385,386,387,388,389,390,391,392,393,394,395,396,397,398,399,400,401,402,403,404,405,406,407,408,409,410,411,412,413,414,415,416,417,418,419,420,421,422,423,424,425,426,427,428,429,430,431,432,433,434,435,436,437,438,439,440,441,442,443,444,445,446,447,448,449,450,451,452,453,454,455,456,457,458,459,460,461,462,463,464,465,466,467,468,469,470,471,472,473,474,475,476,477,478,479,480,481,482,483,484,485,486,487,488,489,490,491,492,493,494,495,496,497,498,499,500,501,502,503,504,505,506,507,508,509,510,511,512,513,514,515,516,517,518,519,520,521,522,523,524,525,526,527,528,529,530,531,532,533,534,535,536,537,538,539,540,541,542,543,544,545,546,547,548,549,550,551,552,553,554,555,556,557,558,559,560,561,562,563,564,565,566,567,568,569,570,571,572,573,574,575,576,577,578,579,580,581,582,583,584,585,586,587,588,589,590,591,592,593,594,595,596,597,598,599,600,601,602,603,604,605,606,607,608,609,610,611,612,613,614,615,616,617,618,619,620,621,622,623,624,625,626,627,628,629,630,631,632,633,634,635,636,637,638,639,640,641,642,643,644,645,646,647,648,649,650,651,652,653,654,655,656,657,658,659,660,661,662,663,664,665,666,667,668,669,670,671,672,673,674,675,676,677,678,679,680,681,682,683,684,685,686,687,688,689,690,691,692,693,694,695,696,697,698,699,700,701,702,703,704,705,706,707,708,709,710,711,712,713,714,715,716,717,718,719,720,721,722,723,724,725,726,727,728,729,730,731,732,733,734,735,736,737,738,739,740,741,742,743,744,745,746,747,748,749,750,751,752,753,754,755,756,757,758,759,760,761,762,763,764,765,766,767,768,769,770,771,772,773,774,775,776,777,778,779,780,781,782,783,784,785,786,787,788,789,790,791,792,793,794,795,796,797,798,799,800,801,802,803,804,805,806,807,808,809,810,811,812,813,814,815,816,817,818,819,820,821,822,823,824,825,826,827,828,829,830,831,832,833,834,835,836,837,838,839,840,841,842,843,844,845,846,847,848,849,850,851,852,853,854,855,856,857,858,859,860,861,862,863,864,865,866,867,868,869,870,871,872,873,874,875,876,877,878,879,880,881,882,883,884,885,886,887,888,889,890,891,892,893,894,895,896,897,898,899,900,901,902,903,904,905,906,907,908,909,910,911,912,913,914,915,916,917,918,919,920,921,922,923,924,925,926,927,928,929,930,931,932,933,934,935,936,937,938,939,940,941,942,943,944,945,946,947,948,949,950,951,952,953,954,955,956,957,958,959,960,961,962,963,964,965,966,967,968,969,970,971,972,973,974,975,976,977,978,979,980,981,982,983,984,985,986,987,988,989,990,991,992,993,994,995,996,997,998,999,1000,1001,1002,1003,1004,1005,1006,1007,1008,1009,1010,1011,1012,1013,1014,1015,1016,1017,1018,1019,1020,1021,1022,1023,1024,1025,1026,1027,1028,1029,1030,1031,1032,1033,1034,1035,1036,1037,1038,1039,1040,1041,1042,1043,1044,1045,1046,1047,1048,1049,1050,1051,1052,1053,1054,1055,1056,1057,1058,1059,1060,1061,1062,1063,1064,1065,1066,1067,1068,1069,1070,1071,1072,1073,1074,1075,1076,1077,1078,1079,1080,1081,1082,1083,1084,1085,1086,1087,1088,1089,1090,1091,1092,1093,1094,1095,1096,1097,1098,1099,1100,1101,1102,1103,1104,1105,1106,1107,1108,1109,1110,1111,1112,1113,1114,1115,1116,1117,1118,1119,1120,1121,1122,1123,1124,1125,1126,1127,1128,1129,1130,1131,1132,1133,1134,1135,1136,1137,1138,1139,1140,1141,1142,1143,1144,1145,1146,1147,1148,1149,1150,1151,1152,1153,1154,1155,1156,1157,1158,1159,1160,1161,1162,1163,1164,1165,1166,1167,1168,1169,1170,1171,1172,1173,1174,1175,1176,1177,1178,1179,1180,1181,1182,1183,1184,1185,1186,1187,1188,1189,1190,1191,1192,1193,1194,1195,1196,1197,1198,1199,1200,1201,1202,1203,1204,1205,1206,1207,1208,1209,1210,1211,1212,1213,1214,1215,1216,1217,1218,1219,1220,1221,1222,1223,1224,1225,1226,1227,1228,1229,1230,1231,1232,1233,1234,1235,1236,1237,1238,1239,1240,1241,1242,1243,1244,1245,1246,1247,1248,1249,1250,1251,1252,1253,1254,1255,1256,1257,1258,1259,1260,1261,1262,1263,1264,1265,1266,1267,1268,1269,1270,1271,1272,1273,1274,1275,1276,1277,1278,1279,1280,1281,1282,1283,1284,1285,1286,1287,1288,1289,1290,1291,1292,1293,1294,1295,1296,1297,1298,1299,1300,1301,1302,1303,1304,1305,1306,1307,1308,1309,1310,1311,1312,1313,1314,1315,1316,1317,1318,1319,1320,1321,1322,1323,1324,1325,1326,1327,1328,1329,1330,1331,1332,1333,1334,1335,1336,1337,1338,1339,1340,1341,1342,1343,1344,1345,1346,1347,1348,1349,1350,1351,1352,1353,1354,1355,1356,1357,1358,1359,1360,1361,1362,1363,1364,1365,1366,1367,1368,1369,1370,1371,1372,1373,1374,1375,1376,1377,1378,1379,1380,1381,1382,1383,1384,1385,1386,1387,1388,1389,1390,1391,1392,1393,1394,1395,1396,1397,1398,1399,1400,1401,1402,1403,1404,1405,1406,1407,1408,1409,1410,1411,1412,1413,1414,1415,1416,1417,1418,1419,1420,1421,1422,1423,1424,1425,1426,1427,1428,1429,1430,1431,1432,1433,1434,1435,1436,1437,1438,1439,1440,1441,1442,1443,1444,1445,1446,1447,1448,1449,1450,1451,1452,1453,1454,1455,1456,1457,1458,1459,1460,1461,1462,1463,1464,1465,1466,1467,1468,1469,1470,1471,1472,1473,1474,1475,1476,1477,1478,1479,1480,1481,1482,1483,1484,1485,1486,1487,1488,1489,1490,1491,1492,1493,1494,1495,1496,1497,1498,1499,1500,1501,1502,1503,1504,1505,1506,1507,1508,1509,1510,1511,1512,1513,1514,1515,1516,1517,1518,1519,1520,1521,1522,1523,1524,1525,1526,1527,1528,1529,1530,1531,1532,1533,1534,1535,1536,1537,1538,1539,1540,1541,1542,1543,1544,1545,1546,1547,1548,1549,1550,1551,1552,1553,1554,1555,1556,1557,1558,1559,1560,1561,1562,1563,1564,1565,1566,1567,1568,1569,1570,1571,1572,1573,1574,1575,1576,1577,1578,1579,1580,1581,1582,1583,1584,1585,1586,1587,1588,1589,1590,1591,1592,1593,1594,1595,1596,1597,1598,1599,1600,1601,1602,1603,1604,1605,1606,1607,1608,1609,1610,1611,1612,1613,1614,1615,1616,1617,1618,1619,1620,1621,1622,1623,1624,1625,1626,1627,1628,1629,1630,1631,1632,1633,1634,1635,1636,1637,1638,1639,1640,1641,1642,1643,1644,1645,1646,1647,1648,1649,1650,1651,1652,1653,1654,1655,1656,1657,1658,1659,1660,1661,1662,1663,1664,1665,1666,1667,1668,1669,1670,1671,1672,1673,1674,1675,1676,1677,1678,1679,1680,1681,1682,1683,1684,1685,1686,1687,1688,1689,1690,1691,1692,1693,1694,1695,1696,1697,1698,1699,1700,1701,1702,1703,1704,1705,1706,1707,1708,1709,1710,1711,1712,1713,1714,1715,1716,1717,1718,1719,1720,1721,1722,1723,1724,1725,1726,1727,1728,1729,1730,1731,1732,1733,1734,1735,1736,1737,1738,1739,1740,1741,1742,1743,1744,1745,1746,1747,1748,1749,1750,1751,1752,1753,1754,1755,1756,1757,1758,1759,1760,1761,1762,1763,1764,1765,1766,1767,1768,1769,1770,1771,1772,1773,1774,1775,1776,1777,1778,1779,1780,1781,1782,1783,1784,1785,1786,1787,1788,1789,1790,1791,1792,1793,1794,1795,1796,1797,1798,1799,1800,1801,1802,1803,1804,1805,1806,1807,1808,1809,1810,1811,1812,1813,1814,1815,1816,1817,1818,1819,1820,1821,1822,1823,1824,1825,1826,1827,1828,1829,1830,1831,1832,1833,1834,1835,1836,1837,1838,1839,1840,1841,1842,1843,1844,1845,1846,1847,1848,1849,1850,1851,1852,1853,1854,1855,1856,1857,1858,1859,1860,1861,1862,1863,1864,1865,1866,1867,1868,1869,1870,1871,1872,1873,1874,1875,1876,1877,1878,1879,1880,1881,1882,1883,1884,1885,1886,1887,1888,1889,1890,1891,1892,1893,1894,1895,1896,1897,1898,1899,1900,1901,1902,1903,1904,1905,1906,1907,1908,1909,1910,1911,1912,1913,1914,1915,1916,1917,1918,1919,1920,1921,1922,1923,1924,1925,1926,1927,1928,1929,1930,1931,1932,1933,1934,1935,1936,1937,1938,1939,1940,1941,1942,1943,1944,1945,1946,1947,1948,1949,1950,1951,1952,1953,1954,1955,1956,1957,1958,1959,1960,1961,1962,1963,1964,1965,1966,1967,1968,1969,1970,1971,1972,1973,1974,1975,1976,1977,1978,1979,1980,1981,1982,1983,1984,1985,1986,1987,1988,1989,1990,1991,1992,1993,1994,1995,1996,1997,1998,1999,2000,2001,2002,2003,2004,2005,2006,2007,2008,2009,2010,2011,2012,2013,2014,2015,2016,2017,2018,2019,2020,2021,2022,2023,2024,2025,2026,2027,2028,2029,2030,2031,2032,2033,2034,2035,2036,2037,2038,2039,2040,2041,2042,2043,2044,2045,2046,2047
0.13695218,0.088505715,0.2703832,0.18158978,0.026912466,0.05651932,0.8388014,0.61321855,0.23723705,0.19961898,0.12058951,0.079429485,0.112309635,0.33512008,0.156468,0.050984327,0.10697721,0.39017367,0.24443075,0.19201869,0.22480658,0.22107805,0.08019697,0.019362465,0.09882177,0.34526956,0.2612158,0.20101222,0.25526944,0.89220333,0.08473528,0.30157223,0.13260858,0.1913577,0.33365938,0.070914894,0.13054274,0.14817792,0.08829036,0.0800929,0.39793658,0.19475895,0.1887441,0.12922962,0.10265249,0.10082754,0.35586783,0.036734477,0.096227884,0.24238136,0.6152644,0.2423627,0.7705398,0.17184024,0.12701018,0.34082577,0.31045732,0.10648672,0.15286686,0.7088001,0.73059,0.42318463,0.17952791,0.32449007,0.12225923,0.015325211,1.0416642,0.8327378,0.07611231,0.028840043,0.11058792,0.07806496,0.3866326,0.22923675,0.31933707,0.19377638,0.19249651,0.94706774,0.29943553,0.07768852,0.17457366,0.15441921,0.11883881,0.2668669,0.1597747,0.043296076,0.5505892,0.66410244,0.27996215,0.05880763,0.25633848,0.042135265,0.73629653,0.09100455,0.24935739,0.15888737,0.0815319,0.10766078,0.06716293,0.109319724,0.012765462,0.6417429,0.09486897,0.28435957,0.07370086,0.2054688,0.37514925,0.2268331,0.021264993,0.11935907,0.06536338,0.051056817,0.10543544,0.08011986,0.5063189,0.10242207,0.0052723917,0.11636104,0.4151541,0.16166037,0.32768813,0.10977808,0.023450991,0.2540427,0.07931291,0.2542566,0.040640704,0.06367396,0.1345026,0.39014933,0.44685918,0.16342017,0.078514606,0.14480546,0.38693517,0.06310351,0.81389916,0.1000549,0.61127985,0.428597,0.5219367,0.28672194,0.33531335,0.12572825,0.6565308,0.09696334,0.38859987,1.7857447,0.18055092,0.12104364,0.014777342,0.12646642,0.046503987,0.66747856,0.672259,0.4831226,0.14413486,0.057340182,0.70890427,0.069639124,0.12593994,0.15839723,0.49151945,0.13128543,0.045106594,0.49826965,0.26315027,0.12288979,0.12924945,0.5571176,0.15482487,0.5110038,0.020480763,0.28879768,0.13909546,0.03389637,0.6513493,0.23223512,0.24226397,0.30965963,0.5846156,0.43468636,0.13799569,0.15456386,0.3752404,0.1517339,0.15727489,0.16228291,0.58091545,0.3346547,0.006899194,0.004913555,0.019869858,0.26619604,0.030438066,0.073100716,0.13347854,0.26690128,0.2383993,0.39255422,0.2318829,0.18730962,0.17512484,0.00080326764,0.052554253,0.052097358,0.30655795,0.47055668,0.17246164,0.15105414,0.04573263,0.1107713,0.009274203,0.5608807,0.1396683,0.036144372,0.28835273,0.017996678,0.096358076,0.029892866,0.19439252,0.75038695,0.10105881,0.11129325,0.07155444,0.072086796,0.14435378,0.07407494,0.527978,0.52273774,0.027960982,0.50595176,0.2582543,0.062184714,0.16605563,0.09056746,0.13624081,0.19190294,0.46466202,0.024689946,0.30342722,0.075659394,0.05729162,0.16285595,0.10860774,0.18415336,0.35840392,0.052062348,0.4274199,0.5574575,0.31108752,0.18119311,0.020582732,0.095650785,0.42856723,0.13305622,0.03884232,0.36821687,0.29405367,0.6484444,0.7370764,0.21801414,0.580194,0.78127825,0.14101562,0.057978276,0.4122674,0.04507877,0.32104188,0.13812965,0.12249456,0.20278393,0.12645474,0.12910528,0.21954954,0.50333995,0.17243196,0.19861965,0.11971223,0.17412813,0.04898914,0.3359753,0.13478024,0.23531927,1.834373,0.097013265,0.16904078,0.15943487,0.16008794,0.33601773,0.07159014,0.31633434,0.25061938,0.031752072,0.087016314,0.48549607,0.29134148,0.3128544,0.06554104,0.16785377,0.1185893,0.8085983,0.24674588,0.35842848,0.5199146,0.13570866,0.28021485,0.22215012,0.14315516,0.8468077,0.11855242,0.34807855,0.43126547,0.2705411,0.24595264,0.08635034,0.11059372,0.017461412,0.22903436,1.3892174,0.35364297,0.42099035,0.07993719,0.16384567,0.07866883,0.06623833,0.21091229,0.04559648,0.012944745,0.107063524,0.2908338,0.3786927,0.053936444,0.42250258,0.03290613,0.52280426,0.0346909,0.30406043,0.07329232,0.08319327,0.048217606,0.28411978,0.17566727,0.18463692,0.06665606,0.05920905,0.07825062,0.19594193,0.18756804,0.1079368,0.0756489,0.4350896,0.031664364,0.035281606,0.397277,0.17882568,0.009451825,0.12604497,0.15808393,0.1528018,0.3642609,0.09682362,0.5464792,0.032542985,0.14926395,0.39337754,0.00731695,0.5156176,0.63653237,0.20286372,0.15101819,0.057861682,0.11140113,0.0808066,0.19009636,0.29108348,0.06352677,0.16696352,0.09515451,0.078392744,0.47410613,0.1048725,0.6549666,0.124728784,0.04180017,0.14129876,0.5063803,0.15018068,0.13420577,0.47927964,0.13028912,0.112954915,0.074004695,0.1375333,0.13055,0.12563181,0.17890078,0.24680369,0.41245827,0.17432839,0.035028934,0.36031595,0.11694697,0.30470967,0.13513866,0.18602033,0.005883459,0.19509272,0.48053718,0.015157611,0.28819764,0.15105501,0.29056126,0.21532351,0.24488889,0.32284236,0.16192713,0.40889674,0.12295869,0.5072337,0.41697598,0.302724,0.04981617,0.044169195,0.3924689,0.0559918,0.32159704,0.09131464,0.058718674,0.15291415,0.053381663,0.0721643,0.088249534,0.07421109,0.1349113,0.11490847,0.19487633,0.103884555,0.15303746,0.03561599,0.08239268,0.2513053,0.10552633,0.1285629,0.056521077,0.3723408,0.032935213,0.07247515,0.56182796,0.051684935,0.11077869,0.37177908,0.48383754,0.04115123,0.19526143,0.3610791,0.1762792,0.2815007,0.40889364,0.21842612,0.0530245,0.103641585,0.39487904,0.36765957,0.15621257,0.031637445,0.6126396,0.66669923,0.0,0.16543543,0.18737797,0.22333875,0.27744138,0.13799025,0.032976378,0.2328921,0.102080286,0.15459311,0.2872106,0.041433163,0.21566117,0.14259775,0.377353,0.1343598,0.13524781,0.1292637,0.100030534,0.3097039,0.23093367,0.23974386,0.205435,0.38147345,0.15389156,0.750703,0.11171256,0.72312605,0.09120464,0.082175866,0.26460978,0.09054111,0.2713129,0.14105934,0.09748498,0.22609901,0.059191823,0.076052755,0.16634244,0.07586901,0.26089573,0.50009966,0.19388503,0.1470387,0.4323087,0.07551383,0.10998902,0.6963254,0.95751816,0.5594016,0.057571813,0.23351079,0.20224133,0.048593543,0.22563134,0.064337924,0.14989893,0.1909301,0.30404806,0.40332884,0.28008097,0.727991,0.025283664,0.17686425,0.40444574,0.2936431,0.06221904,0.60415125,0.17671916,0.68109083,0.03317763,0.24492496,0.1777979,0.100846864,0.226652,0.123163104,0.04916691,0.0716906,0.335689,0.0117329,0.11373238,0.3014184,0.025636727,0.2858458,0.054879088,0.03383284,0.17535919,0.22546591,0.46781635,0.10191879,0.29627952,0.047972422,0.10230075,0.22935924,0.027949473,0.21045023,0.37540716,0.32865438,0.32635596,0.21475258,0.5389209,0.018146697,0.23281927,0.2906307,0.18084806,0.01155555,0.09142886,0.1157427,0.2079888,0.17798856,0.51166284,0.16430213,0.064214244,0.04371269,0.10356818,0.051099204,0.3289907,0.41746908,1.1265967,0.08909982,0.043978114,0.26743826,0.086925276,0.0692827,0.54850185,0.36286315,0.7476901,0.049379155,0.07850586,0.20458466,0.26397347,0.041025817,0.15537925,0.530537,0.3178966,0.12664732,0.3606488,0.056915484,0.11847643,0.18338,0.70359874,0.05220376,0.040796187,0.099548295,0.20069353,0.022960227,0.14855275,0.28065416,0.060242303,0.029149886,0.10337515,0.26911032,0.07580719,0.45800626,0.10116293,0.064264454,0.058352258,0.07934822,0.08805131,0.08498716,0.04083143,0.3745987,0.11927433,0.14107096,0.12219941,0.068288,0.0023285944,0.5400373,0.38434145,0.1536802,0.08933543,0.07623539,0.14758816,0.72583956,0.14281222,0.13271034,0.18925513,0.13619775,0.027412932,0.9048834,0.008732544,0.2728966,0.09640977,0.20531458,0.33683804,0.18596403,0.3250409,0.16065934,0.14719066,0.22218533,0.016890252,0.16480981,0.13672571,0.053318795,0.13844356,0.108816236,0.413192,0.053264167,0.24063128,0.2019375,0.10187717,0.20512523,0.20920919,0.46971405,0.02207426,0.15176333,0.40483415,0.1258395,0.10044323,0.16294423,0.64516956,0.22399123,0.53676003,0.10059523,0.26688647,0.29806456,0.0158105,0.07085027,0.014035653,0.15792166,0.47979048,0.25761917,0.022246769,0.1044633,0.11188898,0.10703848,0.045710586,0.2642044,0.1802255,0.5621497,0.06924419,0.029818991,0.17963202,0.16226849,0.43620497,0.6824117,0.06703642,0.009383411,0.06368563,0.18934806,0.029907063,0.24104787,0.32566094,0.41989106,0.04380117,0.1720062,0.17220064,0.20616995,0.14139618,0.014622185,0.035647474,0.6081098,0.24380727,0.2161923,0.035061963,0.010346888,0.12831348,0.036532305,0.03800651,0.14708072,0.15066183,0.008654185,0.15860702,0.03777688,0.15135728,0.028927179,0.5183894,0.10578804,0.4209205,0.07357561,0.26705837,1.3807853,0.09144558,0.23742148,0.13127081,0.18793285,0.13695475,0.081958815,0.090584174,0.23976748,0.33089846,0.18002787,0.0005192461,0.15092391,0.44688332,0.5323676,0.2368887,0.09019105,0.19343308,0.017230403,0.020370796,0.0033691232,0.30908993,0.28307885,0.17062943,0.12579249,0.052624464,0.27751976,1.2322363,0.49276245,0.038113423,0.113250606,0.13049087,0.13069165,0.07861534,0.035400208,0.09950978,0.06769249,0.022574624,0.18298125,0.35312852,0.45323953,0.027430575,0.40271103,0.21620116,0.22327274,0.15163374,0.6253753,0.6613258,0.6618555,0.15693568,0.6468746,0.44167283,0.45525062,0.13341932,0.49949256,0.49387756,0.3209087,0.25303468,0.025877167,0.09799363,0.50961477,0.1039546,0.46273395,0.28642562,0.2859866,0.15666908,0.14116433,0.10535149,0.22226173,0.09771961,0.099315494,0.15877172,0.04667966,0.018777236,0.3847344,0.05996774,0.16095874,0.4110979,0.11342069,0.021914188,0.23398772,0.1024429,0.41141397,0.46820396,0.12589689,0.00954498,0.051131003,0.04456779,0.5164777,0.28449363,0.13666749,0.10038559,0.3504842,0.20217212,0.10799892,0.39214146,0.1597997,0.17048149,0.2227806,0.13413638,0.3065333,0.0032173519,0.23164977,0.28520113,0.089859575,0.3877091,0.57426786,0.25733712,0.27930737,0.16756211,0.09793889,0.14293945,0.1379916,0.1288998,0.13683008,0.17286657,0.20489028,0.053344034,0.27826715,0.12227972,0.29480255,0.2435553,0.25114903,0.12774688,0.39934573,0.0,0.16131522,0.43327263,0.10774544,0.3510125,0.056173977,0.06563321,0.098679766,0.043213107,0.11665093,0.07609597,0.17655267,0.47646895,0.06901236,0.04585228,0.13788942,0.10256989,0.28511417,0.39529335,0.21483484,0.6045784,1.6685735,0.068575114,0.5284423,0.27253988,0.35287222,0.5984777,0.024038045,0.023172015,0.24719116,0.10835623,0.3974449,0.11007344,0.05898712,0.23048124,0.06899504,0.0,0.15764835,0.16983068,0.18265027,0.19314903,0.1335004,0.08713334,0.31117654,0.2620754,0.16685888,0.02143285,0.16354969,0.4737075,0.094899856,0.052769516,0.058572166,0.56356585,0.24574265,0.10167587,0.15960942,0.1639985,0.07199252,0.33502826,0.56759626,0.08980846,0.35498458,0.2733665,0.015402695,0.055911925,0.14832903,0.23215994,0.39969075,0.15660366,0.31747538,0.19659361,0.31746706,0.023358067,0.13315168,0.026356,0.32394248,0.08149466,0.14653873,0.16688891,0.23702174,0.3986116,0.1500082,0.08515315,0.13079545,0.3648286,0.28375787,0.32393992,0.033767596,0.18409318,0.16542327,0.7172622,0.2600648,0.46779227,0.37486663,0.020083442,0.028290078,0.21824935,0.113290705,0.22150207,0.13178295,0.15871768,0.20287013,0.20765996,0.18949805,0.21213743,0.07829431,0.06534818,0.25907207,0.10020536,0.42063326,0.15939471,0.18573068,0.12019993,0.17274389,0.26062328,0.056630485,0.260259,0.0324625,0.39726248,0.049998954,0.08585409,0.094175465,0.4532345,0.4784524,0.015415753,0.115794286,0.26062638,0.10912132,0.6131609,0.3028904,0.019780476,0.27175182,0.18716283,0.09857461,0.096145436,0.2743663,0.45105973,0.0454557,0.088752724,1.0026873,0.36087126,0.3374424,0.018741328,0.0059591713,0.521949,0.25691336,0.046711974,0.22858088,0.26272583,0.030768398,0.18195209,0.10293796,0.16180237,0.15378797,0.14225644,0.18229903,0.29426986,0.20564966,0.13871081,0.44573072,0.5932263,0.21068104,0.22410756,0.33158532,0.09532955,1.2187928,0.13837788,0.44994423,0.5387936,0.14369893,0.5698526,0.5352083,0.9142207,0.1558285,0.5278625,0.13992825,0.4570306,0.049638234,0.36986578,0.045711257,0.60219777,0.16514674,0.26926446,0.21363384,0.23951474,0.0126250405,0.039632246,0.057808146,0.073189765,0.018133383,0.41702163,0.16253531,0.020095315,0.18287069,0.017903414,0.16097784,0.3199836,0.4443201,0.22580977,0.05233586,0.5938086,0.20737992,0.046577923,0.51553655,0.03828107,0.031128278,0.008946018,0.029590197,0.12847242,0.19525796,0.13574995,0.41165584,0.048030775,0.20081165,0.20573819,0.08103937,0.05179389,0.23828545,0.32478034,0.37712157,0.5663333,0.14165087,0.004517541,0.15589112,0.14461946,0.3046891,0.09129225,0.125624,0.11123253,0.035161566,0.42556447,0.3347153,0.20838888,0.014344176,0.00904672,0.17928946,0.55568826,0.07985359,0.07916376,0.018471567,0.39173192,0.009349705,0.054864872,0.15068224,0.27926338,0.08120008,0.10781652,0.3553672,0.21641715,6.99382e-05,0.4824457,0.09233877,0.33903557,0.2802154,0.032254558,0.11347793,0.13545266,0.7596134,0.7772751,0.31692645,0.04207761,0.0019624266,0.0907232,0.13948831,0.15874924,0.21964152,0.11894964,0.13528153,0.08551804,1.1501683,0.12581629,0.6269287,0.2607296,0.039525807,0.0,0.13319,0.17659566,0.026367214,0.025541151,0.13444369,0.16763404,0.7385011,0.0021542306,0.1960915,0.15640275,0.329687,0.53013134,0.042643543,0.26968753,0.7388899,0.00104269,0.072998784,0.01753278,0.0,0.21206164,0.09309591,0.30306262,0.33621818,0.23537493,1.1310599,0.23657948,0.7494341,0.28698424,0.008719651,0.15421094,0.9032225,0.36408103,0.15241784,0.086801246,0.09191511,0.1606994,0.0700574,0.13804083,0.29251686,0.32259393,0.092863455,0.2865103,0.020977912,0.18693231,0.2621323,0.11899317,0.087460466,0.25155112,0.102340564,0.081017226,0.025478644,0.049983803,0.043213077,0.50861526,0.85287946,0.16633072,0.08023129,0.15409492,1.5501268,0.080522746,0.37142017,0.19085065,0.0023114644,0.031044263,0.0936181,0.33101618,0.99563974,1.0399208,0.45859024,0.01931163,0.08491031,0.05339102,0.13140023,0.053277813,0.1840869,0.0383789,0.04583876,0.17870402,0.036353696,0.45974442,0.06481184,0.5317607,0.60067093,0.03810446,0.34774175,0.041239243,0.09678524,1.3471098,0.3336355,0.12131857,0.43895087,0.017437866,0.5382267,0.3365053,0.0,0.61150694,0.7000216,0.6232304,0.1709664,0.00069112773,0.017732069,0.06714675,0.15193275,0.0071930117,0.057414897,0.02886933,0.012852364,0.01336741,0.8180351,0.20656596,0.12810999,0.07203604,0.016471488,0.060586847,0.0,0.09531106,0.58317006,0.12239107,0.078084454,0.03733264,0.092820704,0.0913319,0.24135862,0.32898483,0.100873485,0.13170558,0.81229615,0.37990487,0.12559365,0.36842048,1.0884433,0.1717543,0.0036619578,0.0012866227,0.5289519,0.18072183,0.4135705,0.19844791,0.0,0.11612974,0.64660484,0.0,0.18048412,0.5825376,0.0,0.5052358,0.24642119,0.32414284,0.09469303,0.13578933,0.0020968728,0.24002053,0.72056305,0.41611174,1.2125754,0.53961533,0.052427195,0.15683442,0.014854123,0.02153896,0.6177688,0.34100842,0.7006442,0.059628554,0.057397842,0.1961053,0.10162851,0.622073,0.069805786,0.15991879,0.2761789,0.037277937,0.047485888,0.48839527,0.2724137,0.20263219,0.40307072,0.12377653,0.08886371,0.18139017,0.7929766,0.05792713,0.6615906,0.574033,0.026685625,0.12951005,0.103988774,0.19030553,0.2360628,0.11628004,0.18380886,0.5268793,0.12318771,0.020633385,0.0897322,0.3476073,0.623276,0.041135497,0.033723414,0.0031550613,0.074014515,0.009495571,0.29971558,0.20242436,0.121566564,0.32009658,0.100207165,0.44638902,0.20292473,0.4133633,0.40317535,0.4930374,0.008198023,0.2528474,0.5335503,0.26468903,0.09088523,0.061853856,0.056416646,0.032860562,0.31134456,0.029256806,0.48495308,0.344728,1.098067,0.23983796,0.19591753,0.010646263,0.0030346368,0.22892931,0.0079647545,0.0995547,0.12123044,0.23666613,0.3467514,0.4855332,1.2195088,0.17984253,0.2685811,0.05880537,0.37873968,0.051549233,0.046010196,7.376981e-05,0.0,0.18026009,0.0007759201,0.0024010998,0.069302924,0.010801953,0.15218136,0.021534648,0.16265824,0.2573508,0.04413753,0.007876488,0.054120272,0.19335663,0.0,0.31381482,0.17320159,0.0,0.07671778,1.289274,0.00010414246,0.025688533,0.046114966,0.6132319,0.49694356,0.2635153,0.1784953,0.018026076,0.41147104,0.024636047,0.27649122,0.33060348,0.15114363,0.007574213,0.04465407,0.17747003,0.03639716,0.26843604,0.17228022,0.09253827,0.089458995,0.0059917914,0.009898072,0.017651249,0.19948682,0.0,0.15842485,0.7820673,0.059122913,0.14495881,0.9055181,0.17063954,0.11312451,0.528182,0.097694926,0.08295015,0.04913956,0.0,0.735378,0.020616965,0.03548166,0.24980032,0.9533874,0.018442858,0.21731359,0.80856824,0.038256384,0.4229889,0.21200016,1.3171253,0.0715616,0.0038075515,0.0,0.09579758,0.46669537,0.3872245,0.62917995,0.23348927,0.19871694,0.083845936,0.035071805,0.08329788,0.04835467,0.011198544,0.25657177,0.21312042,0.03454292,0.11088217,0.078637205,0.7888606,0.007856041,0.05440463,0.015449291,1.3575232,0.52853453,0.28128904,0.058134615,0.31873375,0.9364953,0.8125733,0.3975535,0.36484182,0.0,0.03397876,0.09952331,1.3867736,0.09886893,0.0015397113,1.9115397,0.18143442,0.0012471391,0.6409373,0.16308908,0.67532027,0.5887068,0.6162799,0.40988976,0.7574758,0.08821964,0.0,0.3371293,0.072732426,0.5096574,0.5471629,0.27012867,0.0,0.40431938,0.36933923,0.0013219775,0.1432608,0.09786607,0.0020480012,0.0,0.35083634,0.052940898,0.26766145,0.23918663,0.0073599475,0.34474057,0.1387105,0.0642743,0.29345375,0.002326922,0.005576042,0.03897071,0.2938767,0.5490606,0.12705095,0.2834953,0.1408304,0.59072244,0.68914485,0.010480475,0.20142464,0.2695906,0.11507536,0.48892748,0.5703295,0.114035025,0.061815303,0.037004404,0.24098293,0.5769874,0.13116461,0.0142288,0.51848304,0.19861916,0.65191054,1.1238091,0.011803656,0.09996511,0.04905174,0.0,0.12380626,1.302977,0.46321872,0.89362407,0.11255114,0.11322895,0.8603145,0.20570083,0.0116334045,0.48956177,0.50406885,0.283037,0.17533362,0.10491818,0.0962961,0.4794945,0.22494514,0.4991117,0.25108308,0.012532221,0.2985624,0.17164502,0.38975623,0.83049864,0.03491924,0.24296121,0.04115222,0.538355,0.3047348,0.3246711,0.24312267,0.62315625,0.41639876,1.0711074,0.3654225,0.29368943,0.036976308,0.5701711,0.08675672,0.5638027,1.175242,0.18770075,0.29618818,0.13998334,0.630043,0.0,0.021242224,0.90800387,0.08043049,0.17783779,0.25432783,0.06162242,0.14695036,0.29465485,0.3034372,0.6671653,0.43428028,0.02469521,0.042932555,0.00068675604,0.519305,0.40967143,0.0,0.33914706,0.42558822,1.3096182,0.5539852,0.64670104,0.5928787,0.024788499,0.29847074,0.053070515,0.44716862,1.1807417,0.39108378,0.09739182,0.06650279,0.19143492,0.053132765,0.024479445,0.28571272,0.1838769,0.28429624,0.06403976,0.42586866,0.25391912,0.2543615,0.38823617,0.020164505,0.21884944,0.036814757,0.0,0.17746478,0.5626484,0.11631424,0.48388672,0.050954025,0.09305834,0.3731457,0.47035462,0.07891078,0.23105168,0.34841642,0.035840783,0.14557499,0.27363408,0.6524791,0.08111212,0.09909111,0.02209384,2.3782449,0.3268212,0.8748443,0.09667866,0.10802592,0.021637551,0.030351903,1.214217,0.121449925,0.3197894,0.7372556,0.013744839,0.10195115,0.4446216,0.033815727,0.05771724,0.010307126,0.55799866,0.3917759,0.009360293,0.0,0.31228817,0.1555905,0.0020036898,0.10916984,0.30228606,0.04857088,0.13695976,0.33112574,0.26456594,0.0069880965,0.9975321,0.014749868,0.2196278,0.2107011,0.1216226,0.36977202,0.011475477,0.25789046,0.14956754,0.307577,0.0,0.577804,0.023713805,0.62798834,0.035163403,0.81726927,0.2697305,0.3865038,0.36328077,0.5549698,0.09004132,0.06670481,0.12365949,0.09433076,0.05734496,0.28559482,1.151637,0.6656651,0.29790893,0.03604556,0.15591113,0.4675063,0.75737673,0.1744352,0.0035078877,0.056691557,0.3152549,0.010340099,0.12839931,0.15999031,0.5253519,0.46149904,0.003723314,0.43835157,0.021262472,0.3077261,0.014747544,0.30361593,0.09401266,0.7793469,0.48374063,0.1167967,0.25179037,0.58281976,0.1268191,0.3351226,0.4134419,0.0,0.18633908,0.058201008,0.5558053,0.27384537,0.03265574,0.06899165,0.13342218,0.20085286,0.03308569,0.30568427,0.20752141,0.53549373,0.034048177,0.16208977,0.043793745,0.031698696,1.3519185,0.008927743,0.048571847,0.005816538,0.32615077,0.13683425,0.03330456,0.0,0.00045784898,0.0,0.103315964,0.70949095,0.014443794,0.06625636,0.7539708,0.62253034,0.20820466,0.66361123,0.19475713,0.27925113,1.0219011,0.24414098,0.06857358,0.32120836,0.14727111,0.055493414,0.35114887,0.39947087,0.36224174,0.41566432,0.3198339,0.24369434,0.29622516,0.24806646,0.0070963837,0.20387493,0.6713887,0.022085426,0.34286618,0.87446564,1.0476682,0.20758612,0.17254749,0.25795072,0.22561133,0.6958935,0.017516881,0.28830016,0.15096235,0.059847485,0.006226304,0.45235887,0.08954199,0.038086876,0.20013338,1.1175036,0.29991794,0.042009544,0.0070576593,0.9202343,0.083188824,0.081488594,0.30991608,0.0,0.60401815,0.0,1.3661978,0.38062805,0.091492966,0.045011103,0.00063591584,0.24846497,0.7741859,0.010621104,1.8303425,0.4201162,0.007801243,0.1789523,0.27002952,0.0,0.23466071,0.42232293,0.16709298,0.19362032,0.012499382,0.17760533,0.26106176,0.11869645,0.01298013,0.1290985,0.32970545,0.59638894,1.0252444,0.6096751,0.56401134,0.38345367,0.018947458,0.08386509,0.1257698,0.44282907,0.045453995,0.5672364,0.41635522,0.008736096,0.6745491,0.16987821,0.33571494,1.0326779,0.05127962,0.43763936,0.058396686,0.17442098,0.12244604,0.640795,0.30526307,0.044217877,0.21143882,0.35019517,0.14655346,0.23086317,0.43069133,0.059498712,1.3630078,0.30806744,1.783361,0.006609557,0.14176309,0.71207726,0.5152448,0.45067644,0.31926063,0.64760387,0.82084763,0.3410453,0.079341754,0.855245,0.14038235,0.40389332,0.019558098,0.28557467,0.080402836,0.26356173,0.1575037,0.6919322,2.1068928,0.5030653,1.1517166,0.3972155,0.292732,0.26152533,0.054667912,0.01358016,0.2863116,0.5419513,0.15486658,1.7386565,0.65260327,0.78195286,0.33444035,0.10087693,0.4957534,0.31200165,0.053418376,0.8289665,0.16493392,0.29024583,0.15286472,0.51027,0.509031,0.13010278,0.30974716,0.048924845,0.41409677,0.0899733,0.6197847,0.2106983,0.15645239,0.19644573,0.05838184,0.007695171,1.1119062,0.09877396,0.22484209,0.2678631,0.5396991,0.5729427,0.14432003,0.20539716,0.2187846,0.57691455,0.01234573,0.056576796,0.057755917,0.29773703,0.69786155,0.12062373,0.4670269,0.9628229,0.006675532,0.6652894,0.22333473,0.04635624,0.024484936,0.003464162,0.011231074,0.06922872,0.11837784,0.07329674,0.29290664,0.2452879,0.22245954,0.2711487,0.057041317,0.78802186,0.5456631,0.060414124,0.23384708,1.0777634,0.24180724,0.26527187,0.21041606,0.8073739,0.5302384,0.30597615,0.7587956,0.47871053,1.2198381,0.401581,0.11644772,0.32700336,0.41396356,0.21807122,0.13799888,0.5331107,0.46099144,1.3358868,0.22872394,0.14940955,0.036556564,0.62921655,0.16215834,0.11465164,0.11305462,0.10908064,0.18970564,0.14245164,0.040523075,0.22877988,0.23068997,0.20022744,1.2580161,0.6350343,0.25593293,0.9413549,0.36937222,0.0,0.24917424,0.23153597,0.7047036,0.84860384,0.12690951,0.47015256,0.45929414,0.0,0.492377,0.0040755556,0.20835528,0.13939387,0.67474365,0.08347085,0.9122637,0.010676846,0.30291873,0.51977515,0.047072936,0.29282796,0.07294947
0.10717023,0.021238225,0.14401709,0.11183625,0.027402166,0.04319854,0.6945991,0.46874824,0.26094937,0.25619864,0.1060883,0.05862413,0.10401132,0.30978292,0.13234676,0.07953407,0.01082235,0.3851992,0.29479557,0.20454946,0.21972309,0.11703205,0.1182055,0.04204042,0.08838498,0.37844896,0.25874594,0.16274843,0.2198407,0.8148325,0.05241382,0.2569065,0.13272461,0.20130491,0.22000277,0.032806315,0.08367729,0.24758634,0.124207065,0.18792784,0.45324442,0.17983457,0.17124352,0.13602996,0.060357213,0.036014415,0.3045214,0.029837754,0.06617474,0.2151826,0.6648048,0.34782717,0.728655,0.15061007,0.12779647,0.28011498,0.28890532,0.18526444,0.13258496,0.65175176,0.7421708,0.43182614,0.1625568,0.1545259,0.118814655,0.015136087,0.8826689,0.7031399,0.062600836,0.0358423,0.10672426,0.10918252,0.4163176,0.1706061,0.24904577,0.26415622,0.2260556,0.85750026,0.28597698,0.13648425,0.11166239,0.09070358,0.10829172,0.18554722,0.1620818,0.020804565,0.58629084,0.64667434,0.27770072,0.008265339,0.26588,0.11167562,0.7886643,0.10688337,0.1738736,0.21309201,0.06439422,0.114017665,0.05826793,0.11100035,0.0065832594,0.60459334,0.10453823,0.3157735,0.038844407,0.29525104,0.19278905,0.34361738,0.028882142,0.14440565,0.12982064,0.0574244,0.09794549,0.08724198,0.51814,0.107966766,0.009074047,0.20171738,0.4420625,0.23063956,0.21659394,0.06541336,0.014637813,0.19909595,0.06383838,0.22263053,0.078331724,0.01628625,0.089899175,0.39413172,0.44858992,0.19963664,0.127233,0.1111343,0.3971686,0.072752684,0.73289216,0.09819107,0.6562167,0.29460442,0.48257363,0.24614573,0.29140595,0.1710884,0.4623545,0.08179407,0.3963861,1.7472975,0.17347024,0.16815805,0.005754291,0.042878516,0.039417468,0.6479559,0.6681908,0.545142,0.0767931,0.07219092,0.7327743,0.053252123,0.098674,0.12091008,0.56600314,0.24418224,0.04349622,0.48012346,0.1680855,0.11144504,0.107882336,0.5492437,0.30547976,0.55344236,0.01709859,0.3606726,0.1587382,0.04386477,0.46180022,0.16973859,0.3463356,0.24443178,0.62995744,0.33139104,0.11268689,0.14670457,0.35706866,0.16201359,0.1372599,0.07807636,0.5668944,0.28292224,0.025399117,0.02348468,0.031048296,0.271909,0.028528174,0.085635826,0.19117075,0.21869764,0.20547536,0.42640978,0.23394373,0.19044107,0.18091416,0.00858328,0.07407734,0.051721625,0.37574238,0.41844255,0.19459683,0.21024546,0.033038765,0.13378534,0.008109393,0.6863142,0.102091454,0.05075814,0.2702712,0.03287057,0.07343306,0.0741332,0.16018425,0.7017252,0.16299593,0.13805422,0.056163907,0.064289495,0.1476098,0.09364742,0.4615674,0.44131213,0.046491873,0.50252783,0.26980114,0.015881883,0.17121236,0.064931825,0.2088747,0.20607957,0.42952746,0.024851736,0.32301843,0.078890994,0.043671936,0.19824506,0.11001642,0.15227772,0.29426745,0.076902814,0.35670185,0.5522692,0.2726027,0.12599514,0.050500385,0.06648831,0.41332322,0.12391288,0.021930378,0.35141748,0.24104783,0.8484279,0.6959233,0.21501459,0.6410695,0.62561005,0.11569669,0.044542693,0.37062335,0.05982324,0.2772526,0.17607537,0.072316095,0.24445559,0.13385952,0.105102964,0.30726826,0.5111606,0.119176164,0.15373151,0.13391337,0.09741826,0.058051147,0.4100325,0.19075197,0.24079703,1.7244425,0.08052079,0.14418887,0.21508226,0.20779404,0.2846982,0.012391388,0.3904987,0.29803705,0.18342921,0.07465513,0.41943473,0.2840724,0.23122264,0.0857695,0.16959544,0.114756286,0.7279924,0.27236378,0.3983369,0.4485911,0.07225623,0.28566036,0.24739921,0.16036704,0.6864526,0.073671274,0.2822347,0.48975497,0.20919275,0.34506437,0.1411665,0.13821742,0.005685023,0.22293076,1.2269175,0.33611324,0.39883536,0.13725556,0.11517132,0.09435876,0.08545747,0.19003798,0.103185065,0.03993726,0.0537981,0.5551634,0.33073357,0.19683492,0.40442654,0.029192233,0.3868528,0.015800705,0.21866143,0.0952643,0.035648488,0.028698977,0.4122913,0.14710948,0.1826615,0.08166513,0.114861086,0.16039413,0.075472176,0.17127633,0.08233765,0.10693102,0.5592871,0.03681263,0.028946046,0.18746601,0.14332135,0.03460592,0.07112716,0.037006013,0.09796642,0.24720067,0.06327097,0.33858174,0.021736639,0.19753148,0.21895076,0.004820385,0.8369819,0.72441673,0.36520743,0.13060905,0.10265718,0.1847042,0.12579256,0.15894113,0.23811844,0.036405176,0.11987025,0.06345802,0.107408985,0.57497275,0.045801267,0.6281185,0.25454587,0.028852753,0.17228435,0.3975044,0.12993309,0.11540723,0.36001137,0.11408925,0.046329156,0.13601482,0.15190545,0.12458295,0.067624494,0.18926033,0.09905422,0.19958495,0.17206469,0.03041696,0.3445582,0.11742692,0.19093587,0.2158947,0.11889324,0.009308448,0.113429815,0.6292261,6.468603e-05,0.272756,0.13330284,0.18210232,0.083743304,0.06052815,0.38789004,0.11045801,0.2997386,0.07313276,0.34377646,0.24204168,0.42854714,0.010765777,0.06079325,0.2598216,0.06653256,0.3310516,0.099501394,0.025000557,0.084669426,0.08496416,0.01319373,0.107932895,0.11460199,0.1608866,0.086677365,0.18442526,0.054744735,0.1061196,0.084306985,0.11296242,0.19341257,0.14292149,0.17004052,0.012888469,0.24079055,0.020904427,0.038268678,0.4953684,0.11940767,0.10665111,0.28102165,0.34677747,0.07951846,0.20850077,0.38574177,0.22676644,0.14158349,0.32847795,0.23624775,0.02720203,0.06206353,0.43947056,0.2534041,0.08040998,0.01613108,0.5411445,0.5289567,0.00019905668,0.26524085,0.46149367,0.3611475,0.16645719,0.051970914,0.07671517,0.23242012,0.08383376,0.056049492,0.34145308,0.017321406,0.15789005,0.1698046,0.27707162,0.06517986,0.09049229,0.1493853,0.10102106,0.3462972,0.25000668,0.28344035,0.20728996,0.35915142,0.14485699,0.6363146,0.0573859,0.5536807,0.17924061,0.061860956,0.1983716,0.07726712,0.25738811,0.14073972,0.055024613,0.13204236,0.06954413,0.061816372,0.1316047,0.042763088,0.3613471,0.3038482,0.20695001,0.23303379,0.42219782,0.08283094,0.16951087,0.5529812,0.6628531,0.29681322,0.06790258,0.13157801,0.13514668,0.124829054,0.23575982,0.017705359,0.12247068,0.13327451,0.28935248,0.2573167,0.6136191,0.66881955,0.0041880775,0.18146549,0.20789342,0.2229408,0.055282,0.7174916,0.024105666,0.6406718,0.052683406,0.20662564,0.17518562,0.12190496,0.21012467,0.102335304,0.05127193,0.054112107,0.33994895,0.017000943,0.0855293,0.14181097,0.047984138,0.18237759,0.043987744,0.037336245,0.15447825,0.16694552,0.43209755,0.030385554,0.28268903,0.03436115,0.082971916,0.11370516,0.0266877,0.14628011,0.2817813,0.32964423,0.21503124,0.19964054,0.51017296,0.03256486,0.25366133,0.18508634,0.2674032,0.0033627048,0.28290492,0.11592442,0.20280291,0.15350802,0.27710795,0.14034201,0.10483548,0.092236474,0.13315496,0.04715781,0.23977529,0.27321827,0.8676471,0.18260285,0.045240548,0.24216288,0.020600094,0.08000732,0.37511224,0.36245045,0.6267748,0.100489,0.09251039,0.14498435,0.123431206,0.056522377,0.20602585,0.45976058,0.23723882,0.11933528,0.17354521,0.11839259,0.096537665,0.12031671,0.60963535,0.07606469,0.0038130663,0.07385217,0.18230723,0.025582282,0.058100663,0.12163508,0.09987965,0.039228156,0.0150765665,0.27209482,0.040568624,0.38400468,0.057688933,0.07212263,0.07033087,0.03753501,0.08425088,0.08353317,0.054740883,0.34505817,0.14422259,0.12186355,0.16459532,0.065193385,0.055935267,0.49935645,0.22215886,0.20659941,0.11591451,0.13292015,0.10708323,1.132879,0.14131862,0.20583025,0.16863175,0.078497596,0.06665375,1.0661845,0.022471473,0.20809524,0.014969239,0.21666527,0.11778499,0.25890929,0.37612632,0.14498666,0.15489632,0.16029929,0.031810533,0.07242381,0.23662212,0.039766088,0.123911485,0.112111166,0.1995494,0.008939367,0.1875228,0.11775224,0.09258598,0.17256215,0.1426418,0.31565517,0.1838545,0.19641481,0.2606892,0.039958313,0.09259988,0.1710933,0.72992814,0.13444549,0.73889494,0.08800735,0.2650755,0.5614384,0.043847032,0.014595717,0.00835535,0.13053104,0.21911982,0.18833421,0.02657888,0.10823371,0.044043235,0.1604321,0.0019021608,0.22334617,0.18220225,0.37194937,0.04392787,0.03621417,0.11373953,0.10084735,0.38377392,0.4534286,0.16145316,0.01461204,0.013042131,0.110352114,0.020122388,0.1598902,0.23275377,0.35697934,0.013500914,0.17386588,0.11727612,0.11840783,0.22343746,0.030735018,0.023811469,0.56799084,0.27671403,0.11842951,0.033850003,0.06827032,0.1659903,0.016254554,0.04542343,0.13531741,0.15548927,0.01833335,0.21494296,0.040249266,0.042459816,0.03433676,0.3422711,0.15236199,0.33576846,0.03954436,0.25983548,1.1801587,0.038008425,0.21180615,0.15355742,0.13517472,0.19988042,0.07431502,0.08037397,0.25454578,0.26856908,0.16064829,0.007820038,0.11838146,0.343374,0.61616176,0.4360163,0.09671041,0.17331403,0.052341536,0.06696801,0.013493886,0.23683552,0.22754745,0.11753215,0.12311293,0.07121766,0.20299158,1.1638597,0.3320255,0.029190496,0.15095888,0.22586137,0.084839374,0.0450221,0.010480704,0.1164231,0.040071167,0.01620017,0.16028664,0.35575944,0.37258804,0.023477677,0.47095492,0.26960552,0.14635865,0.18679532,0.69538116,0.6599616,0.6600462,0.12651402,0.7581472,0.38966158,0.4671411,0.107266486,0.41950983,0.3359238,0.26403087,0.23804542,0.033463243,0.03307985,0.33789754,0.055667177,0.29936177,0.29569656,0.25356722,0.1411412,0.19120696,0.20858565,0.13007194,0.10096483,0.06735924,0.1394009,0.029367791,0.00390941,0.28101972,0.117093,0.20432693,0.33584392,0.18355885,0.0702523,0.20094553,0.07643713,0.26699924,0.28473404,0.020273348,0.010434166,0.11923541,0.09263713,0.73340744,0.3086292,0.08885704,0.13920045,0.25643802,0.15590431,0.101533666,0.37718338,0.18040434,0.11834724,0.23057453,0.20116799,0.15093541,0.022584848,0.09690677,0.17914593,0.0041718767,0.2870025,0.50876975,0.2254178,0.31940514,0.07441436,0.106882855,0.20327348,0.09677655,0.20342335,0.08571768,0.16919106,0.20884225,0.0664029,0.25421366,0.16341946,0.29103076,0.4076286,0.16217515,0.08428842,0.5826114,0.0012243786,0.19527501,0.3846165,0.06073325,0.25937042,0.009727438,0.030310035,0.1490905,0.020825986,0.020512586,0.051485926,0.27991918,0.2519924,0.04570029,0.03513599,0.13341092,0.15686622,0.25842673,0.2533513,0.08493948,0.4019826,1.5728203,0.027040098,0.47156304,0.20302302,0.2579267,0.3303347,0.0,0.01469011,0.2295331,0.13213594,0.24124047,0.10721878,0.030954486,0.23434556,0.10172184,0.0016466832,0.082772315,0.14646958,0.18453932,0.22158179,0.0983687,0.0767691,0.2140899,0.17638919,0.16320422,0.04575911,0.24284512,0.40813124,0.08527039,0.11622645,0.05022627,0.6577019,0.17736787,0.05858348,0.16094553,0.14833754,0.083066665,0.19265291,0.43944073,0.049169548,0.6089478,0.29067785,0.013838035,0.07716147,0.11032971,0.20273279,0.59574443,0.17451732,0.17322934,0.21493122,0.24371137,0.026547302,0.13941073,0.072664775,0.23698498,0.053280946,0.056494717,0.20312403,0.2405217,0.3393184,0.09169999,0.058838043,0.110038616,0.2598739,0.30124667,0.2814631,0.026692005,0.17722629,0.102771536,0.5474379,0.14751902,0.53131473,0.5243561,0.06964939,0.018112011,0.23813087,0.09786936,0.29990453,0.07156928,0.18079266,0.2339328,0.1595049,0.15127602,0.11650282,0.030214775,0.05249259,0.23568498,0.08042072,0.4457948,0.12924573,0.18766263,0.15838772,0.2016029,0.27457297,0.06336424,0.19300447,0.06039387,0.34321445,0.030044552,0.07557009,0.06246108,0.5505399,0.6685438,0.0022886242,0.13410962,0.32803228,0.15892532,0.45998347,0.19828635,0.013090737,0.27464002,0.11616402,0.07164564,0.06280405,0.2880636,0.47697178,0.08451956,0.09088412,1.1131108,0.24949978,0.21592051,0.017888367,0.027969178,0.31617114,0.14050537,0.037735216,0.22974639,0.270647,0.067304604,0.055178724,0.12781554,0.13561916,0.20311546,0.025235247,0.1918567,0.2970128,0.17876801,0.08681406,0.4168262,0.8282839,0.26825815,0.21038955,0.38528442,0.0602277,0.97949445,0.18969056,0.500042,0.82740444,0.15299542,0.48692828,0.46300378,0.90327704,0.18222016,0.420946,0.053992167,0.5020307,0.06973938,0.41599822,0.05098822,0.5221666,0.21444033,0.22969246,0.24463485,0.15377568,0.015784755,0.048775442,0.073288925,0.015915891,0.017836682,0.6405698,0.17217694,0.034368288,0.12666963,0.08230848,0.18318857,0.46485353,0.28599754,0.11317061,0.044901915,0.51019436,0.29163757,0.04439684,0.67271554,0.08075411,0.014117137,0.006704314,0.03217945,0.057116445,0.15764232,0.14224887,0.53073305,0.03921727,0.16573903,0.24609366,0.04392595,0.011930028,0.29850632,0.41703182,0.23222342,0.4987135,0.088411346,0.002274186,0.11024694,0.08860051,0.2700389,0.05310233,0.15530846,0.08985894,0.025237238,0.46103305,0.15457787,0.22583832,0.026037566,0.055040207,0.16321912,0.57398933,0.085552834,0.13683954,0.027108205,0.18236965,0.056235567,0.069884054,0.15075427,0.14627923,0.072824836,0.088115074,0.44822955,0.2714126,0.03670636,0.58650666,0.040305153,0.46482423,0.28783405,0.013764127,0.0488642,0.12382275,0.53958154,0.8293506,0.3392072,0.06746295,0.018474657,0.086128816,0.03972511,0.19334403,0.13608035,0.06703371,0.08035438,0.081910804,1.3442163,0.038488828,0.8041805,0.239689,0.029010423,0.011639651,0.38275468,0.25073972,0.020613112,0.006369565,0.24129966,0.13284229,0.6971579,0.030888027,0.074051015,0.17808163,0.3835594,0.49296075,0.0784367,0.14656895,0.9783514,0.0,0.043395985,0.021978253,0.0058099413,0.14870822,0.044452526,0.20000589,0.26895875,0.20741078,1.1844306,0.25220582,0.67884326,0.18783183,0.00025049975,0.15027669,0.7087104,0.38003108,0.09035888,0.0367815,0.070031725,0.22351396,0.08561686,0.10802141,0.2152372,0.4757343,0.17289983,0.29029712,0.039267156,0.07571694,0.32565293,0.14774372,0.09339951,0.14625356,0.15854481,0.059562184,0.030450694,0.0702432,0.02244694,0.4108644,0.5826588,0.097991355,0.050473306,0.113350764,1.7297032,0.11319375,0.26066732,0.17070135,0.0010986337,0.025081992,0.04266017,0.35750055,0.95338666,1.23214,0.32473606,0.048841983,0.075737804,0.056652613,0.18530051,0.01847563,0.19004613,0.025427401,0.024279624,0.14235908,0.06251295,0.5925969,0.026465211,0.35457313,0.4737254,0.020327687,0.2076064,0.06541481,0.08422136,1.3863013,0.45103472,0.10313089,0.57233894,0.054339174,0.4867683,0.44361278,0.0,0.54457706,0.537072,0.75230587,0.1009978,0.0080491705,0.031845704,0.056615736,0.20420137,0.012116973,0.08081557,0.007294724,0.0021017739,0.0020479455,0.6927999,0.14772576,0.1405681,0.055590443,0.0980172,0.08398916,0.0003537563,0.024702583,0.784376,0.18259971,0.04008803,0.048541628,0.11812744,0.052983396,0.20908183,0.33985916,0.045304835,0.068239875,0.76155055,0.4420625,0.095752195,0.28264493,1.2713668,0.171493,0.004835788,0.0015386796,0.47112855,0.19312474,0.40940776,0.24323004,0.006484076,0.1605911,0.77635217,0.0042507867,0.16630098,0.50271106,0.009567071,0.4495908,0.18019564,0.2871402,0.12924366,0.127712,0.02155685,0.14396225,0.95947266,0.50220764,0.88750696,0.42761242,0.016223911,0.08224756,0.0138093745,0.01581113,0.7499187,0.29756993,0.6898004,0.08492415,0.026396904,0.17558035,0.12790439,0.59318393,0.10578513,0.1903765,0.2661115,0.01494487,0.03427711,0.361283,0.25050306,0.16342545,0.3654061,0.15292306,0.07295133,0.18478507,0.92584866,0.06887586,0.55782217,0.37787157,0.03761074,0.13053718,0.14088559,0.16365857,0.14683115,0.12224342,0.22428712,0.4825948,0.13445893,0.009374,0.10849013,0.3701672,0.42280287,0.058840647,0.04192073,0.00018499901,0.007917769,0.051359452,0.2305504,0.18926778,0.19284268,0.315875,0.07268287,0.64515257,0.16149864,0.39291197,0.54747653,0.49161583,0.0012726746,0.17119479,0.60198855,0.11993213,0.08140821,0.09259162,0.062002644,0.039419543,0.18264896,0.0052278847,0.62850714,0.19990507,0.9597056,0.22917254,0.16550508,0.009469129,0.010177383,0.36567277,0.019017162,0.08195855,0.056464586,0.34957334,0.25006032,0.4853967,1.1560031,0.2330372,0.20730387,0.12362142,0.24271777,0.06878434,0.04149107,0.0,0.012752105,0.1530253,0.00021675334,0.0,0.11675751,0.036404654,0.1716207,0.027001314,0.047142513,0.26475084,0.04134367,0.010970125,0.09935132,0.31964228,0.012023286,0.24950026,0.19115302,0.0031956166,0.12146428,1.4120753,0.00204349,0.037671514,0.056935064,0.5042801,0.20213477,0.13485825,0.18264204,0.017194308,0.421849,0.0129667865,0.23363346,0.24389216,0.15734494,0.055727568,0.028135521,0.3225824,0.028484793,0.1339327,0.18116838,0.12696713,0.07217841,0.007001688,0.017688066,0.017242217,0.15804642,0.0,0.15747106,0.9272129,0.13463666,0.13821933,0.818732,0.11532822,0.10767712,0.28555351,0.1518253,0.04850473,0.076556765,0.0,0.6444572,0.0149323335,0.06503951,0.27493584,1.0369842,0.041489273,0.14318493,0.83413744,0.059859056,0.63103735,0.15239671,1.2822037,0.120811366,0.0,0.0,0.032658316,0.34831485,0.2605001,0.52062577,0.10721296,0.2121056,0.09683527,0.027852971,0.107691556,0.043167256,0.008047339,0.17159297,0.14915308,0.06386922,0.012573833,0.042910013,0.65058124,0.039414857,0.027835036,0.017510278,1.1950977,0.58607924,0.25604907,0.08560304,0.18595982,1.009099,0.77372414,0.22186166,0.23163411,0.00045185554,0.04422698,0.036040567,1.3387482,0.04025814,0.0,1.8108003,0.07302061,0.0026333684,0.6966404,0.12615103,0.75750273,0.5972158,0.48788851,0.31502616,0.69233835,0.102302074,0.0080970265,0.30238408,0.176014,0.26302552,0.6421082,0.26345235,0.0151307,0.5000895,0.40088314,0.005819472,0.13472846,0.1446464,0.0,0.0,0.27508512,0.022743668,0.16141461,0.13347061,0.009198703,0.3247249,0.17779568,0.07251912,0.20854351,0.0028620558,0.019450232,0.01791064,0.28238195,0.46799663,0.049725868,0.24580087,0.10863441,0.54899836,0.761731,0.04879143,0.204324,0.25122517,0.1591126,0.3998483,0.48019102,0.03630119,0.12747288,0.051325526,0.19863497,0.7578826,0.10794155,0.012130531,0.44403028,0.16456796,0.622701,1.2286599,0.015531258,0.0114121195,0.026833609,0.0036524162,0.1906282,1.0459847,0.2906829,0.8092366,0.12743768,0.13718733,1.0936496,0.14356455,0.02224862,0.52927727,0.5502512,0.25760323,0.305471,0.06289835,0.2854933,0.49525344,0.13739765,0.25544792,0.32768667,0.019791566,0.29372936,0.17600666,0.29235527,0.9303589,0.0760411,0.12942457,0.018998532,0.51525134,0.15471254,0.30596566,0.22416136,0.58429277,0.39571252,1.233048,0.47570515,0.17544445,0.11735304,0.245449,0.04417666,0.6914728,1.3521882,0.14016134,0.3087106,0.019625703,0.5124421,0.008425029,0.066973746,1.0294049,0.07314019,0.16889486,0.4556179,0.079247676,0.1723535,0.24703205,0.4081367,0.78521574,0.33380175,0.0090718195,0.039605025,0.004037273,0.51169896,0.2533739,0.0,0.29449725,0.45834237,0.9655216,0.2960804,0.541073,0.4436923,0.045836557,0.2898055,0.05093191,0.31071806,1.3899145,0.2844906,0.057015024,0.11171445,0.12775148,0.07507452,0.026154762,0.25067055,0.22177204,0.2094467,0.03137228,0.525607,0.38958222,0.20070675,0.2905122,0.016461488,0.26782954,0.009477114,0.0027657587,0.11325103,0.50148034,0.10434979,0.35621428,0.040221315,0.17004023,0.2769434,0.4966657,0.0560146,0.22169213,0.25284126,0.0012758692,0.09476402,0.41463858,0.59654707,0.11991213,0.08384204,0.04184253,2.3691974,0.2158418,0.7810888,0.122926965,0.08034344,0.028467068,0.06153877,1.0506243,0.07313581,0.31868023,0.7083006,0.011832381,0.13172208,0.37860364,0.04690803,0.04840777,0.006402435,0.6090735,0.35064995,0.01762946,0.022008423,0.2182846,0.121997215,0.0,0.042984843,0.32088056,0.09333523,0.14663023,0.12018921,0.29924303,0.020936945,0.8004294,0.0028166086,0.18057282,0.27626652,0.07688518,0.28739232,0.0072042765,0.34410962,0.11305839,0.39730507,0.0,0.5924444,0.0015415355,0.4472404,0.03175331,0.8651725,0.3202293,0.28525344,0.32732368,0.43897378,0.08581932,0.116855085,0.06885999,0.057638004,0.054473527,0.3060255,0.97733593,0.8792131,0.30841503,0.047819547,0.08548638,0.40713346,0.38083452,0.21116747,0.00028971315,0.042552277,0.37735602,0.10359312,0.107414946,0.07812792,0.4874666,0.53450024,0.009800712,0.40760446,0.06741135,0.25434443,0.015349717,0.3196997,0.13032621,0.87255925,0.3890339,0.05965025,0.23445147,0.4037761,0.10090643,0.29246473,0.39380497,0.0003338324,0.24688345,0.096175425,0.45911586,0.26393253,0.04455746,0.14278485,0.09770456,0.13282588,0.001867698,0.30745256,0.26601428,0.47028953,0.06407637,0.17054628,0.03889709,0.006568442,1.1565561,0.023631126,0.08147611,0.01962999,0.44886062,0.19548637,0.06479791,0.0015692124,0.014450966,0.0008706725,0.04130852,0.6110419,0.008596986,0.035083733,0.6709145,0.5907271,0.17260784,0.74797463,0.19160062,0.08761602,1.1376779,0.29682893,0.031805363,0.22396113,0.064413965,0.083247215,0.28184116,0.51318634,0.32379332,0.34531412,0.53036374,0.05966684,0.3322037,0.14709182,0.012450961,0.3009918,0.5508559,0.0005036722,0.33129302,0.8270475,0.9989994,0.1850743,0.059617374,0.08549875,0.24686408,0.7278484,0.010160329,0.1688184,0.15510911,0.05662994,0.014977513,0.5474134,0.045900997,0.029075325,0.3584895,1.023731,0.13147575,0.0190952,0.038311325,0.63650846,0.02915623,0.058464482,0.13529153,0.014286998,0.65746117,0.0,1.2837782,0.35102522,0.09658624,0.009503042,0.0,0.17776176,0.704502,0.002892948,1.7547634,0.26523563,0.009832723,0.15594038,0.27081084,0.00808626,0.22849396,0.41496268,0.08477655,0.14457555,0.019305322,0.14332473,0.37713888,0.06253487,0.10348263,0.184449,0.38034233,0.7132856,0.9132184,0.45908454,0.5733134,0.3044299,0.025689226,0.062321454,0.23585744,0.36628866,0.16900374,0.5857005,0.3934177,0.0054039406,0.57707644,0.27392697,0.33150172,1.0234711,0.101741716,0.18502083,0.16081747,0.05704221,0.14483014,0.5411477,0.3603751,0.04326478,0.22981013,0.38855278,0.3084123,0.16233535,0.521236,0.12766036,1.2459929,0.42107272,1.700419,0.027045924,0.15915108,0.67459756,0.4848882,0.39350045,0.088387914,0.42179114,0.658219,0.18609455,0.112919025,0.78677523,0.08373438,0.3557204,0.021834847,0.2705759,0.21345013,0.20480707,0.21001208,0.59115195,1.8447828,0.46666864,0.9564195,0.27047417,0.20740418,0.24501735,0.10432111,0.017916875,0.19433177,0.51304954,0.117521025,1.7262645,0.8830577,0.6914551,0.32823998,0.11108447,0.46562615,0.33816463,0.059089065,0.93678874,0.056982987,0.28116345,0.34784627,0.5471008,0.291362,0.10461253,0.38366294,0.007732615,0.553407,0.06491112,0.5330452,0.114216596,0.101431236,0.24294324,0.048025843,0.005904373,0.81757396,0.09178704,0.19585416,0.2384429,0.4310267,0.53693575,0.09211721,0.10557542,0.14071828,0.4720385,0.0091378465,0.12559342,0.015160335,0.29612264,0.6971114,0.11851656,0.45124072,0.8391215,0.034633007,0.4796784,0.110402934,0.046990976,0.04214794,0.0,0.00873177,0.10476888,0.08775583,0.0211664,0.33741468,0.18668553,0.36417085,0.360793,0.004741261,0.6778725,0.4597626,0.041411232,0.16484879,0.9413825,0.2235896,0.18666044,0.2525786,0.9638685,0.6201565,0.35844368,0.5186287,0.4765133,1.173865,0.31645977,0.11711694,0.27333075,0.36332056,0.22628206,0.03245536,0.45815676,0.5402834,1.230195,0.23789479,0.16903028,0.023672093,0.50237674,0.29730403,0.0961509,0.1681807,0.06740695,0.37574494,0.16781914,0.044044886,0.24517149,0.18325496,0.22760484,0.9294391,0.54184186,0.27175233,0.7472814,0.20157658,0.0,0.30499396,0.30210844,0.6018708,0.6431619,0.14989686,0.3611558,0.35273558,0.0,0.3692304,0.005119734,0.14411134,0.10213804,0.5156982,0.07729909,0.86299485,0.036866017,0.22282943,0.46162447,0.057782173,0.3092605,0.15843731
0.118600585,0.024256296,0.17367598,0.106503725,0.03761258,0.012382875,0.71909773,0.4855106,0.17046249,0.24991307,0.099537104,0.06570603,0.09587355,0.28565633,0.16262993,0.08335915,0.018164666,0.36821777,0.30339736,0.22056687,0.20484538,0.14242032,0.14718607,0.044575453,0.066341594,0.38794434,0.24927229,0.15835695,0.23349892,0.7887945,0.053585023,0.27219015,0.14024684,0.20927364,0.23068403,0.03562325,0.12875459,0.27086514,0.10802691,0.15974674,0.46473575,0.18020217,0.15912493,0.12046333,0.059731416,0.0740917,0.27810708,0.038945757,0.07959817,0.2030977,0.65861046,0.32332665,0.7290697,0.12561631,0.12644319,0.27170157,0.32514536,0.20367749,0.117650434,0.6550742,0.8285128,0.43724197,0.15459028,0.1308201,0.10742904,0.01895274,0.98008937,0.71951675,0.062458567,0.04113418,0.09307231,0.088135295,0.41755778,0.17695561,0.24655613,0.23428133,0.22393784,0.8482077,0.27127013,0.13312733,0.094121784,0.13208617,0.1263188,0.22643322,0.16237597,0.048739053,0.61272407,0.6117134,0.2589799,0.00046343054,0.26973355,0.089646414,0.7494154,0.08218269,0.1943055,0.21166681,0.062152486,0.09737626,0.069332354,0.107584625,0.0011787765,0.65099716,0.11344127,0.32745618,0.055869605,0.29491404,0.19697753,0.33954895,0.01300437,0.16294348,0.10909072,0.050545663,0.09310621,0.09706474,0.4941779,0.093040995,0.0075428677,0.18856949,0.4961934,0.23802547,0.2343079,0.076134935,0.015784273,0.21272773,0.05521839,0.23712,0.06600875,0.020204231,0.10173842,0.37983215,0.45663851,0.1898798,0.12694412,0.11815839,0.33243984,0.061018758,0.7731688,0.06843106,0.65949225,0.23153786,0.4627745,0.27553177,0.30782813,0.16015604,0.42263147,0.07920611,0.35514188,1.7499008,0.20329663,0.18162213,0.0067301663,0.052323326,0.027230822,0.68031937,0.715985,0.5150909,0.1128506,0.082094744,0.78341377,0.05043811,0.107516155,0.11802125,0.63533527,0.24116755,0.029506842,0.5684136,0.18443805,0.08907061,0.099757284,0.554496,0.24882306,0.5450035,0.0074945576,0.3134569,0.1765668,0.037407577,0.5381883,0.1501919,0.361611,0.24697362,0.6127771,0.3443632,0.094915405,0.17380634,0.4217782,0.14682025,0.101356484,0.07537087,0.5548274,0.33852774,0.016867064,0.022569388,0.023729779,0.27353674,0.021354873,0.06618461,0.21983412,0.29217082,0.22206408,0.4259184,0.24857605,0.18456304,0.21597964,0.010054543,0.08810787,0.053733163,0.40387982,0.45802265,0.20343406,0.21133947,0.034814052,0.14090419,0.00516927,0.7055744,0.10907362,0.04171843,0.2938803,0.035350103,0.10242237,0.05383464,0.19711936,0.75134945,0.15229297,0.14353022,0.05569561,0.07264878,0.20535943,0.081617914,0.51904064,0.4851405,0.055175513,0.5285369,0.35465008,0.013302164,0.16877973,0.04990112,0.2054792,0.18249413,0.41055587,0.022388764,0.27944905,0.046899665,0.043868348,0.21193364,0.12735783,0.14189002,0.2812361,0.07495248,0.38691586,0.6022376,0.2949512,0.10576828,0.053236168,0.12179469,0.41830724,0.13736543,0.025911046,0.3818294,0.28938007,0.9205228,0.70163053,0.22388431,0.7089331,0.6573918,0.10301413,0.033458132,0.32293513,0.036030117,0.27582955,0.1542271,0.085556686,0.2574938,0.14635058,0.12637803,0.28387618,0.527234,0.12732346,0.13207762,0.15793087,0.10376627,0.06545974,0.40655082,0.16170368,0.22479972,1.8830433,0.09825676,0.15479594,0.23308481,0.21552147,0.34086636,0.020156853,0.3683452,0.25430092,0.17850716,0.068761274,0.46586812,0.33702987,0.24316588,0.07184087,0.16131857,0.10814904,0.7590158,0.20295793,0.4168781,0.47454977,0.09576158,0.33508837,0.27358216,0.13944297,0.70305115,0.04752856,0.30894598,0.49724883,0.23664598,0.3215178,0.18256487,0.09667374,0.005257942,0.2567321,1.2184333,0.3346119,0.37812686,0.07108168,0.1584101,0.092511475,0.09010365,0.12123318,0.103446946,0.02456319,0.073917605,0.5425566,0.36307743,0.14278787,0.2977997,0.031535245,0.4320371,0.026148848,0.29285458,0.08699164,0.034390837,0.03502765,0.40671813,0.21688709,0.12143632,0.084959686,0.062412135,0.13906729,0.12410411,0.13172017,0.07347095,0.06115173,0.44340682,0.03919301,0.05764255,0.19450566,0.20214754,0.033689406,0.06537691,0.09132646,0.08937043,0.22410382,0.07128099,0.38908496,0.020843904,0.18467407,0.3006174,0.005928126,0.8485313,0.6726548,0.3512266,0.13940196,0.08229044,0.17009887,0.13683456,0.09531462,0.27077934,0.07024102,0.10541624,0.074080504,0.096862,0.49160895,0.047779813,0.72035897,0.3082831,0.024636293,0.15962744,0.38004294,0.11151065,0.13852435,0.3215676,0.122689985,0.09506272,0.16492103,0.19859582,0.08879531,0.051272318,0.26482585,0.14273633,0.22771457,0.14348474,0.029193345,0.3290141,0.10035944,0.18209408,0.21604481,0.17021023,0.07176199,0.0762268,0.6025937,0.0,0.2952174,0.15393883,0.16799775,0.03242709,0.10839985,0.4398684,0.10704166,0.27009526,0.077898085,0.3482457,0.28994623,0.36039406,0.048654664,0.031892337,0.23483804,0.095197245,0.31484568,0.08557954,0.016243171,0.09495787,0.07180352,0.031296916,0.10494662,0.12549272,0.14531079,0.092542715,0.1845307,0.059708264,0.0910503,0.047538742,0.08797266,0.2111671,0.15438691,0.17226952,0.0069181235,0.24880658,0.04053919,0.015379217,0.49536905,0.11489338,0.15282647,0.2812343,0.36009333,0.02310249,0.19899121,0.33895627,0.2729395,0.20657519,0.2935512,0.25260258,0.050282698,0.05453781,0.3670669,0.31620273,0.10824721,0.02693965,0.528279,0.5559353,0.001359525,0.25490877,0.41255456,0.3234804,0.18057518,0.08794032,0.09212282,0.19462714,0.11013111,0.0830174,0.26791185,0.017704971,0.17624111,0.10566612,0.3209411,0.06300843,0.08363919,0.19068399,0.07080375,0.36161342,0.20345527,0.2345986,0.19119993,0.27878034,0.14305753,0.6540788,0.0744414,0.6159122,0.1366821,0.09961448,0.23806025,0.11406286,0.2564612,0.13784261,0.072912514,0.15343088,0.06341721,0.095661744,0.15018761,0.041498184,0.3463254,0.26800913,0.18494496,0.20699897,0.45113522,0.060367953,0.11840287,0.5498858,0.58959174,0.33383998,0.12528318,0.11058597,0.15589799,0.13348217,0.18253629,0.06682881,0.12522025,0.1570447,0.30500013,0.31345508,0.58037764,0.7541059,0.0038478149,0.18341638,0.2617892,0.27456367,0.083101496,0.6981108,0.05751522,0.6730789,0.061431073,0.20926958,0.17981282,0.1126568,0.24312475,0.119192414,0.055393763,0.045773774,0.44605207,0.024274379,0.09511542,0.18710737,0.032171875,0.21986282,0.030948611,0.052108582,0.14139289,0.16307083,0.46295756,0.04223965,0.28649166,0.028985579,0.06877531,0.16654596,0.010438452,0.11481486,0.31522745,0.27919143,0.22235626,0.2710746,0.51826936,0.010500454,0.2187751,0.2028092,0.21980706,0.006685144,0.24030416,0.15919179,0.22699642,0.098426685,0.34053838,0.09989581,0.09746425,0.083005846,0.1175701,0.031011114,0.22206828,0.2378365,0.8186296,0.17509618,0.030449241,0.2584191,0.035021536,0.07429858,0.39979544,0.38557687,0.67009014,0.10523008,0.07238344,0.119983405,0.11714122,0.04076099,0.20382857,0.4513278,0.27574244,0.14574,0.23883508,0.08292232,0.119087055,0.12935886,0.6848339,0.053076066,0.012163164,0.0718451,0.29147333,0.017396191,0.052519917,0.1837908,0.09312079,0.022227924,0.05583638,0.32536906,0.08848428,0.39482477,0.048104774,0.07533471,0.09088793,0.050701614,0.06485141,0.10681647,0.031700566,0.42133012,0.1443314,0.07338425,0.14793654,0.06083042,0.101435065,0.48048547,0.24995098,0.16694035,0.12870781,0.15221319,0.15658122,1.1215901,0.13273497,0.1399404,0.1326274,0.0605703,0.08483742,1.017487,0.020365471,0.31857973,0.03199249,0.14360046,0.1510392,0.24144801,0.36320502,0.1675139,0.12259785,0.14808847,0.053864297,0.083318226,0.20765463,0.04327875,0.15123431,0.1314148,0.22901365,0.022814363,0.18427482,0.21505854,0.056954846,0.18975908,0.18167083,0.34159184,0.13713165,0.1864328,0.30635744,0.04460397,0.056916468,0.21613292,0.69274426,0.17727482,0.6833142,0.12241493,0.23215523,0.52233696,0.033353444,0.043990396,0.012702191,0.13952568,0.28604773,0.24480757,0.018061265,0.11461494,0.052882712,0.1362103,0.010788191,0.24827054,0.2660486,0.38849407,0.05082947,0.07964921,0.06592077,0.055755522,0.42419744,0.44837314,0.047411323,0.0131133795,0.02714762,0.09614937,0.02827486,0.17273007,0.26954368,0.3606975,0.03444031,0.13050587,0.08691804,0.13831185,0.22392279,0.031553663,0.04173067,0.5675121,0.29119784,0.16200414,0.04757767,0.071120575,0.07839963,0.010595618,0.030552862,0.14630684,0.18317248,0.0072247703,0.12683496,0.025237896,0.042960487,0.061240803,0.3593095,0.13475768,0.36334467,0.026660876,0.25124127,1.2614925,0.043956622,0.24822503,0.15196598,0.14391804,0.2102988,0.059564814,0.056611817,0.2697652,0.21445143,0.21287175,0.008050944,0.09421451,0.3823089,0.6282762,0.40232164,0.094411,0.15903747,0.07840518,0.0451254,0.012830261,0.21173517,0.2690776,0.107905194,0.10633891,0.09503774,0.14984208,1.1538932,0.2814911,0.04487946,0.14729914,0.21745747,0.10358438,0.036952276,0.011897482,0.18025593,0.021682521,0.02152063,0.14482516,0.43903407,0.34635752,0.03318391,0.4251737,0.2631985,0.16824427,0.17680183,0.66518784,0.67824006,0.61345303,0.12753753,0.66117877,0.40591937,0.400602,0.09652884,0.3966925,0.39231312,0.29322815,0.15161112,0.030971441,0.06701089,0.3443572,0.07616664,0.2921844,0.26561213,0.21397138,0.13949206,0.13277218,0.2043615,0.118532375,0.11360523,0.028310487,0.10879533,0.049041666,0.0045995684,0.32548118,0.11899672,0.14814126,0.35323107,0.16849269,0.03828922,0.22081812,0.09219587,0.26138908,0.32353133,0.037787244,0.012005284,0.099469006,0.104685634,0.8293772,0.3038897,0.10051252,0.13410673,0.23441184,0.1959242,0.09683098,0.43046308,0.14408308,0.11132094,0.2043963,0.20871124,0.13817748,0.016816905,0.11505555,0.19069758,0.0057781925,0.2890848,0.51221824,0.2146973,0.3000208,0.10602622,0.12807621,0.1445518,0.052063763,0.15647134,0.13211131,0.17954065,0.18075201,0.06334122,0.29221374,0.17274824,0.38737023,0.4232415,0.10853764,0.07391234,0.61573744,0.0028019208,0.2264712,0.42826912,0.064323425,0.31789547,0.017098103,0.053954817,0.101744,0.057953745,0.016710006,0.06946333,0.29376525,0.3078515,0.06029185,0.088442944,0.1298052,0.13876912,0.29833883,0.2153351,0.15823194,0.4391407,1.6654061,0.031939387,0.50065553,0.21795502,0.3144888,0.50962245,0.0030131168,0.007362768,0.24956667,0.15184349,0.2775249,0.05638082,0.021662435,0.24649332,0.10455328,0.007275341,0.06987521,0.102357626,0.17914984,0.25345746,0.076536566,0.0819604,0.2560695,0.1621771,0.22843046,0.033780772,0.23649949,0.5086432,0.06722486,0.08196164,0.06616176,0.59559345,0.20010772,0.061759777,0.18674275,0.15203348,0.098146334,0.19619648,0.5285202,0.03541115,0.58583474,0.40560585,0.008536825,0.06558582,0.097806275,0.20672557,0.5707053,0.10515315,0.16477546,0.20618498,0.29930186,0.07147484,0.11369704,0.058247652,0.2798614,0.05056853,0.072947666,0.13342993,0.25626394,0.35761154,0.17393601,0.068708524,0.0888835,0.25392994,0.32808137,0.29851928,0.04018501,0.12735349,0.11624881,0.6525153,0.15573443,0.50535357,0.41531953,0.11501104,0.016332941,0.3014694,0.1513366,0.34200245,0.06918683,0.2030699,0.18089435,0.179268,0.11064997,0.19840242,0.035241734,0.0751316,0.24915066,0.075511284,0.4680565,0.14002006,0.1633312,0.16353175,0.17052355,0.25721565,0.03276296,0.1914081,0.028956069,0.3532357,0.03216572,0.0744351,0.07966289,0.5448563,0.65082324,2.7454003e-05,0.19274747,0.29250982,0.08447471,0.479467,0.2846363,0.011697077,0.21132386,0.14039597,0.08543761,0.025584584,0.1790154,0.42264682,0.058854617,0.1040595,1.1045507,0.24194694,0.26024356,0.0185533,0.027549427,0.3273893,0.17408767,0.03175219,0.2521507,0.27586868,0.038795352,0.08223513,0.17142569,0.15319918,0.25937748,0.04876041,0.18174087,0.30484074,0.21241862,0.08895324,0.43460917,0.8166235,0.25200346,0.21263054,0.41663474,0.11293657,1.0543556,0.20027657,0.521472,0.779076,0.11510952,0.4285912,0.43252286,0.8900968,0.16816214,0.38349813,0.062804624,0.49779126,0.053338535,0.37591207,0.07358503,0.57600665,0.21333094,0.22223982,0.34080663,0.1899055,0.015081419,0.066238225,0.074379936,0.065831214,0.011358429,0.6802771,0.18824384,0.033772483,0.11076626,0.06514989,0.17646022,0.47512424,0.24375224,0.098674916,0.0506277,0.44173813,0.27265823,0.053420953,0.64017355,0.060241725,0.02661041,0.005304526,0.042010773,0.073259294,0.15517595,0.1517143,0.49392727,0.06417166,0.13270092,0.25039834,0.038645774,0.004685417,0.32501638,0.38574162,0.27773845,0.44181424,0.07753265,0.02402752,0.15577555,0.0934723,0.37194204,0.03814016,0.15645319,0.08227448,0.0061550303,0.43088168,0.2317729,0.16692486,0.032832466,0.0565224,0.14309037,0.5216789,0.0828762,0.16625449,0.015032631,0.17935035,0.053378135,0.06396619,0.14744872,0.15067498,0.042954665,0.108829685,0.43453133,0.32203573,0.020976415,0.57142067,0.008845233,0.3453278,0.2000837,0.026447482,0.07439715,0.10723692,0.69009465,0.7931421,0.31171972,0.051449373,0.009917838,0.111412,0.029011019,0.22234894,0.10924139,0.06312345,0.06302436,0.050969057,1.380602,0.0013949438,0.8746847,0.23680973,0.014297703,0.012036994,0.44626206,0.2409071,0.036035303,0.012953816,0.20044796,0.13029765,0.72519237,0.011714365,0.118838355,0.16798338,0.3279755,0.5349796,0.08413716,0.17017002,1.0071135,0.0,0.06270486,0.003970289,0.008092147,0.09817928,0.042321704,0.24764493,0.3371231,0.21367428,1.1634351,0.2338033,0.64414424,0.1480507,0.0011464304,0.2382387,0.8316153,0.38992292,0.10985705,0.045294784,0.0952169,0.15917921,0.14442058,0.105338685,0.25435475,0.45846578,0.19053455,0.27618563,0.03126211,0.0774564,0.41854298,0.1271054,0.11713366,0.19215617,0.17631987,0.066868804,0.04736103,0.04118648,0.023670208,0.46002284,0.63922626,0.11692684,0.0681917,0.09111717,1.6571941,0.07299294,0.2839991,0.16172224,0.002353611,0.024060555,0.046560798,0.34419474,1.1051228,1.2091868,0.35148302,0.014754724,0.07576345,0.040482484,0.20415336,0.0140845105,0.15678611,0.031116609,0.05500341,0.11548989,0.084823504,0.5380534,0.017656095,0.32282758,0.53841174,0.025373617,0.27493134,0.05285673,0.12009516,1.3916118,0.5080177,0.13633406,0.4572484,0.0439758,0.53353804,0.44924098,0.0,0.613017,0.6480371,0.84603876,0.10130089,0.0033666252,0.008923714,0.0444655,0.16617665,0.016316934,0.094802,0.013817245,0.001649556,0.0019142234,0.7112527,0.1712178,0.15018924,0.051900893,0.07368873,0.04803977,5.783537e-05,0.023618132,0.8141452,0.15616575,0.03345798,0.03864568,0.13002765,0.037606083,0.22058296,0.3460154,0.047127374,0.07694911,0.7887211,0.4349883,0.11782541,0.3050058,1.205723,0.12481285,0.004639975,0.0,0.42437002,0.17709078,0.44338736,0.26888344,0.0068357205,0.11984196,0.7279045,0.005401696,0.18903849,0.55375254,0.012688602,0.49295294,0.21163797,0.2728068,0.09958055,0.13045591,0.014836848,0.21769613,0.9233968,0.49941748,0.9489239,0.40585768,0.007333354,0.062341556,0.019229308,0.008049174,0.7632184,0.34647828,0.71475714,0.048113022,0.043794416,0.24476685,0.15267685,0.5387246,0.13210508,0.20989738,0.17480163,0.009026063,0.038427975,0.35172385,0.26150587,0.15565681,0.5184678,0.17218971,0.09264084,0.1642398,0.9561128,0.056021497,0.46157765,0.39236146,0.030021343,0.070083514,0.106860496,0.13711295,0.15971991,0.093824744,0.3005015,0.44823685,0.09995119,0.016553205,0.08663626,0.44313577,0.5428362,0.049474843,0.03436325,0.0,0.047845338,0.06260331,0.23063152,0.17638549,0.15747711,0.35864323,0.05853607,0.6090646,0.19001666,0.36643887,0.5334505,0.5175129,0.0033522295,0.142503,0.7139802,0.10351469,0.06684447,0.12265777,0.041800335,0.052612007,0.17952484,0.0049377144,0.53773403,0.21185416,1.083091,0.2591088,0.15174718,0.011278392,0.012858627,0.24813676,0.007892879,0.06530538,0.053783488,0.33808577,0.27783424,0.44277027,1.237878,0.21872959,0.21823105,0.16150364,0.27308828,0.06998497,0.0120423855,0.0,0.013398945,0.20119405,0.0,0.0,0.107321694,0.01692338,0.18757129,0.006222431,0.046885826,0.2232145,0.031500183,0.01499161,0.08953347,0.2597048,0.0140263345,0.27850753,0.22785969,0.019837502,0.08994364,1.4417915,0.00377293,0.027358195,0.04499392,0.5895072,0.20963931,0.12986092,0.23107535,0.0041488605,0.5026225,0.011881203,0.2538526,0.33023334,0.2148036,0.015408202,0.014892112,0.3818133,0.024666116,0.12307517,0.17631163,0.093283206,0.051854827,0.010823436,0.009722319,0.03785944,0.16107592,0.0,0.14137392,0.97626746,0.09946162,0.16768497,0.94389766,0.103148535,0.109928906,0.30813003,0.15089202,0.057297647,0.106263265,0.0002107821,0.7211733,0.0059429454,0.07502864,0.23409434,1.0922174,0.006086516,0.13261546,0.8703171,0.04497086,0.6986401,0.15234387,1.4373932,0.108828254,0.0,0.0,0.032593932,0.32330835,0.29404622,0.42315352,0.14517534,0.18514231,0.09007004,0.02422756,0.09013727,0.030202627,0.0047849687,0.13780907,0.12069231,0.036847465,0.039242715,0.03270258,0.6886413,0.037454754,0.027261512,0.0018647213,1.2326604,0.5585879,0.2981448,0.0767673,0.21223179,0.95556027,0.80767703,0.2132906,0.3401975,0.0,0.05066205,0.03369767,1.4516764,0.014237069,0.0,1.7689555,0.045770876,0.00027518504,0.6082036,0.15171552,0.8407242,0.46912518,0.48398322,0.27565122,0.7545688,0.06605883,0.0,0.25590545,0.17749467,0.33031386,0.7661444,0.3345146,0.0007876783,0.5019897,0.42746457,0.004408086,0.2074379,0.10758497,0.0014298775,0.0,0.25183553,0.018608412,0.18070173,0.20754871,0.0049640047,0.28800398,0.13816541,0.037625592,0.16931933,0.0017381853,0.025413968,0.04533448,0.3153159,0.49486008,0.03860096,0.18541664,0.09879739,0.6554632,0.6712324,0.053624604,0.24489544,0.31605214,0.07922966,0.3790465,0.47552326,0.02217646,0.09027125,0.091652036,0.23460275,0.79591846,0.07871373,0.0070634536,0.41993463,0.25033915,0.6409173,1.2915307,0.017287016,0.012305116,0.018509261,0.008619427,0.14319742,1.0310401,0.29299814,0.78891474,0.121322066,0.14153576,1.0212362,0.10985138,0.01751269,0.44340152,0.49627787,0.26717955,0.2776636,0.046422064,0.2677206,0.49242887,0.17813174,0.24596626,0.36120865,0.024631206,0.39450562,0.2055197,0.40665996,0.86425984,0.09062307,0.16781187,0.00835764,0.43837404,0.18211989,0.25397897,0.21800347,0.6319094,0.37683168,1.298175,0.5146671,0.13137564,0.15740588,0.20391615,0.021807235,0.69490004,1.218339,0.160905,0.30054432,0.024335494,0.40804496,0.00638877,0.064609915,0.9691127,0.07399289,0.17308563,0.44536248,0.051149935,0.14015043,0.222346,0.31589198,0.68076634,0.40888816,0.0053409273,0.0018538069,0.0031346795,0.48244897,0.25623378,0.0,0.2724052,0.44503385,1.0359187,0.33568716,0.5142749,0.5008,0.023392063,0.4189491,0.05285196,0.2331275,1.4654937,0.3552236,0.077926025,0.081941284,0.10903127,0.073307455,0.017085206,0.2520482,0.21381417,0.21068944,0.026969314,0.47090662,0.3489108,0.19072741,0.35954285,0.022708204,0.30049115,0.0031856024,0.0,0.09246412,0.55955446,0.09512755,0.45187998,0.033192977,0.16926727,0.27220055,0.58330655,0.0906264,0.2251729,0.28358603,0.0010582184,0.093291394,0.43141508,0.5060435,0.12814885,0.11023033,0.07185451,2.394977,0.23417635,0.853997,0.107091084,0.1448498,0.0034670546,0.05746427,1.0451884,0.12400876,0.29087836,0.68339807,0.0077403984,0.11062492,0.41249537,0.036120933,0.032494,0.0,0.6388836,0.3679185,0.015354761,0.00868076,0.21909562,0.11944017,0.0,0.026903603,0.3154065,0.04960253,0.15085891,0.1504102,0.28925478,0.00063554716,0.70735705,0.0069176042,0.15107381,0.3235522,0.054559123,0.22177744,0.0061346907,0.3466934,0.17558047,0.47042298,0.0,0.5749371,0.0,0.47281778,0.016454622,0.8570899,0.2462263,0.30915374,0.3479235,0.51305,0.072959706,0.0851165,0.07179388,0.028767662,0.0110227745,0.30410898,1.1477165,0.9385679,0.34607944,0.044108965,0.06985077,0.361771,0.36058557,0.14599083,0.0014261174,0.024330959,0.316802,0.12397467,0.1390694,0.060540862,0.4522964,0.55961525,0.0014965836,0.47501022,0.052400265,0.2586401,0.0078549,0.41173273,0.14195643,0.8349057,0.37488648,0.07325703,0.22859052,0.47338426,0.109895945,0.3383968,0.52316433,0.0,0.2184072,0.0767644,0.48515445,0.30314332,0.03647814,0.09833494,0.105485596,0.105692744,0.0049067684,0.3223263,0.34904027,0.5500717,0.041445963,0.19113886,0.023069492,0.0074898936,1.0756085,0.007724463,0.056697346,0.007754525,0.44789886,0.26296312,0.05030888,0.0018907876,0.015334156,0.00017194195,0.025858127,0.5845965,0.01202525,0.034119137,0.59742236,0.63486576,0.23660941,0.82827425,0.16097644,0.02766117,1.0849556,0.27590105,0.00072904606,0.22038162,0.047809996,0.090926655,0.3132897,0.53100735,0.3076505,0.39265475,0.4467591,0.111875035,0.3268667,0.1536254,0.016701162,0.29159895,0.44435418,0.0069486806,0.27009028,0.98475397,1.0364186,0.2071149,0.07672467,0.12931192,0.35472274,0.75173026,0.027699385,0.16228618,0.12761116,0.057837307,0.0039112074,0.49264055,0.045465402,0.010878846,0.395737,1.1277462,0.103368364,0.0063938573,0.036820628,0.5701337,0.035046883,0.03424673,0.16119105,0.020841572,0.70968735,0.0,1.4277627,0.3144554,0.10484561,0.00037755896,0.0,0.20866862,0.6550026,0.00033783258,1.9713687,0.33620232,0.008104838,0.15149274,0.28355038,0.002170273,0.21998428,0.44123825,0.077169925,0.0997719,0.025896858,0.15141395,0.4010297,0.0932728,0.10980902,0.21343666,0.36422962,0.70399743,0.8659935,0.48018026,0.60510445,0.31624722,0.029570717,0.09055329,0.21566144,0.4325605,0.09807624,0.5826218,0.4340125,0.015161743,0.6037549,0.28439105,0.33254364,1.0842682,0.081985906,0.16420932,0.147134,0.07468736,0.1899186,0.57884353,0.40352622,0.05364766,0.14790839,0.4044068,0.30326262,0.18927395,0.5898254,0.118164524,1.285935,0.4919032,1.8466134,0.024930203,0.15199614,0.65830314,0.505746,0.3818873,0.07468839,0.43054694,0.76806927,0.20668578,0.1224152,0.82967126,0.12280166,0.35181308,0.021802112,0.27145913,0.14424121,0.25792646,0.18803635,0.6148441,1.9542286,0.5211918,0.93204314,0.29774716,0.2847519,0.24905431,0.15510997,0.04154526,0.16767386,0.5281986,0.09713462,1.7795001,1.0211586,0.7283622,0.30352736,0.11851619,0.52661425,0.34432685,0.050187744,0.87120867,0.05966261,0.25965744,0.3742556,0.58147776,0.32321334,0.025883486,0.37698078,0.025599033,0.59849405,0.032832168,0.61389387,0.12312272,0.096088745,0.31080115,0.05242722,0.006417633,0.9143604,0.07372889,0.23269317,0.20840302,0.4391036,0.539747,0.10463323,0.13019514,0.12765244,0.50250125,0.0066135246,0.08343163,0.04682002,0.39546794,0.67797023,0.14004795,0.4710467,0.8135375,0.01975087,0.41888845,0.13748164,0.020512456,0.040375628,0.0033568912,0.0018849561,0.061050348,0.108643904,0.015534207,0.32001466,0.24068855,0.4324962,0.4281391,0.00866762,0.6167446,0.46514848,0.03496284,0.14998971,0.9621208,0.28286377,0.23136589,0.20914623,1.0432947,0.6543245,0.33829165,0.5515505,0.53433394,1.3407625,0.4116263,0.059700586,0.24544787,0.33240628,0.24023071,0.078944445,0.53902906,0.49117708,1.3482974,0.37746477,0.18473008,0.022642627,0.5514697,0.35071653,0.09253881,0.10091001,0.09579858,0.30279607,0.14140624,0.06158699,0.19125003,0.18434063,0.25548738,1.0502398,0.46964145,0.25771108,0.74707675,0.16003656,0.0,0.34508145,0.22049356,0.71313596,0.67429996,0.22893423,0.3747583,0.28427598,0.0,0.37129843,0.0,0.20783131,0.12227434,0.54129815,0.06415427,0.9144697,0.0035095653,0.24739034,0.4578525,0.061058734,0.26086193,0.15006801
0.14599323,0.007291989,0.21630552,0.100192815,0.03751095,0.027480882,0.71222585,0.3824595,0.16256069,0.2569678,0.101871535,0.04765632,0.1997051,0.29604504,0.14905313,0.08703756,0.011834882,0.4408626,0.2810205,0.24803047,0.27730596,0.10069857,0.12441446,0.015295851,0.102796674,0.26749867,0.209514,0.2102143,0.21833748,0.91992986,0.12060855,0.32842156,0.09613383,0.2595252,0.269512,0.07045056,0.15750395,0.34281063,0.13300578,0.070356205,0.51474935,0.16600706,0.12148586,0.15632626,0.038278352,0.03784824,0.33266854,0.021619821,0.07826346,0.27310377,0.7356905,0.35899293,0.76732934,0.1272105,0.06761776,0.26013625,0.2726437,0.13328952,0.09541759,0.5892683,0.6932845,0.4451982,0.16254935,0.16581243,0.097872965,0.023878867,0.8994163,0.70748925,0.050204147,0.04022254,0.15749264,0.13797256,0.38336226,0.17885819,0.20931675,0.20485497,0.17863274,0.70027786,0.32356066,0.16532049,0.10768916,0.15765613,0.123600245,0.1348732,0.15023711,0.0145926885,0.59307045,0.714911,0.25550336,0.02247233,0.24165305,0.10978229,0.6981495,0.10404472,0.16886383,0.1643696,0.054507963,0.098608255,0.05300598,0.098114364,0.0011762482,0.7055657,0.18774205,0.28069654,0.038765687,0.23933774,0.21137139,0.3390769,0.04135312,0.2121253,0.13281563,0.04513655,0.08129187,0.073009185,0.48081374,0.08562745,0.002221248,0.19819525,0.5835153,0.1983176,0.22520001,0.051654387,0.011252282,0.15163335,0.108771004,0.20053607,0.09627801,0.011410067,0.118034475,0.28741664,0.43322483,0.2351507,0.10512284,0.11496369,0.3605327,0.081237294,0.71741474,0.04262744,0.7143334,0.30793685,0.37727392,0.2874629,0.32280454,0.1511191,0.5060039,0.085523,0.3256714,1.7671322,0.1837199,0.18339989,0.010855648,0.039098497,0.042220104,0.7135755,0.6289238,0.5070281,0.105779596,0.05809994,0.7910162,0.08888844,0.16501342,0.21775499,0.7495836,0.22295237,0.043502904,0.4597727,0.14221074,0.10002594,0.13150561,0.5076746,0.2245136,0.46626747,0.030247735,0.22925387,0.11899782,0.053611025,0.6439486,0.099044286,0.36737606,0.29583067,0.6208598,0.3893067,0.1293281,0.18208718,0.28476655,0.18316683,0.15614544,0.111762695,0.4807218,0.41103068,0.009489005,0.036739666,0.045101512,0.31854445,0.03264624,0.08157019,0.257918,0.18085682,0.24836372,0.32584798,0.28991735,0.18849859,0.21642382,0.0,0.07860165,0.07515961,0.37760258,0.43273056,0.2071479,0.10837918,0.04525336,0.15625006,0.0012049709,0.70264155,0.10561621,0.01367054,0.31030446,0.048974052,0.08056036,0.09885097,0.20983478,0.56514007,0.24574491,0.15230414,0.09982647,0.07082714,0.16674396,0.07338354,0.37309462,0.44669378,0.021162,0.55988973,0.35574007,0.035026416,0.19183679,0.10960469,0.24652101,0.11496475,0.5690408,0.039833497,0.19812608,0.12108861,0.057625234,0.339346,0.07962456,0.1283832,0.38713628,0.02701501,0.40168646,0.6353285,0.28815395,0.12853639,0.03872556,0.11989769,0.3009084,0.12637423,0.056170892,0.44009626,0.32158548,0.7554295,0.6598624,0.24837,0.5304166,0.691471,0.117745474,0.05661602,0.45589757,0.023706354,0.27230182,0.09725648,0.09676814,0.2547177,0.12344523,0.15346694,0.2292239,0.62790436,0.11194502,0.2556183,0.17321916,0.06900568,0.06390879,0.44190407,0.24740383,0.27576077,1.7711295,0.10824735,0.19842646,0.21509418,0.34698504,0.2335471,0.018550806,0.34383827,0.29557362,0.14566758,0.07732878,0.622594,0.30795842,0.42859727,0.09705572,0.16910194,0.14266953,0.80629396,0.23849162,0.29702222,0.45117545,0.08898919,0.14871475,0.2752548,0.07129655,0.79015267,0.08478299,0.2941307,0.383803,0.26522005,0.30544952,0.11602758,0.154128,0.0024388877,0.27839354,1.3164464,0.31693727,0.59392715,0.062412187,0.08133285,0.13898292,0.08324222,0.069289155,0.06226449,0.028317928,0.066262774,0.52347684,0.39086556,0.16162916,0.18768439,0.034705278,0.26181957,0.05500262,0.2513568,0.029834807,0.0,0.014532595,0.38071895,0.14669444,0.24224192,0.12137022,0.13514659,0.16284876,0.20629345,0.16419631,0.08137988,0.024038425,0.41617715,0.006462195,0.03760922,0.14871776,0.22825445,0.00267462,0.015746597,0.016658487,0.06707252,0.2402016,0.018992566,0.2820649,0.021232326,0.14897195,0.22892414,0.033433713,0.8830676,0.6301048,0.41467288,0.14050174,0.071057975,0.17305313,0.06892523,0.14287338,0.15662383,0.050624575,0.08382507,0.030558975,0.12336131,0.5761508,0.015341197,0.7718214,0.3374684,0.013424476,0.2004675,0.19522513,0.13451318,0.115871325,0.26419267,0.10316166,0.10320744,0.14280872,0.22879672,0.17641623,0.32477766,0.2417945,0.10222744,0.19068265,0.15039442,0.055534996,0.1019976,0.10466756,0.19060326,0.20286176,0.2032114,0.04138258,0.07925941,0.5012519,0.0,0.35959983,0.17958614,0.20493287,0.052468225,0.10271891,0.510201,0.054347612,0.2972785,0.029100642,0.25090668,0.2114405,0.369575,0.015105804,0.025681045,0.25917655,0.07584964,0.26672065,0.12420824,0.026170813,0.059134617,0.08843459,0.011276035,0.09736848,0.095753744,0.11167654,0.06606299,0.10284835,0.03884124,0.12912059,0.07941249,0.09977263,0.2409512,0.26373416,0.113111846,0.0057661207,0.23429435,0.025541231,0.08240212,0.41125962,0.14566213,0.12693517,0.3511604,0.2010396,0.050119642,0.21658279,0.39536977,0.12852097,0.1057454,0.30577663,0.22003162,0.026466949,0.048839193,0.3091662,0.27421647,0.057250865,0.0,0.5451488,0.46807334,0.00070986536,0.33121485,0.49629906,0.36317986,0.11829785,0.14403625,0.031955175,0.24417534,0.06957901,0.028612528,0.4015721,0.0321619,0.19487232,0.2126849,0.26012528,0.04383578,0.02642949,0.1892364,0.11674683,0.35493037,0.24610314,0.23020267,0.12610821,0.35038304,0.16447812,0.62379456,0.07574872,0.5271677,0.1936686,0.05930072,0.16563751,0.127734,0.34284616,0.08691874,0.119369514,0.10813689,0.09568061,0.09632615,0.113452435,0.054669134,0.36554015,0.18725042,0.15286413,0.2829588,0.52230334,0.11891581,0.16084877,0.42936128,0.5404756,0.23885408,0.12094116,0.11083043,0.13554342,0.15057397,0.098751016,0.08614858,0.06940257,0.14842653,0.32939485,0.2168394,0.59849495,0.61335313,0.00018495244,0.16078429,0.22937769,0.23956022,0.07853736,0.78195095,0.06279477,0.5305147,0.05413861,0.2346307,0.08162056,0.10489926,0.12542537,0.07457383,0.030160686,0.048798535,0.45184433,0.043140046,0.1187658,0.20002285,0.021748256,0.18129188,0.02547542,0.04320093,0.23410054,0.14857523,0.20956254,0.09095005,0.24783869,0.016849514,0.11587529,0.16953999,0.054858327,0.16003177,0.38684866,0.24318993,0.28121996,0.35420114,0.51832944,0.061981164,0.27846077,0.13242492,0.22483347,0.0,0.3137342,0.12362887,0.14910252,0.10536524,0.3102518,0.12330051,0.045389757,0.12486857,0.13191667,0.017688515,0.17286046,0.1933454,0.6699555,0.21873483,0.064175546,0.18023205,0.0043536546,0.0719392,0.37836343,0.28310588,0.65151584,0.07358814,0.017612727,0.06820403,0.06463562,0.059542865,0.126605,0.40828454,0.18273129,0.16950849,0.13208118,0.10875336,0.15733072,0.050935324,0.7426417,0.04487096,0.00057327084,0.12657005,0.3087229,0.06453203,0.06429647,0.111671984,0.06939283,0.048435662,0.010080474,0.26878253,0.061327264,0.27571428,0.0602675,0.051372908,0.06278498,0.00953043,0.068001196,0.08255626,0.047123842,0.4565801,0.13028353,0.089543596,0.11633947,0.099524334,0.11251786,0.47726822,0.23039687,0.23713237,0.08068725,0.163363,0.092793375,1.1199762,0.1987954,0.27951398,0.1433952,0.04993546,0.045447648,0.8900129,0.000650139,0.22180575,0.027639851,0.1774002,0.13877025,0.25219613,0.38301447,0.026647711,0.0938074,0.14703956,0.037924565,0.041494347,0.21589601,0.062171564,0.106628194,0.0900576,0.041794628,0.016284904,0.23688099,0.11599077,0.10336859,0.2266989,0.08723655,0.25357592,0.16671804,0.19897774,0.23326436,0.055831302,0.11297823,0.10391184,0.63719976,0.113588534,0.7009623,0.18893048,0.31054997,0.5539081,0.104748264,0.050692752,0.029205237,0.14515045,0.33547765,0.12518811,0.044762034,0.060951747,0.028478868,0.16922072,0.011127031,0.18764357,0.29243624,0.38039118,0.041847307,0.08199658,0.07936871,0.124606036,0.31447297,0.28877604,0.10899526,0.0022937993,0.032487683,0.098120816,0.010571904,0.13447024,0.20541084,0.32114416,0.02200772,0.22603634,0.09456213,0.1511538,0.23726568,0.07251683,0.027425645,0.66300446,0.26078454,0.118533134,0.005102649,0.09714487,0.12010792,0.051733814,0.05114298,0.09267777,0.20443672,0.0,0.13948867,0.04741144,0.05853688,0.050899357,0.27121806,0.119652234,0.25189906,0.054375287,0.13205749,1.3080859,0.029551376,0.0705705,0.13078243,0.115026586,0.17995766,0.044676736,0.053717025,0.21758044,0.099774495,0.16737811,0.035114408,0.12332577,0.42603105,0.59888136,0.44894615,0.11827247,0.14714259,0.12305327,0.08209651,0.055012744,0.24013162,0.13361788,0.05828724,0.09144818,0.07444428,0.11471734,0.88664174,0.2192179,0.108295724,0.10989832,0.27944088,0.075706676,0.06344826,0.0,0.13710931,0.008994875,0.020378727,0.13847122,0.48978925,0.35741132,0.031828977,0.5307861,0.14764123,0.15838298,0.186965,0.66592526,0.6200044,0.57956076,0.03264702,0.66092217,0.2383225,0.63527143,0.095254466,0.42703474,0.2655988,0.24047542,0.24565406,0.16077751,0.061725445,0.20741262,0.056549028,0.1968407,0.27342603,0.1478117,0.07483491,0.10948504,0.16407797,0.20615144,0.0508317,0.030886935,0.07899666,0.06052593,0.0018737823,0.21051349,0.067552924,0.23132783,0.29981005,0.14367619,0.04005893,0.21565089,0.05154911,0.22450447,0.3588195,0.07494244,0.008917951,0.05753919,0.0639648,0.6715765,0.39835,0.08670961,0.2566419,0.2639367,0.2542897,0.0528441,0.4191619,0.14284438,0.058318645,0.10039097,0.17138997,0.13084689,0.010121191,0.13140905,0.17920136,0.002645217,0.29133344,0.3668243,0.23168144,0.21204133,0.05913057,0.14125592,0.16761191,0.12934025,0.116558045,0.08753966,0.13394837,0.24424012,0.13103448,0.20800471,0.110302866,0.35190666,0.38886043,0.119476095,0.049252667,0.5962319,0.0,0.22865069,0.40647548,0.14178115,0.1861858,0.049908213,0.017290086,0.12815176,0.050272316,0.118451364,0.12085025,0.3156765,0.29074737,0.039203398,0.024852604,0.09339565,0.14527151,0.120682426,0.11445001,0.24525408,0.30516505,1.7675301,0.02045647,0.618045,0.20394346,0.35846066,0.288387,0.0011901117,0.015564898,0.19713601,0.13072419,0.18106762,0.10274853,0.025453815,0.21054448,0.117937356,0.020160254,0.027599547,0.129081,0.2563823,0.25533015,0.05925841,0.09614504,0.22161388,0.12387212,0.14809883,0.041679285,0.3300267,0.45197675,0.07988344,0.068265714,0.095079355,0.6308576,0.15378916,0.106497355,0.08028472,0.10214418,0.06475481,0.05954647,0.3923855,0.09600238,0.6023804,0.2286968,0.09791023,0.050833717,0.043660976,0.23740242,0.52019083,0.12947023,0.075731516,0.19695738,0.24168083,0.02711895,0.101760834,0.064104244,0.15141167,0.06250322,0.09926162,0.13933513,0.32920778,0.24375643,0.14519009,0.033814088,0.07528473,0.23552138,0.23515293,0.31268266,0.030230943,0.13970156,0.14987385,0.40969372,0.121537454,0.57664,0.55815387,0.1585626,0.03126671,0.07315469,0.106907815,0.2992645,0.03453746,0.25338167,0.2505442,0.19986835,0.0882224,0.12766653,0.052772153,0.07128299,0.19950859,0.068422645,0.41653073,0.12788174,0.15068783,0.19722438,0.2571643,0.21430245,0.018857948,0.14767407,0.029191606,0.32639402,0.005137191,0.08417362,0.09783471,0.48756313,0.65188617,0.0043055713,0.09769982,0.24703215,0.19701782,0.40879637,0.14011094,0.0136287,0.21987286,0.12896687,0.04287135,0.041018195,0.20899832,0.47301474,0.074014455,0.1160105,0.81864285,0.23582476,0.124495156,0.024080375,0.011634394,0.35543042,0.107303165,0.021175062,0.30696297,0.16032514,0.073727466,0.04555037,0.12969564,0.06564037,0.3105256,0.025874516,0.110821985,0.3949895,0.047604796,0.15345624,0.15594545,1.0353237,0.21868351,0.12873842,0.37689972,0.036321692,1.0380832,0.15414087,0.5372887,0.8203674,0.13600892,0.37296224,0.20403513,0.7467793,0.09583509,0.2385982,0.08990696,0.4710753,0.10329066,0.35817415,0.042000495,0.44614947,0.23771164,0.26434433,0.36819,0.2947119,0.045514498,0.11985771,0.087960854,0.009625852,0.016421525,0.62544394,0.07609253,0.034011632,0.14798698,0.1251706,0.24190861,0.3854817,0.19890192,0.08111374,0.047533207,0.6621977,0.39941442,0.031988613,0.69552857,0.030190304,0.001542761,0.003476839,0.13245335,0.08057052,0.1431599,0.13089344,0.49221092,0.03272546,0.15069282,0.23168662,0.05517809,0.017837474,0.3199392,0.4466434,0.22471249,0.42307055,0.046686377,0.020044263,0.1727254,0.069852516,0.29160756,0.047407348,0.08876676,0.013813473,0.0067103365,0.48484385,0.17204966,0.26086348,0.0046522235,0.048147902,0.13207363,0.5817332,0.098504305,0.109257355,0.060876653,0.13365375,0.058889687,0.10063183,0.19513535,0.3403765,0.12046924,0.16337042,0.53088844,0.34331077,0.047600187,0.68206096,0.103986785,0.5485887,0.21381044,0.10336552,0.10003869,0.121799365,0.56581,0.93330663,0.37341556,0.048893385,0.0040697805,0.0497654,0.06312543,0.13555603,0.064207524,0.24416976,0.0998902,0.07572878,1.3745564,0.031482555,0.8251761,0.19667506,0.03581744,0.020826042,0.47457755,0.13543333,0.057329092,0.024742557,0.24276602,0.15651542,0.7749068,0.044126667,0.1329774,0.17056623,0.4091593,0.52688843,0.084273726,0.17441413,1.0725193,0.0,0.10445695,0.0033221429,0.02841838,0.2903982,0.015405947,0.20893973,0.21087581,0.12063737,1.0808024,0.26498935,0.6349356,0.23385176,0.009351106,0.15087664,0.60983586,0.3907688,0.10377301,0.041670747,0.053557947,0.2818069,0.048258536,0.17713949,0.25078937,0.42126575,0.18649365,0.4683592,0.15559413,0.06832129,0.23426561,0.18001139,0.10244184,0.18405603,0.10363221,0.06225086,0.036816493,0.1597769,0.04608511,0.33821583,0.54017454,0.16645363,0.054248445,0.14367029,1.7329512,0.24812451,0.32725173,0.23886566,0.004099528,0.01984504,0.1328669,0.36803067,0.88971376,1.1156764,0.26179367,0.033073444,0.09514546,0.039250102,0.13500068,0.07932323,0.27263176,0.036905795,0.021836288,0.1552155,0.010340631,0.5403274,0.060613222,0.34890607,0.3169586,0.03742704,0.19635811,0.055601463,0.08156039,1.1642418,0.5193957,0.09125291,0.6100004,0.0363923,0.49694815,0.59096885,0.0,0.5467675,0.48832852,0.8308265,0.08796698,0.0057239854,0.06606077,0.067394875,0.19492371,0.016606767,0.034586027,0.010195187,0.058834,0.02777119,0.7524068,0.18276803,0.24182037,0.06432316,0.17378362,0.083354756,0.003244129,0.06720544,0.7571071,0.1578833,0.08702359,0.051141404,0.12813899,0.08038619,0.17007688,0.28368407,0.029016,0.045786783,0.6930313,0.34249598,0.1299881,0.27632678,1.1860021,0.27876002,0.017317291,0.0,0.44401312,0.20531294,0.4939334,0.19479829,0.0025783256,0.15251414,0.7272568,0.0,0.2129156,0.48635328,0.0040323846,0.52030486,0.21371181,0.3469565,0.19399264,0.111321814,0.030004732,0.13647148,1.0770118,0.65183043,1.0892415,0.37850332,0.0111585315,0.11383323,0.022681853,0.0027758947,0.800104,0.2512337,0.7912303,0.082482524,0.050602958,0.1754812,0.16953114,0.59289813,0.090129904,0.15435061,0.23446795,0.015977414,0.058154322,0.33375823,0.2504735,0.16533828,0.58725804,0.18670599,0.069535665,0.26496354,0.9989679,0.033066258,0.53057814,0.427715,0.02616776,0.13401172,0.044438906,0.3467334,0.21416932,0.3148952,0.20136988,0.5441163,0.12386838,0.058764026,0.22107935,0.4077625,0.3277828,0.046812624,0.024180762,0.0035648271,0.0038160582,0.057001818,0.30508447,0.104891166,0.1752421,0.40884966,0.05492311,0.7186116,0.28465542,0.37288296,0.720547,0.51141894,0.020624585,0.11730665,0.5134797,0.15875193,0.11189194,0.13419694,0.094913214,0.043301105,0.15380314,0.040217336,0.75004554,0.14419024,0.9773042,0.29248494,0.12520331,0.04127768,0.026794177,0.48460537,0.018538278,0.102958664,0.06935787,0.41460562,0.26496026,0.4547631,1.1629834,0.29220128,0.24991998,0.19498897,0.25300533,0.11349057,0.027902547,0.008873774,0.06368404,0.295524,0.0054002358,0.004157982,0.09703402,0.01986745,0.0927531,0.08462615,0.035173245,0.32443064,0.07441818,0.08505145,0.24119847,0.32485467,0.022058409,0.20404595,0.14205179,0.0135117,0.13713148,1.5454369,0.0,0.09849636,0.07492816,0.38934678,0.24582553,0.056995396,0.24130386,4.4053562e-05,0.36538783,0.047164187,0.24040404,0.15926519,0.20705473,0.070757866,0.046412915,0.2913167,0.04026189,0.13804781,0.12787506,0.34561604,0.0798559,0.003498046,0.02653371,0.031500887,0.1837378,0.0,0.05431231,1.0249977,0.124318965,0.16002071,0.8519172,0.19500968,0.0577017,0.39100915,0.13790293,0.03761431,0.11192973,0.0011585228,0.7370717,0.017117387,0.13277768,0.3717393,0.9808592,0.0038286108,0.2297351,0.76758605,0.06566822,0.6910281,0.18097,1.3306606,0.092327945,0.008527995,0.0,0.039590724,0.29335445,0.2682649,0.6040875,0.08500205,0.13051808,0.06432584,0.032787163,0.18240672,0.031596396,0.01084753,0.12907392,0.24950409,0.10232891,0.12591636,0.044758074,0.5396,0.07165312,0.016723778,0.011334133,1.0549104,0.54423296,0.32734573,0.046362787,0.11657641,0.88749754,0.78358966,0.25550148,0.2989774,0.005276871,0.07930392,0.048926026,1.3878875,0.033664666,0.0,1.7788492,0.006810529,0.0015668838,0.69852287,0.18800774,0.73307633,0.7684014,0.3433092,0.39981487,0.6106906,0.15129152,0.00262304,0.25174862,0.2534423,0.25752693,0.64956254,0.24711424,0.015743868,0.58700657,0.33227307,0.00038600367,0.27082166,0.12791106,0.0004239032,0.0011208778,0.33078912,0.06309811,0.19474362,0.12814271,0.005751036,0.31772253,0.1879246,0.073489055,0.25600863,0.008835042,0.001485636,0.04270146,0.32437092,0.28569102,0.057853565,0.31792486,0.08813954,0.48909715,0.6847446,0.06560889,0.07221961,0.25826484,0.09207691,0.48297092,0.38086534,0.007156951,0.072196156,0.049705025,0.23729633,0.64470625,0.16341521,0.020124186,0.4192878,0.19316301,0.5383967,1.2062201,0.048521057,0.05660203,0.06660123,0.006364502,0.17351758,1.046991,0.22290719,0.6787526,0.052694023,0.16652419,1.0716903,0.2696163,0.004907058,0.64780414,0.53995013,0.4325788,0.1362729,0.05117482,0.24869692,0.4494398,0.12235723,0.33663157,0.49520218,0.024157789,0.2680719,0.19233528,0.30691,1.0650326,0.07664863,0.13800955,0.025091797,0.44799381,0.15889573,0.39929348,0.35995704,0.5226637,0.49687442,1.25508,0.53591347,0.17505407,0.22354908,0.2700259,0.09525903,0.73114127,1.485147,0.10205774,0.2987435,0.12334709,0.45379424,0.0018369363,0.05234799,1.276823,0.15210408,0.17696546,0.5796194,0.09848823,0.057028603,0.23172356,0.3841509,0.76533574,0.40765703,0.0012412701,0.011654618,0.020562716,0.3490211,0.17119071,0.0012387744,0.25070122,0.48653626,0.8325479,0.43827534,0.6330346,0.48366755,0.0624983,0.21419758,0.026844688,0.24679318,1.5273902,0.2855281,0.08594284,0.040186163,0.1740785,0.063376315,0.07860765,0.22347885,0.15819103,0.19038823,0.022817,0.5526198,0.67130315,0.3312997,0.14864099,0.013144533,0.3756038,0.011718014,0.0024906686,0.15924853,0.3807672,0.10647589,0.32750753,0.044827953,0.25355154,0.25375348,0.6983279,0.11654266,0.33332047,0.29834488,0.0027780577,0.044756196,0.3326413,0.56419116,0.0976544,0.04183644,0.063941896,2.2787218,0.36160165,0.87786216,0.21455616,0.105139196,0.03921541,0.03692042,1.1587806,0.11510569,0.32742053,0.7924614,0.017267209,0.19838259,0.5017916,0.06192895,0.02132073,0.0,0.65300655,0.45653737,0.010914728,0.0050986875,0.38721544,0.09699163,0.0,0.108407855,0.35497272,0.12098247,0.20880118,0.19580585,0.5163335,0.020756034,0.82033753,0.011036155,0.24540615,0.33739507,0.07608467,0.4482343,0.00026325043,0.35179457,0.17489448,0.34540954,7.61332e-05,0.50845313,0.0043812143,0.5299449,0.059870236,0.99841046,0.5237191,0.313509,0.41770127,0.39055014,0.07854986,0.24729913,0.08016537,0.04296757,0.09747249,0.18150398,1.015554,0.884686,0.2569921,0.08920079,0.26552224,0.40230483,0.3783546,0.36168158,0.0024362507,0.016835576,0.38651162,0.06223636,0.09155525,0.065199345,0.4167157,0.5886349,0.0,0.33348712,0.09893592,0.25101632,0.043826688,0.2605204,0.21496911,0.79159653,0.282198,0.09415787,0.26882136,0.47710177,0.119758315,0.277053,0.43768305,0.0,0.2568513,0.17321433,0.3994699,0.17421071,0.019457946,0.10387583,0.06659012,0.15936483,0.023006488,0.2738101,0.24409768,0.46159524,0.008516992,0.15242395,0.0037803552,0.011495467,1.2127203,0.030033201,0.087057635,0.03896824,0.5305372,0.20903012,0.0835188,0.0045217397,0.07312344,0.00011180997,0.043096278,0.5598593,0.021967644,0.0482335,0.65560347,0.53392226,0.13198106,0.6778034,0.21767738,0.16976266,1.1557593,0.38923934,0.028308054,0.1553436,0.0010944759,0.021590859,0.3243024,0.5760947,0.45395118,0.30655977,0.41953033,0.052081056,0.2954571,0.08659856,0.0033566665,0.39967293,0.36134964,0.025160894,0.38630915,0.7118872,0.95072126,0.08810605,0.06755476,0.09581214,0.19026028,0.7622267,0.04804504,0.06961723,0.13897455,0.12195865,0.06639113,0.5534395,0.026508173,0.0049142027,0.4037734,1.0382453,0.23329863,0.038542453,0.008389731,0.5960835,0.06140481,0.021830143,0.27170652,0.006964256,0.5161407,0.0,1.0512981,0.33057675,0.18324426,0.019230474,0.01340818,0.1782178,0.7018872,0.0016797124,1.6503625,0.28473684,0.013168268,0.24370982,0.379093,0.01123913,0.21269993,0.43483126,0.056263924,0.20778306,0.0175383,0.12949708,0.26906925,0.07103325,0.13111201,0.09068926,0.37445506,0.57857025,0.9019959,0.78302693,0.4258274,0.31150302,0.050075315,0.10610382,0.16861428,0.4121091,0.12529078,0.37068516,0.35542625,0.0046824827,0.6068214,0.40561256,0.28087813,0.9535248,0.09615648,0.2823656,0.02749958,0.098110296,0.2194625,0.5337958,0.4549901,0.06686549,0.21130553,0.40306905,0.30157098,0.18262853,0.95172405,0.06800704,1.383073,0.41910437,1.8977764,0.01519702,0.12908255,0.73875433,0.4381252,0.2510793,0.11782851,0.26986948,0.8636992,0.30809006,0.124460526,0.6168051,0.107365265,0.3918968,0.03198329,0.26773128,0.14795347,0.19570693,0.26710057,0.49157393,1.8457322,0.47628683,0.9295622,0.31890112,0.2390818,0.18016359,0.060574997,0.011655337,0.31843695,0.3930595,0.12231412,1.852099,0.5783074,0.7003648,0.24315505,0.13437152,0.23380259,0.26962298,0.06905179,1.0532454,0.08395448,0.14846686,0.20949237,0.4783194,0.37590712,0.074100636,0.38002065,0.076060936,0.46154344,0.10210586,0.61342055,0.12197235,0.16433543,0.27296054,0.13251391,0.037581462,0.790148,0.12418984,0.1942331,0.1533063,0.5625548,0.591503,0.06707445,0.15699208,0.118591934,0.5041208,0.08021174,0.06385446,0.057214994,0.47414458,0.58133805,0.27036667,0.51262456,0.72226566,0.018570645,0.5735207,0.046202548,0.024142131,0.091453075,0.010158775,0.009355219,0.052451923,0.06306648,0.014367083,0.40257376,0.23237611,0.34669876,0.3817641,0.025027357,0.43473,0.35766315,0.05286201,0.13078964,1.0104711,0.34310338,0.2609571,0.15344265,0.67906755,0.58061326,0.2502845,0.41535258,0.43954954,0.9946952,0.3018762,0.06929244,0.337681,0.30561042,0.22652158,0.025376232,0.43074012,0.48347253,0.991456,0.28266966,0.08231646,0.0045012557,0.55149233,0.22459427,0.20899184,0.15208463,0.08855517,0.28018147,0.17077993,0.08312999,0.22975641,0.21812735,0.30807185,1.0906026,0.61366105,0.21086054,0.82916224,0.41564974,0.0,0.24626045,0.17506102,0.51719904,0.7994949,0.19029446,0.43065017,0.26048943,0.004070812,0.3262001,0.011368686,0.12103015,0.22677928,0.4289925,0.052487545,0.9018562,0.10895906,0.25969312,0.52226645,0.05454731,0.36578262,0.20854205
0.17037478,0.014834947,0.22463313,0.105955124,0.03447267,0.027080227,0.7080374,0.39572835,0.16300589,0.25375837,0.1000715,0.048875812,0.19030853,0.30045488,0.15171006,0.08344103,0.019072067,0.42738312,0.2765224,0.25568148,0.30196497,0.1005494,0.12394631,0.01734108,0.092062354,0.28319287,0.19647254,0.21779859,0.22201915,0.9396008,0.101636454,0.32032573,0.106195845,0.25629866,0.2366848,0.07293961,0.15105967,0.32765657,0.11690101,0.061059713,0.50996226,0.17212635,0.122603014,0.16424918,0.041538093,0.03496009,0.33081,0.033455685,0.08636672,0.24949309,0.75465655,0.3688554,0.8059788,0.12253725,0.06817462,0.25941536,0.2715686,0.14129215,0.07748971,0.6046526,0.7098849,0.44969344,0.17758231,0.1771092,0.10882746,0.020383812,0.9049274,0.7314298,0.048425287,0.041554995,0.15569842,0.14849722,0.36205763,0.1878303,0.22724536,0.20876524,0.18520002,0.7264789,0.32840472,0.17523745,0.10870667,0.17952791,0.12855686,0.1454905,0.14985067,0.011072334,0.6341151,0.74577975,0.24608693,0.018437717,0.25918424,0.1047098,0.6811859,0.10015743,0.1691269,0.17586908,0.050854564,0.09969525,0.049471665,0.10242292,0.0049423226,0.7109405,0.18593758,0.2756877,0.038276248,0.22400951,0.21609387,0.34924144,0.03956945,0.22976497,0.11994715,0.035420604,0.08825572,0.0866187,0.48177353,0.08808383,0.0,0.2064498,0.568499,0.20271014,0.22871071,0.05516071,0.012790707,0.15970215,0.119802974,0.20606063,0.09425552,0.012674458,0.1308212,0.30067134,0.43485028,0.23451173,0.12070366,0.10681415,0.38937312,0.090752445,0.7049671,0.04463779,0.7602725,0.28467518,0.37604743,0.2989968,0.3346475,0.154069,0.49657947,0.08506056,0.3143723,1.7865145,0.17829135,0.18755738,0.010796985,0.034677718,0.0430833,0.67659926,0.64848065,0.49416402,0.10467143,0.053685963,0.7954432,0.08076906,0.16576274,0.23154935,0.70974255,0.22692764,0.047035996,0.45180017,0.16340701,0.104863495,0.13611642,0.48528373,0.23772576,0.46293616,0.02490322,0.23472734,0.116083026,0.04928099,0.6891625,0.102698475,0.36476594,0.30016303,0.61497295,0.42151845,0.12514305,0.17767343,0.29484272,0.19637027,0.14051703,0.09986138,0.45264712,0.40758964,0.010346629,0.03899225,0.042279735,0.32817903,0.031159423,0.089504644,0.2721745,0.17712268,0.25417694,0.28871274,0.2802937,0.15765487,0.21715412,0.0,0.086501315,0.07470128,0.37728915,0.4337036,0.23879237,0.12377983,0.03939294,0.15693173,0.000894464,0.691582,0.09479379,0.013606645,0.30133078,0.06157995,0.08900228,0.09088008,0.21311085,0.5515629,0.2388352,0.14826238,0.090244114,0.073280185,0.16282405,0.07877859,0.3910854,0.42952913,0.021974826,0.58121145,0.36791968,0.03572841,0.19478486,0.11288087,0.25291175,0.11947225,0.55213046,0.037366994,0.19057074,0.12442329,0.050655924,0.35475594,0.07848079,0.13110362,0.36657187,0.03453446,0.4154042,0.6344925,0.2961527,0.13276991,0.03172478,0.12232736,0.30063912,0.111137845,0.0505459,0.44909656,0.33995983,0.7348592,0.6383966,0.23144338,0.5400241,0.7078781,0.127175,0.05153813,0.46692136,0.030528782,0.258821,0.09502544,0.09951287,0.26639748,0.1256987,0.12979323,0.21241279,0.6256594,0.12164227,0.2600854,0.16880922,0.06750177,0.06141931,0.46065724,0.25639594,0.2679018,1.7695255,0.10773032,0.20580898,0.21791075,0.34263247,0.22169669,0.019343333,0.36426303,0.30996978,0.14562327,0.077910624,0.6540873,0.30111444,0.42695367,0.09935409,0.17805246,0.13149494,0.8446095,0.21992815,0.2971048,0.5084192,0.0836664,0.14225157,0.27706003,0.087539665,0.8309899,0.09807714,0.29760408,0.38410556,0.28728813,0.31000495,0.10139935,0.16656528,0.004040303,0.27899066,1.3482535,0.34620282,0.59616935,0.060772765,0.069536984,0.1373631,0.07328461,0.07807178,0.059718743,0.020130591,0.0805241,0.5154231,0.41115722,0.19332,0.16490638,0.047581762,0.30111772,0.06617126,0.2637387,0.037901662,0.0,0.012524561,0.37022147,0.13390379,0.24507909,0.15213588,0.16045642,0.16865222,0.21723329,0.15261348,0.08129914,0.024193484,0.40361458,0.0035953354,0.037165716,0.14781502,0.23218372,0.010781883,0.013558091,0.01658152,0.08815576,0.24477875,0.015530523,0.27226767,0.02466552,0.14152566,0.25650287,0.04662251,0.87262774,0.6076889,0.3877898,0.14727703,0.07244007,0.17274909,0.07578574,0.1313993,0.16837364,0.052122615,0.078423515,0.043391693,0.13855727,0.575204,0.013545896,0.7824061,0.35244265,0.018007454,0.19946317,0.19868708,0.13937837,0.11328119,0.27554822,0.11241104,0.121963546,0.15424813,0.21614332,0.17949264,0.33532685,0.25373197,0.109899916,0.2021133,0.15284897,0.07596653,0.10134703,0.11711447,0.20642912,0.2109415,0.18540065,0.042166546,0.07090878,0.48943087,0.0,0.3810739,0.16952895,0.22146867,0.06057505,0.11898145,0.5342979,0.05213499,0.29190397,0.03705146,0.26033175,0.18027407,0.3691728,0.016347224,0.0346696,0.29140258,0.07018132,0.24835135,0.11816404,0.02149155,0.055225264,0.088504575,0.024610596,0.098047264,0.10771455,0.106677815,0.068380594,0.109053046,0.03407328,0.14293024,0.07676182,0.11920317,0.22613852,0.28241986,0.09040914,0.0055357753,0.2439684,0.021559527,0.08744091,0.4010464,0.14295629,0.13526583,0.3292964,0.20258588,0.06295176,0.20938106,0.36386192,0.14848615,0.122603014,0.29570857,0.21610543,0.027685717,0.04616763,0.3111123,0.26616335,0.06305943,0.0,0.54340607,0.47511068,0.00044390422,0.32655412,0.45615932,0.35247427,0.13199389,0.1647746,0.041866936,0.24685161,0.087461196,0.030227516,0.39997083,0.030951176,0.21158957,0.21461838,0.2526088,0.04121972,0.025541142,0.2014521,0.11453907,0.3249411,0.24820809,0.2202419,0.1441125,0.34072974,0.1790678,0.61785924,0.079016924,0.518245,0.18911523,0.052316077,0.17271355,0.16738582,0.34601563,0.07806348,0.1409806,0.110397846,0.09982748,0.096229255,0.116946876,0.04586257,0.371939,0.19191658,0.15651906,0.27636206,0.52566755,0.11717665,0.16193119,0.42879453,0.5357562,0.24716902,0.11528349,0.11749916,0.13590533,0.1543628,0.09527765,0.07896777,0.06680475,0.13068113,0.3228561,0.2090148,0.55921304,0.5332716,0.00073021906,0.17943528,0.23655856,0.19993907,0.08644132,0.7950504,0.06242411,0.5312741,0.055122048,0.23570356,0.088977106,0.101916716,0.14010185,0.0712477,0.04413026,0.05093709,0.45918226,0.04927826,0.10598347,0.23616764,0.020130413,0.19823872,0.030352991,0.045934025,0.24634022,0.13770726,0.22183116,0.08131924,0.2237755,0.01139869,0.12772547,0.1828551,0.04785183,0.13596988,0.39045644,0.24708252,0.33004698,0.3518306,0.5113653,0.05983135,0.29211432,0.14157861,0.20172733,0.0,0.2947101,0.10863779,0.14125709,0.11352584,0.30408543,0.125661,0.04880427,0.12748364,0.12132883,0.015655322,0.17020626,0.1879538,0.6565182,0.2146766,0.094255134,0.17512614,0.012706008,0.073390156,0.39802444,0.27098596,0.6586388,0.08626794,0.0147175435,0.09543088,0.06454393,0.060511433,0.121319115,0.4189818,0.1664251,0.18410215,0.114512384,0.111363344,0.16562223,0.04964371,0.7784996,0.03985962,0.0005023856,0.12763251,0.3115669,0.063691065,0.07818329,0.11353947,0.063109666,0.054768085,0.00837549,0.282541,0.059864953,0.27679718,0.05858256,0.050533414,0.07451626,0.0064103156,0.05298119,0.064303644,0.05373096,0.46892586,0.1165331,0.103841946,0.13460381,0.08594609,0.113978915,0.4796791,0.25585914,0.24353093,0.098973244,0.15955812,0.09454334,1.1145691,0.19616416,0.27226734,0.15393315,0.04369184,0.05439294,0.8842219,0.0,0.24428448,0.03697026,0.19792286,0.13869639,0.25445354,0.3829034,0.028181486,0.086651936,0.16584906,0.0382395,0.049511276,0.21678084,0.046858005,0.105255134,0.09487361,0.04943022,0.0159268,0.23858032,0.116274,0.09560796,0.2433469,0.0919725,0.26396453,0.1379536,0.21072593,0.24488348,0.054685134,0.1155933,0.0859654,0.60741925,0.14545815,0.72794867,0.1911113,0.3178265,0.53471977,0.10601582,0.060469862,0.022783637,0.14999434,0.3045727,0.13256352,0.05163887,0.07340774,0.018551009,0.18627255,0.009039603,0.18463571,0.31300545,0.36404017,0.034389615,0.084876984,0.08290914,0.12219547,0.353442,0.30122346,0.12171432,0.0015478544,0.025235333,0.09532403,0.013443714,0.11962364,0.19065309,0.29676542,0.036858313,0.2567571,0.10327363,0.16333127,0.25174022,0.06819468,0.033500202,0.6748315,0.26523405,0.098613754,0.0044794898,0.117219985,0.11568557,0.05910798,0.043854512,0.08072263,0.19917008,0.0,0.15382725,0.051717333,0.06477974,0.046278913,0.25963655,0.12957534,0.2564898,0.04078328,0.13053608,1.4166584,0.029687257,0.08861032,0.12545834,0.1326914,0.2131554,0.061547123,0.05697565,0.23203784,0.10834698,0.16334264,0.0327801,0.13382468,0.45267662,0.5967697,0.42868775,0.1301808,0.14242394,0.10673782,0.07480754,0.053565323,0.25894147,0.123719186,0.06907834,0.08101628,0.0729281,0.11370191,0.88042426,0.19750991,0.10964854,0.1227721,0.26911932,0.067358404,0.07533872,0.0,0.12510267,0.008320756,0.026990939,0.12654993,0.50655055,0.37682796,0.022898173,0.54351383,0.1463008,0.15447627,0.17087111,0.6499468,0.64633113,0.61785233,0.041769207,0.6621575,0.23676172,0.632768,0.09911633,0.43049887,0.26468286,0.21169376,0.27764213,0.17484514,0.06170635,0.19757868,0.07364278,0.21509576,0.277826,0.14158025,0.08133596,0.09936399,0.16086563,0.2261456,0.06142838,0.021273402,0.07984565,0.04984506,0.005055952,0.226255,0.07263163,0.227505,0.30828208,0.1650584,0.045224886,0.22638178,0.0499955,0.22062895,0.36142838,0.07543931,0.008493221,0.06546292,0.05993105,0.65020967,0.43064702,0.090358384,0.2801728,0.25454617,0.27317494,0.05903762,0.3937524,0.14768845,0.058657616,0.09683748,0.17014095,0.13569242,0.01069631,0.141883,0.16360977,0.0036806755,0.33331057,0.36650002,0.2491174,0.2148673,0.06905759,0.13758866,0.1565732,0.13786662,0.13162056,0.086880706,0.14763114,0.20985574,0.12995966,0.21693715,0.11076504,0.34938598,0.35695744,0.11490162,0.044021174,0.5647687,0.0,0.22147627,0.42233613,0.13871983,0.19267857,0.05088617,0.019567084,0.13702378,0.04909663,0.11707912,0.1168501,0.33951685,0.26073986,0.03542922,0.02737191,0.079780295,0.14308342,0.1194669,0.12249317,0.24606772,0.31782234,1.8894126,0.027368018,0.61367106,0.22250585,0.36021516,0.28667703,0.00044070793,0.010717796,0.19385517,0.14477919,0.18538815,0.101403736,0.028884944,0.23224807,0.1172974,0.018195562,0.026038729,0.13155532,0.24535976,0.2490837,0.05303964,0.10059397,0.22501253,0.108042166,0.1519323,0.04807882,0.34763825,0.46191713,0.08289743,0.05679218,0.09338534,0.6263994,0.1417833,0.11644859,0.07588856,0.13828205,0.054365035,0.06738644,0.4029686,0.09365777,0.5568583,0.23378626,0.11205407,0.056486614,0.039917424,0.23427454,0.50428784,0.13050136,0.071287826,0.19259666,0.24395794,0.039259475,0.092842445,0.058212977,0.13073495,0.07378719,0.09696385,0.1419125,0.33557725,0.2576123,0.14435968,0.039465193,0.06693342,0.25641274,0.23891091,0.31056732,0.043620653,0.1695303,0.15163216,0.4080847,0.12606142,0.5549713,0.5456996,0.16840482,0.017552555,0.065695874,0.107632324,0.30506352,0.031097127,0.24130733,0.24367455,0.18792483,0.09525577,0.119214796,0.045953095,0.07179926,0.2086218,0.068388626,0.36051297,0.15905032,0.13942721,0.19885173,0.2512462,0.21718013,0.016782638,0.14383073,0.0352891,0.36055157,0.005595136,0.09342806,0.100274004,0.469841,0.62844884,5.794848e-05,0.10579038,0.21201795,0.18802486,0.4102715,0.12199028,0.010840151,0.2325874,0.13432023,0.046956327,0.036518056,0.21860114,0.47906506,0.07045132,0.14875627,0.78502357,0.21925631,0.13546707,0.028115146,0.0046139443,0.39062354,0.12636642,0.025266608,0.31003225,0.16634484,0.06831724,0.040766895,0.108383395,0.062018305,0.30460143,0.024193365,0.11345533,0.40173504,0.052220784,0.15707743,0.14510936,1.0396211,0.20913549,0.12722352,0.36311868,0.04017055,1.150367,0.16401096,0.52606905,0.7845082,0.17442802,0.3783173,0.20341735,0.71257883,0.08243215,0.21431655,0.1048329,0.49431446,0.11019015,0.35653394,0.042825483,0.4509462,0.25851,0.24857649,0.39489767,0.30534434,0.04707957,0.116820276,0.08099748,0.010039823,0.013108382,0.66370565,0.07612266,0.04631743,0.17635679,0.1209986,0.23540209,0.367028,0.20505731,0.08801222,0.048629325,0.7146661,0.4311874,0.029990576,0.66116303,0.031866968,0.0028777611,0.0036655948,0.14696737,0.06778784,0.14676577,0.13021529,0.47158408,0.035302296,0.14195052,0.22877587,0.04292549,0.019558175,0.32892245,0.48558837,0.24051894,0.43554345,0.054764584,0.035893887,0.16847198,0.073442765,0.28661248,0.051189758,0.08896601,0.009054279,0.01084605,0.50424725,0.1811769,0.2799835,0.0073452243,0.049281284,0.12870146,0.5977684,0.09059262,0.11406202,0.054845843,0.1274816,0.05399345,0.09897034,0.21073046,0.3402485,0.13513695,0.12788731,0.5199097,0.31889468,0.03758927,0.67811596,0.13647795,0.55246675,0.22248936,0.10284139,0.10511273,0.11793551,0.5478351,0.9304397,0.37930876,0.04736042,0.0044248374,0.054858245,0.057407223,0.11987288,0.062622875,0.276538,0.10313622,0.07302445,1.3433188,0.027578698,0.7816385,0.19139083,0.031485636,0.022957284,0.44846588,0.12731835,0.044602484,0.027047064,0.23627138,0.1567297,0.7873862,0.065908335,0.14306724,0.16877203,0.4337635,0.522065,0.08713911,0.17371346,1.0822523,0.0,0.11010831,0.0060602315,0.026038438,0.2785061,0.014394991,0.20363215,0.21055666,0.1100975,1.0870278,0.25878093,0.6397049,0.242764,0.005480656,0.14490245,0.6161884,0.3833598,0.109394215,0.04225667,0.05040157,0.28483713,0.041973025,0.16727352,0.24263544,0.4299831,0.19108072,0.46161437,0.16387899,0.071661025,0.21443054,0.19691122,0.100304544,0.18096167,0.08975285,0.061131448,0.03941391,0.16403219,0.04831994,0.35902214,0.5369214,0.17253004,0.0496929,0.14001602,1.7504928,0.22662386,0.32285023,0.25416175,0.0043664942,0.021121893,0.13768037,0.36681134,0.8807459,1.106673,0.25008217,0.027411006,0.09428702,0.031477503,0.12131819,0.09380013,0.28578952,0.038786724,0.020990938,0.16761234,0.0063491706,0.560261,0.045241516,0.34175006,0.33205682,0.05024015,0.2126658,0.057368267,0.09621987,1.109513,0.5028888,0.1104777,0.61986005,0.036158316,0.5135841,0.5844248,0.0,0.57417893,0.52344483,0.7830579,0.08316299,0.005632885,0.06989932,0.07519939,0.17882644,0.017327292,0.031581257,0.008366745,0.059627846,0.01888536,0.7613176,0.19070613,0.25101244,0.064704545,0.15116589,0.082727335,0.0021325932,0.08032612,0.7528318,0.15745452,0.09298518,0.05647804,0.11350301,0.09513663,0.1810543,0.29268664,0.024269978,0.034721598,0.66622794,0.33856162,0.11771741,0.27645957,1.1875935,0.28027403,0.022242973,0.0,0.44333464,0.211651,0.46810687,0.19139555,0.00082936755,0.15270126,0.69702095,0.0,0.20207806,0.48694447,0.00020641887,0.5008911,0.22239621,0.35105664,0.19695622,0.11799522,0.04363893,0.14393698,1.0532372,0.65990794,1.0750024,0.39489478,0.0070574144,0.10999544,0.019697428,0.004565521,0.8008877,0.2601225,0.77009046,0.08662139,0.04303854,0.17625475,0.16812801,0.5897648,0.09802431,0.16659574,0.2317549,0.015030759,0.050463513,0.3378205,0.25922787,0.17970085,0.57403684,0.172416,0.089102365,0.2933657,0.9757631,0.029306956,0.5578531,0.4277556,0.036102004,0.1362586,0.042128727,0.3715889,0.2027416,0.33417335,0.1880251,0.5289505,0.13391256,0.07470718,0.21474352,0.40239066,0.34325957,0.052217066,0.0196851,0.0065147337,0.004270514,0.047624663,0.29933852,0.105133414,0.17148922,0.43467286,0.056487054,0.6841567,0.27655712,0.37489316,0.74181986,0.49706575,0.02357123,0.11790737,0.53376967,0.16556787,0.12006408,0.11529988,0.095930904,0.042994067,0.18156171,0.035351295,0.7566807,0.1518945,0.9958575,0.29477692,0.1409632,0.029008223,0.025738273,0.47554255,0.024136854,0.103579916,0.07616647,0.41189545,0.2580123,0.44673884,1.2066351,0.27781373,0.24297245,0.20676225,0.24702138,0.10661057,0.03450604,0.010716733,0.058179908,0.27111363,0.0060004084,0.0065787355,0.09484437,0.022712296,0.089342274,0.076496266,0.04440549,0.35241914,0.08528246,0.09354325,0.24161592,0.3286094,0.02409677,0.24714574,0.13786635,0.008301591,0.13376464,1.5247798,0.0,0.07557082,0.0812771,0.4136641,0.24888675,0.0666611,0.25291187,0.0005163898,0.35899764,0.041687157,0.2378203,0.16105652,0.1887075,0.06307486,0.07347176,0.2837326,0.04723028,0.14305905,0.13097262,0.33117318,0.09115927,0.014496612,0.027157858,0.021087455,0.20239668,0.0,0.049328722,1.0059619,0.13033298,0.15283506,0.87204945,0.20547749,0.03572855,0.412214,0.11979737,0.04114216,0.10378747,0.0068573607,0.70537674,0.024759639,0.11714092,0.36440778,0.9637214,0.0015683237,0.24467614,0.7884512,0.05259353,0.66349345,0.1775665,1.3537371,0.07350162,0.0030397696,0.0,0.046053566,0.3089398,0.27556327,0.61395526,0.08703515,0.12747428,0.058953747,0.03009938,0.18441448,0.02228187,0.012501761,0.12983954,0.23866187,0.09976755,0.15207897,0.046416633,0.49893424,0.051670615,0.021623563,0.009647036,1.0660037,0.5538251,0.25604564,0.054888897,0.109200805,0.8727139,0.77271557,0.26454547,0.28416067,0.0043810755,0.09309012,0.061532095,1.3334,0.049973994,0.0,1.7632451,0.0060205515,0.0013746074,0.6641654,0.19466387,0.75734323,0.7725376,0.35917026,0.3851746,0.65748525,0.16536802,0.0015217363,0.24051823,0.22938831,0.24782914,0.6594038,0.26312885,0.01566841,0.58252794,0.30637485,0.0009386554,0.26223654,0.14914098,0.0025762152,0.0038790577,0.33504242,0.06570029,0.1883604,0.12865217,0.0081272945,0.33807173,0.17539543,0.075946994,0.26580012,0.010985466,0.00060766074,0.051324103,0.31092536,0.29457337,0.065757036,0.33029398,0.09806304,0.50805646,0.6629078,0.0521944,0.07083756,0.26404485,0.07722464,0.46371946,0.37502146,0.009517303,0.06961237,0.04299229,0.24598771,0.6529385,0.14756404,0.023971716,0.42264214,0.19650331,0.5658149,1.1843383,0.06581808,0.056470864,0.07440362,0.004892236,0.19096306,1.0643227,0.2284789,0.713082,0.05488414,0.18767413,1.0581737,0.27023053,0.0019166784,0.67389435,0.52454805,0.4422517,0.14859477,0.052501753,0.2218749,0.48062748,0.12582666,0.33536065,0.503107,0.019930353,0.27751237,0.19081253,0.33439776,1.0706707,0.058487706,0.15425758,0.02260618,0.46723765,0.16529647,0.38695246,0.3616688,0.52075595,0.52220654,1.2203921,0.5326536,0.18716288,0.2547353,0.32211834,0.117991224,0.69461006,1.4829102,0.120363496,0.314133,0.10493997,0.4816458,0.0013375982,0.048086103,1.2442931,0.15243858,0.17057544,0.5846569,0.09084156,0.04444848,0.2267955,0.3866846,0.7725185,0.42068526,0.0005675109,0.012940068,0.025295855,0.32981452,0.17729917,0.00022210623,0.26918858,0.48011678,0.84182745,0.4375419,0.6479708,0.4969737,0.04758672,0.2209366,0.029852865,0.30262315,1.4968191,0.28735602,0.09407438,0.048753574,0.18373573,0.04698563,0.0818685,0.23784834,0.14558277,0.18888739,0.032639734,0.5411427,0.66989154,0.3282224,0.16634639,0.021089021,0.36599058,0.012600861,0.0047050873,0.16814226,0.3552967,0.09486032,0.32339475,0.06114029,0.25654158,0.2644875,0.70076174,0.1071789,0.35102862,0.30621886,0.0024181397,0.055150434,0.3007192,0.59104425,0.0925163,0.045088705,0.057376668,2.2863603,0.36607563,0.90213,0.22028653,0.07351933,0.03867402,0.03429044,1.2005448,0.12925068,0.31608796,0.80538297,0.020918582,0.19745827,0.47765967,0.0664033,0.024828998,0.0011754828,0.69745517,0.44669276,0.012090746,0.0031901693,0.40963036,0.09369892,0.00033463424,0.1241925,0.3724258,0.12220935,0.22018197,0.18954462,0.5011363,0.020961309,0.8395411,0.009892251,0.2541,0.31289923,0.07927204,0.46609846,0.00039019805,0.3417479,0.1712217,0.35170373,0.0014424296,0.53677344,0.005342642,0.5313957,0.047179922,0.94344944,0.53409547,0.3373601,0.44162574,0.4016812,0.068806395,0.24137288,0.06399474,0.04534998,0.09404309,0.18103202,1.0200939,0.85677934,0.25872022,0.09596646,0.2849905,0.438692,0.40716368,0.38556665,0.0022528055,0.041693054,0.39150763,0.060739562,0.089583434,0.051982738,0.3874735,0.571393,0.0009885707,0.30802375,0.13176294,0.27823204,0.043440383,0.24499083,0.21496272,0.7849172,0.28513741,0.08671196,0.27481383,0.50200987,0.10598786,0.30454016,0.4386447,0.0,0.26210144,0.17677811,0.41921657,0.1949797,0.018678565,0.11826985,0.05631955,0.16416547,0.020862553,0.26690283,0.22639747,0.4659269,0.01159888,0.1442261,0.0039983927,0.017388728,1.2191164,0.029869342,0.08274192,0.03657158,0.51184297,0.21930905,0.081027426,0.0071050366,0.06992282,0.00019460678,0.05117166,0.581498,0.028442163,0.04579306,0.68672884,0.5013008,0.13453586,0.6776279,0.22209007,0.20026015,1.1512856,0.37644064,0.041167296,0.15083128,0.001118682,0.019569525,0.32384387,0.6176278,0.44816363,0.2995926,0.4359449,0.079016864,0.2783783,0.0802666,0.0060281623,0.43372384,0.38036776,0.024705999,0.39272243,0.6389289,0.9667042,0.081887096,0.05980867,0.11223356,0.15851742,0.7619528,0.05815589,0.10002789,0.11202943,0.1318577,0.06485383,0.54917765,0.027190479,0.005920405,0.39351732,1.0593774,0.23377603,0.037484806,0.01347512,0.63201827,0.06542303,0.035252042,0.27452016,0.006121621,0.46444446,0.0,1.0364189,0.32657698,0.18081698,0.022015285,0.011139403,0.19810426,0.69564444,0.004139764,1.6155499,0.2957033,0.017750852,0.24772695,0.37689367,0.009982146,0.2062467,0.4394232,0.05560752,0.21643364,0.022166897,0.13807406,0.2705428,0.066761464,0.11357881,0.09973764,0.38971737,0.56781507,0.8748765,0.83919823,0.4080323,0.33546406,0.059995264,0.10530021,0.18387084,0.40902758,0.12818843,0.3257891,0.3412211,0.0051945937,0.61896306,0.3984404,0.26956183,0.94876266,0.09374317,0.2902298,0.03043576,0.112744495,0.22717369,0.49962536,0.46090862,0.076520815,0.18932289,0.44799745,0.30412847,0.18052293,0.95113236,0.059172228,1.3744423,0.4242841,1.8620753,0.012549337,0.12966499,0.7479226,0.43034542,0.25598642,0.114755824,0.27095917,0.89880544,0.30238518,0.12721977,0.661126,0.10260793,0.39850765,0.028840562,0.25893793,0.14897682,0.18663672,0.26104045,0.50119424,1.8446505,0.48971796,0.9560956,0.30179822,0.22923318,0.19099845,0.066690184,0.017012767,0.3575657,0.38397926,0.13757282,1.9800805,0.5372015,0.77215,0.2615144,0.14836097,0.24302986,0.23584187,0.08278763,1.0905278,0.09587532,0.17959511,0.19117445,0.48360425,0.41163993,0.08746048,0.35882568,0.06749059,0.47863817,0.108227886,0.63513935,0.10272969,0.16219558,0.22306804,0.14244524,0.029138463,0.80604345,0.13062516,0.18602704,0.18890752,0.56492305,0.62169236,0.07023795,0.16957115,0.12789938,0.51368654,0.07327153,0.0754413,0.06645681,0.46907318,0.595433,0.2686204,0.5034597,0.7369537,0.02185083,0.6139271,0.06514233,0.022244807,0.11992701,0.00597266,0.010435667,0.05627843,0.0555497,0.008520266,0.40382853,0.24916504,0.31463024,0.34748483,0.021893209,0.42066118,0.3613564,0.059907414,0.14124762,1.0039842,0.32901672,0.23498353,0.14964539,0.65843123,0.6062839,0.23347652,0.41604638,0.41167024,0.9607,0.29144335,0.074058495,0.31065392,0.29819718,0.23327717,0.026604284,0.4157515,0.4848076,0.9740002,0.26308137,0.07269119,0.0041284123,0.5275775,0.22403578,0.20004502,0.15107025,0.0963857,0.2926979,0.15920174,0.08447558,0.22328459,0.19798598,0.31832325,1.0875676,0.60233307,0.19622229,0.83646184,0.43355003,0.0,0.2537996,0.18604115,0.53631747,0.78013235,0.19358346,0.42127895,0.31629735,0.005304102,0.351619,0.0067715985,0.12103761,0.25083256,0.4503621,0.043687023,0.86232066,0.1316126,0.28181952,0.5462632,0.045654945,0.3520968,0.21509653
0.27283448,0.0012704382,0.30253112,0.09464298,0.050406273,0.05077889,0.72993255,0.41106138,0.14100802,0.23643693,0.16215992,0.05526,0.23957661,0.28624064,0.10656446,0.065207504,0.04596475,0.44079515,0.26107305,0.25293404,0.3120522,0.13963471,0.15040031,0.013181667,0.11156924,0.31454742,0.18785271,0.23101655,0.29366028,0.9615853,0.1282337,0.2765153,0.13648632,0.2306648,0.32641572,0.14462206,0.16799772,0.36469483,0.10225901,0.06177529,0.47141153,0.25671884,0.14777403,0.18823591,0.026472172,0.037224144,0.36469263,0.04973326,0.09291962,0.28521985,0.77652323,0.4431367,0.76798344,0.15751934,0.049688473,0.27384862,0.3084958,0.10283536,0.06579284,0.6366819,0.54294527,0.47014108,0.25589028,0.21312058,0.08651577,0.018294344,0.98998773,0.7885722,0.062136654,0.04905574,0.17178343,0.13144821,0.37938166,0.18360576,0.23493764,0.22333705,0.17564696,0.86905766,0.3034931,0.1974306,0.10940473,0.19375324,0.12024791,0.082977355,0.22406575,0.03328351,0.56328064,0.687645,0.23915793,0.020109184,0.26688045,0.11157458,0.65471417,0.08810812,0.098197445,0.20408261,0.04744789,0.16830981,0.048799872,0.10669494,0.0,0.77589536,0.1718449,0.2419698,0.047664173,0.26983815,0.1624613,0.32075733,0.037650872,0.21883819,0.069040604,0.029556649,0.10440392,0.09512647,0.4789207,0.08461663,0.014914503,0.16939254,0.56328857,0.20542938,0.17154059,0.073770344,0.0046746437,0.17225337,0.103657216,0.19667786,0.20398402,0.02791951,0.11611562,0.23797813,0.4313811,0.34856576,0.1019702,0.09585342,0.37542486,0.059166305,0.66700804,0.05719375,0.7269599,0.21557215,0.31954944,0.30535653,0.34124947,0.10845917,0.5456533,0.06010013,0.29999927,1.6955247,0.123554416,0.24944952,0.020075796,0.046736903,0.047881942,0.7427397,0.52085966,0.49347353,0.08663371,0.05286726,0.87513626,0.08338302,0.1413958,0.21399409,0.7801307,0.19788943,0.021843158,0.49294752,0.14043859,0.09782563,0.1591179,0.4978325,0.2672866,0.37458256,0.043761343,0.18033186,0.15557876,0.06137251,0.63932085,0.13599731,0.35452816,0.2907074,0.69611025,0.39262688,0.1471639,0.15412685,0.29849482,0.18885624,0.10657718,0.094281465,0.46385378,0.42473596,0.014257176,0.010693741,0.025588442,0.23613131,0.004300151,0.13861936,0.33022407,0.18197055,0.23782888,0.2242523,0.28545547,0.20661154,0.23228432,0.0,0.20265608,0.066685066,0.41533464,0.37547678,0.19650167,0.13502136,0.11007302,0.1669239,0.0012078778,0.7242851,0.07640459,0.029537886,0.28095305,0.063145354,0.09000028,0.08173841,0.2576662,0.6448311,0.17637208,0.21913125,0.08923245,0.06796476,0.18168548,0.07274854,0.34970757,0.43702325,0.026264131,0.51586676,0.33925217,0.045654364,0.26973757,0.16335969,0.19421053,0.099591926,0.6692076,0.053718567,0.22740395,0.13874273,0.04997567,0.44833404,0.09503315,0.1663822,0.28876427,0.029677033,0.40337354,0.59073985,0.31762066,0.21086904,0.026608037,0.0958557,0.18296608,0.16741551,0.082566135,0.52644974,0.24982949,0.6801825,0.6123361,0.19769111,0.51889855,0.55780303,0.22087589,0.041840192,0.39034358,0.057206817,0.3052994,0.11068588,0.16944164,0.27686673,0.125708,0.15673712,0.21622232,0.5666708,0.1408386,0.28999326,0.15596572,0.08439337,0.066466585,0.43419242,0.19272976,0.25352353,1.6682379,0.07896222,0.24009159,0.31469563,0.26073775,0.26711357,0.02719644,0.38698584,0.29920518,0.20888671,0.059550807,0.6633887,0.26041535,0.5592122,0.06801655,0.20532429,0.10720701,0.9247154,0.24092871,0.28220838,0.43746507,0.0860492,0.15013865,0.32194686,0.09001096,0.7926129,0.12376982,0.27325577,0.44007403,0.29649934,0.2918246,0.09079301,0.12736386,0.003857029,0.28023767,1.3903909,0.3264265,0.55045176,0.0888253,0.05339143,0.14239098,0.15070781,0.055737086,0.06556155,0.01500432,0.03476394,0.46815464,0.32214797,0.14900917,0.09948226,0.049257167,0.27131382,0.14687872,0.20829104,0.04754645,0.007144606,0.014275761,0.36082113,0.06878985,0.24456745,0.12178526,0.17409112,0.1538814,0.30253553,0.08555791,0.06595273,0.08073121,0.41453537,0.029207658,0.07505618,0.2114926,0.17739604,0.0034269837,0.050774697,0.06889371,0.063041545,0.24953768,0.020628523,0.3922981,0.0160576,0.15364279,0.19397482,0.054530542,0.76304597,0.5006458,0.342587,0.12645492,0.062344044,0.18955213,0.09223491,0.23846906,0.17374146,0.040392864,0.12104384,0.021915872,0.12108569,0.738305,0.044197336,0.49569792,0.26581538,0.021747,0.11201909,0.16548014,0.13246942,0.10052824,0.22801772,0.055005994,0.14091462,0.12570299,0.114943415,0.20065558,0.26562726,0.08934783,0.12844932,0.112377144,0.2565502,0.045879263,0.09232693,0.08811493,0.19030824,0.14526808,0.2072862,0.07421272,0.10510169,0.48993796,0.013236997,0.3431951,0.24920833,0.33123425,0.10693938,0.14706072,0.43034935,0.06949204,0.22829704,0.027535522,0.3840403,0.29416758,0.37334263,0.011976074,0.080294736,0.3219968,0.090593696,0.2034007,0.12585783,0.013367615,0.062796436,0.12600912,0.01940443,0.11764258,0.04907866,0.114889175,0.04290481,0.11112019,0.023806578,0.1362403,0.088717334,0.17154431,0.21267603,0.22651921,0.07317451,0.09468633,0.21825755,0.027135663,0.059497,0.43473536,0.106910944,0.101328775,0.38704687,0.17243652,0.12771335,0.1817185,0.4156319,0.09597002,0.110299565,0.27963483,0.17790487,0.049229443,0.09954622,0.377923,0.2420452,0.07867564,0.017331455,0.5068129,0.4504578,0.011898507,0.26472965,0.4652348,0.34994406,0.08395565,0.2303123,0.044986576,0.30667898,0.1316516,0.025146816,0.62668526,0.026086723,0.21424082,0.21260789,0.19937932,0.026083175,0.06484702,0.113052286,0.0617645,0.38069734,0.2114236,0.24753036,0.1526847,0.3808883,0.16568641,0.6566236,0.08311892,0.5001124,0.24143296,0.09002237,0.27843273,0.17018993,0.30540553,0.069519214,0.27448428,0.0909757,0.05871451,0.06716376,0.08544009,0.121195175,0.2743219,0.15693781,0.22858754,0.23332444,0.49945557,0.14243504,0.15239424,0.3534996,0.6608886,0.195715,0.078022525,0.123173796,0.18872079,0.12638782,0.07393032,0.33682296,0.048255824,0.2523982,0.28504747,0.23989934,0.5447347,0.5730133,0.0020079748,0.19597867,0.29324397,0.24945934,0.062199775,0.6823503,0.08948774,0.3357045,0.042767726,0.20027573,0.0951871,0.0831138,0.13671094,0.1178032,0.10246048,0.035155788,0.3902303,0.07843525,0.13587017,0.25880647,0.020406608,0.12400182,0.036771066,0.026357964,0.22871305,0.17892517,0.19028553,0.17054626,0.14076713,0.061698146,0.120347336,0.26234806,0.061732206,0.19419378,0.35057795,0.32596606,0.24458213,0.26772475,0.548059,0.16333513,0.25721103,0.11133915,0.23442933,0.0059321905,0.45581627,0.07781631,0.15063012,0.08104962,0.33912662,0.149263,0.07166062,0.11105694,0.13917232,0.064279445,0.13585617,0.20499083,0.5390039,0.14420085,0.11387237,0.2138029,0.0033000591,0.071927845,0.5116668,0.22905916,0.6678294,0.069269784,0.015130267,0.08992493,0.12791978,0.057054624,0.052882843,0.39779374,0.26305693,0.19760773,0.07885179,0.10875968,0.17388402,0.079479486,0.608541,0.10284436,0.0,0.20377703,0.13441205,0.05026316,0.0819256,0.10936716,0.03494042,0.07620627,0.016842388,0.25317693,0.15518351,0.26309106,0.044938274,0.050013892,0.018916935,0.05038491,0.116149366,0.1320697,0.016659519,0.37653276,0.030469423,0.135745,0.108747326,0.093261346,0.08600803,0.5473646,0.26791233,0.2583698,0.050260413,0.14742762,0.027115466,0.9161085,0.21121795,0.22604983,0.15215625,0.036954235,0.038514998,0.7838486,0.049648803,0.10125187,0.10956206,0.18870409,0.19905262,0.16898867,0.36554527,0.056784574,0.14238629,0.19524588,0.06654959,0.07249143,0.21620306,0.058737837,0.110037014,0.0875544,0.03190756,0.028686816,0.28603107,0.1092321,0.21227019,0.24489729,0.1297563,0.258684,0.11933609,0.26873457,0.15105937,0.11346865,0.101326615,0.10302418,0.6795793,0.113131344,0.72502506,0.16622846,0.30104473,0.4762987,0.1138863,0.0683009,0.017376712,0.16132888,0.3083404,0.13542765,0.09512834,0.06311597,0.026254438,0.16341579,0.038807563,0.17631122,0.21083486,0.37025565,0.023627609,0.07334039,0.12759088,0.21137029,0.23903504,0.25692785,0.13331324,0.0125924125,0.055989124,0.16552737,0.0,0.1913381,0.23049618,0.33759838,0.077564314,0.2315636,0.20281962,0.18088958,0.29388613,0.06846076,0.021106914,0.74211633,0.29738468,0.17070198,0.015582216,0.02865541,0.16300383,0.02647529,0.019314349,0.11216558,0.1597189,0.0046142563,0.13929594,0.02795806,0.112576745,0.06661375,0.22988984,0.10942566,0.2859298,0.04597125,0.10489117,1.335738,0.02247733,0.08549623,0.13425484,0.13651365,0.15190859,0.05890655,0.0697992,0.17365211,0.17128569,0.13481992,0.15073258,0.15675879,0.27719355,0.60855746,0.34987438,0.14266628,0.08097924,0.11662948,0.0778811,0.08658967,0.33983496,0.22888857,0.060266767,0.05607294,0.027147723,0.14214809,0.9057728,0.28903794,0.0865113,0.15182431,0.3020367,0.054974806,0.10779978,0.0,0.19035518,0.017314907,0.029884022,0.18087018,0.478337,0.30456102,0.027884625,0.4890114,0.15695603,0.20049185,0.25801107,0.65280354,0.526078,0.4646001,0.06515017,0.7925384,0.20842063,0.74803215,0.153196,0.31935167,0.18849356,0.1479623,0.3652779,0.14498425,0.1378547,0.20013689,0.060064256,0.3322829,0.28781146,0.18346676,0.054799993,0.15554869,0.19847775,0.2279757,0.06331799,0.13333115,0.09878073,0.033870056,0.0,0.22696954,0.07783322,0.30434048,0.24199384,0.17596878,0.050792716,0.23582287,0.06415528,0.16680911,0.32900012,0.1540912,0.010524639,0.026962902,0.09546164,0.6487618,0.39217815,0.039560966,0.23524435,0.29959965,0.16301778,0.080793895,0.54926914,0.1495588,0.12856632,0.31348926,0.11794329,0.1429474,0.0,0.20444855,0.18780015,0.028788041,0.40770236,0.43995014,0.3394099,0.17262067,0.07384209,0.043779973,0.10864785,0.1269981,0.14296877,0.065006256,0.15966964,0.20588794,0.15503171,0.22234261,0.13226452,0.27697012,0.24060751,0.26633313,0.027988615,0.51049894,0.008416154,0.23773772,0.41672093,0.1331669,0.16026218,0.13211328,0.02309658,0.15750602,0.1428569,0.07267861,0.08773701,0.29672796,0.29856187,0.057399683,0.019817207,0.16365868,0.20695032,0.13185048,0.20782542,0.20945744,0.26661503,1.7688347,0.018832553,0.41595224,0.20897545,0.49401054,0.22908567,0.011334048,0.031053232,0.28006148,0.17624894,0.14835599,0.11079334,0.03160721,0.2106941,0.18785377,0.0076627852,0.060971595,0.19056538,0.2035783,0.0636879,0.067977585,0.10982044,0.21743846,0.12911513,0.09143013,0.09829111,0.39716315,0.48182896,0.1450534,0.079247184,0.075837016,0.62469643,0.1372574,0.05843524,0.049658105,0.12312975,0.028150043,0.038733497,0.36065727,0.05860901,0.46437305,0.25955617,0.032573618,0.10208048,0.05067004,0.22460112,0.4068228,0.1793201,0.0745949,0.18316174,0.3143046,0.05961562,0.11093906,0.0829714,0.14885639,0.051952712,0.08524333,0.28255373,0.22272119,0.27044123,0.22101028,0.037742633,0.06873218,0.26242298,0.19888535,0.29643452,0.07312422,0.122115955,0.19688646,0.40558606,0.10679028,0.49796772,0.4497611,0.07662022,0.069763064,0.115348935,0.066930994,0.24609517,0.080711275,0.15728869,0.29843956,0.19641507,0.088944755,0.101428196,0.054346796,0.028525867,0.2551129,0.10464433,0.34733117,0.23191589,0.17494828,0.22843316,0.38325965,0.19444205,0.075585395,0.17949715,0.060825896,0.23450719,0.03655615,0.082692586,0.16806482,0.3926598,0.56306124,0.021767765,0.048832357,0.24017948,0.23648894,0.32573575,0.15723637,0.0048856675,0.30984282,0.14415549,0.14019993,0.09567179,0.26578516,0.4723456,0.053887002,0.24003476,0.7761583,0.1675054,0.059032343,0.022323333,0.008242163,0.39949292,0.09061633,0.040859155,0.37992877,0.13100502,0.049726166,0.003939897,0.22753511,0.052810013,0.32153368,0.016091246,0.07523973,0.3474783,0.012142587,0.19168504,0.16788839,0.85006917,0.24381995,0.1321123,0.42287117,0.11658305,1.0287805,0.13170001,0.65581775,0.7785677,0.24498296,0.50373113,0.3270559,0.69303197,0.14652336,0.28224906,0.1018768,0.55171674,0.032684922,0.46794134,0.023970835,0.4606986,0.17850661,0.27257994,0.32584274,0.26288167,0.057003498,0.11666254,0.073733546,0.038304206,0.009597351,0.49070007,0.059129365,0.14074369,0.17885496,0.23172718,0.24842656,0.39453363,0.27654535,0.023894906,0.03792838,0.67863584,0.3837419,0.0523214,0.61266625,0.06949086,0.0038260303,0.006862402,0.13174316,0.17103647,0.2719174,0.08567189,0.44125393,0.044812232,0.2528486,0.29463795,0.05189608,0.02284172,0.20569298,0.40291557,0.19269682,0.50363666,0.058806963,0.0075029954,0.10424474,0.067076415,0.3387306,0.047573242,0.10911244,0.024574311,0.02552545,0.48455814,0.2107164,0.17686316,0.03647675,0.091344364,0.11916874,0.55853426,0.12638834,0.08759795,0.042216018,0.15205318,0.044882372,0.08509906,0.21947055,0.364054,0.15699375,0.18085931,0.55573237,0.38334066,0.038249925,0.711862,0.10785177,0.52524257,0.16443256,0.14179465,0.08786934,0.11512052,0.8204956,1.0233498,0.3834251,0.037564497,0.014336807,0.010660766,0.049421296,0.17315587,0.14500757,0.38085514,0.080627166,0.058431987,1.3916442,0.04956793,0.86622095,0.17941117,0.051768884,0.032420266,0.45684385,0.073638454,0.045619592,0.11905246,0.19448934,0.16244435,0.85889494,0.042263366,0.17759286,0.11954278,0.4088858,0.57733786,0.16442063,0.2573579,0.9802962,0.052676603,0.1344064,0.012382613,0.0861076,0.31407306,0.025026664,0.31325078,0.1499587,0.104258746,1.1679718,0.32519656,0.5931269,0.2808512,0.0,0.17142163,0.45274064,0.4398117,0.066937044,0.05077046,0.03944919,0.33800134,0.05319695,0.28436396,0.27981082,0.3590213,0.16191818,0.4015309,0.3122837,0.07814461,0.30366528,0.25130513,0.1398015,0.18568246,0.030097412,0.03488434,0.02611175,0.13429463,0.10387504,0.24773344,0.422739,0.17388731,0.02375048,0.15386163,1.7693081,0.31149372,0.29473877,0.34191266,0.020051206,0.097401604,0.22049539,0.27407205,0.8487239,1.2284973,0.27562296,0.0172374,0.11768788,0.05876314,0.06997014,0.047008038,0.39651427,0.05016489,0.022243494,0.27772906,0.010031805,0.63402736,0.09664954,0.35610056,0.3307307,0.06623553,0.23691517,0.019973354,0.072215125,1.2738866,0.5008305,0.079064324,0.73696107,0.062078387,0.53328574,0.63279927,0.0,0.61402875,0.56252766,1.0354941,0.15729305,0.022536367,0.1075483,0.06310615,0.20384315,0.029428393,0.020579638,0.040435616,0.11057192,0.034371402,0.9323604,0.27805316,0.19910237,0.08559474,0.23803909,0.083530575,2.097035e-06,0.060296074,0.80372727,0.1978269,0.12088734,0.105025925,0.07088612,0.113059334,0.16055056,0.22656277,0.033201292,0.12260755,0.6128916,0.22163638,0.14981966,0.28871012,1.0472078,0.22258732,0.023793807,0.0,0.5360841,0.2604175,0.49795693,0.15320152,0.023760926,0.12532228,0.7084073,0.0021729898,0.15838705,0.5673981,0.0071657556,0.6296499,0.19319111,0.40158528,0.1277698,0.06594268,0.09449637,0.13775268,0.969087,0.7039813,1.1546485,0.41799143,0.023846375,0.17678988,0.02523293,0.049875654,0.7935036,0.22421935,0.74732196,0.046894025,0.097365096,0.20480317,0.14233008,0.53695214,0.19424179,0.10169522,0.21780382,0.011260261,0.061649203,0.29849625,0.28717017,0.22582069,0.64059484,0.24410877,0.0636055,0.2477809,1.0982796,0.042647205,0.5034648,0.5853045,0.05493438,0.12924618,0.037177972,0.31072912,0.29742873,0.45212263,0.25608116,0.5805329,0.17547446,0.06426253,0.15414226,0.43762106,0.3086132,0.03190508,0.018883046,0.00069923716,0.024743028,0.0685856,0.27015904,0.08143562,0.2075072,0.54286206,0.19788998,0.7927682,0.3296834,0.48204258,0.81794167,0.631019,0.06368113,0.080737814,0.5874052,0.20234947,0.15286553,0.16597567,0.22973292,0.026185486,0.08914237,0.03978042,0.7903679,0.21949574,1.0379157,0.359319,0.17415194,0.09325554,0.020500543,0.48354363,0.12661856,0.04166272,0.061663914,0.35829252,0.33316618,0.49728134,1.176497,0.3990913,0.21639141,0.19730616,0.27441993,0.15006533,0.032198053,0.001599156,0.07202446,0.4724072,0.0044336393,0.012902257,0.08847662,0.06218253,0.05744369,0.14298847,0.031737518,0.39568597,0.09465431,0.056281596,0.33620644,0.3691203,0.0048057754,0.21270284,0.12559456,0.016840141,0.14784467,1.7173104,0.0,0.079729065,0.10951388,0.4409955,0.38155836,0.036939032,0.25458586,0.00014260608,0.46914518,0.044593424,0.3446204,0.090008825,0.19175744,0.05321232,0.06448354,0.1739559,0.055403646,0.19599426,0.102540664,0.32143623,0.09198073,0.03304695,0.012232322,0.0027041205,0.18362515,0.0,0.094896406,1.1830307,0.09254348,0.105793476,0.8042482,0.3286015,0.0068494277,0.3404651,0.121857285,0.06437853,0.1406461,0.0030780442,0.7315061,0.041217607,0.19974151,0.45117277,1.0534327,0.0,0.21238485,0.6996857,0.046775088,0.6024859,0.109665655,1.3314418,0.042723306,0.015257996,0.0,0.08058631,0.33089423,0.3798161,0.5290983,0.102339216,0.1511286,0.0680608,0.038663063,0.17428659,0.028652336,0.018835982,0.13818824,0.32149842,0.07434457,0.3026604,0.09282585,0.484549,0.079825535,0.03681565,0.010375865,1.0273201,0.47864056,0.30439627,0.10077373,0.07898833,0.8746807,0.7580634,0.2814484,0.30468592,0.0017469634,0.13133642,0.03121994,1.3536332,0.0068266196,0.0,1.6730872,0.0075086807,0.012856806,0.69643664,0.19939914,0.69751227,0.8493541,0.5396255,0.36338636,0.6204802,0.15992197,0.0020066511,0.3059341,0.3497273,0.31415665,0.65396166,0.3030917,0.03383664,0.7491183,0.35414168,0.0025505836,0.39856726,0.09272674,0.00035891126,0.0,0.48089063,0.042181276,0.21361548,0.11408436,0.017890282,0.3115583,0.19875166,0.070059896,0.38783517,0.0009236774,0.012961099,0.06113116,0.25761607,0.20748532,0.11985183,0.29697794,0.043443747,0.48766822,0.6207777,0.026856365,0.06399377,0.32242674,0.07321752,0.4930683,0.27067378,0.005358409,0.07564835,0.012578745,0.28885368,0.56834066,0.13033664,0.029384023,0.38070384,0.1456929,0.44151998,1.3325925,0.105744705,0.07900449,0.21363956,0.0,0.18523426,1.0379428,0.2526671,0.57718325,0.052477974,0.18952289,1.055527,0.20247135,0.00742298,0.7216047,0.5501261,0.53283393,0.11607179,0.045028728,0.2588171,0.5018924,0.08265194,0.23681384,0.5521039,0.053736486,0.44342965,0.29580814,0.34378597,1.1453005,0.026627433,0.1451561,0.09535554,0.57576656,0.1252476,0.31034115,0.34078693,0.36673504,0.44270828,1.3452615,0.40806472,0.19761819,0.32278872,0.31242034,0.04270693,0.79732215,1.436813,0.15409343,0.26379842,0.11537656,0.3633332,0.0,0.044633746,1.1347066,0.104927376,0.15532866,0.5467558,0.049587116,0.041606497,0.23257065,0.38154405,0.58900744,0.23664027,0.0054493025,0.014357587,0.025971252,0.25305343,0.1312407,0.0024553055,0.27546382,0.59714425,0.7518713,0.45012218,0.6814443,0.611214,0.064791895,0.14234047,0.051548094,0.15081102,1.5210576,0.24131149,0.07125527,0.0051452704,0.30785796,0.021105284,0.026405538,0.21576232,0.10191004,0.14503548,0.011995183,0.49238497,0.873923,0.4220146,0.23761337,0.004932946,0.28167778,0.031803288,0.0027319535,0.15855944,0.34926435,0.10416475,0.3771317,0.060681246,0.31594664,0.24694544,0.7139478,0.14664705,0.2735711,0.19192787,0.00037943755,0.03302896,0.37302393,0.80132556,0.12228252,0.014130495,0.04255679,2.3655114,0.61528707,0.85323155,0.31847134,0.18914557,0.012406146,0.008542611,1.0855496,0.106350765,0.3832921,0.8797002,0.008327153,0.19638154,0.4978773,0.0895983,0.058547467,0.0060647847,0.5707623,0.37811926,0.010034138,0.0,0.476973,0.065347664,0.012598677,0.084916525,0.47740784,0.090069816,0.09999958,0.33425647,0.56858146,0.048632674,0.7997307,0.0016893804,0.30671012,0.32596326,0.053917345,0.51324826,0.0,0.26270977,0.15680888,0.4204688,0.0027215506,0.52771044,0.0021077248,0.5658102,0.094244964,1.2246534,0.65623987,0.4190297,0.47264898,0.4541486,0.054997794,0.2642433,0.104575366,0.043515198,0.0867276,0.3198912,1.061721,0.91346246,0.15935878,0.1120332,0.29517993,0.38024533,0.5133462,0.28073916,0.0205394,0.021364326,0.37413245,0.018970545,0.04904236,0.06156104,0.38230368,0.6816083,0.004547441,0.20082682,0.12264142,0.3368069,0.10251403,0.21015714,0.25247347,0.72238827,0.1878863,0.1575965,0.28114784,0.6431877,0.13601328,0.2564507,0.47966382,0.0,0.19017205,0.14761117,0.44592175,0.05149319,0.051051956,0.11735385,0.047007967,0.21022658,0.00869616,0.2691942,0.27616858,0.453124,0.008558465,0.14694683,0.0,0.004006343,1.2814906,0.035310827,0.037641827,0.039169367,0.5464516,0.28883007,0.12016231,0.02886121,0.062049422,0.000766031,0.075264394,0.7470702,0.0018921708,0.027044583,0.6816907,0.3530926,0.20271291,0.5765079,0.28970683,0.24810064,1.0334909,0.34034798,0.11194974,0.076229274,0.0,0.0,0.21734577,0.5930871,0.4964425,0.26625326,0.35989597,0.11005976,0.31336355,0.052855067,0.012722272,0.37919542,0.3442771,0.008024462,0.33996814,0.73181665,0.88082504,0.21320552,0.01500133,0.10128335,0.13192931,0.6446061,0.10802351,0.08974481,0.10869329,0.14076832,0.078971416,0.4716187,0.011575233,0.01352447,0.48315307,1.1758978,0.30364364,0.040758915,0.0,0.4497047,0.0991735,0.047096364,0.15478852,0.0058303857,0.6441703,0.0,1.0255351,0.30846316,0.24799836,0.083536305,0.019340126,0.16379087,0.708472,0.014769502,1.7965381,0.3410443,0.03850423,0.15252696,0.48458725,0.0012324279,0.18444955,0.48071918,0.054284364,0.21345481,0.0035392507,0.06925151,0.30490807,0.080164954,0.16613042,0.09214996,0.4141817,0.6478554,1.0257441,0.7409589,0.5987576,0.22906049,0.03735988,0.06224627,0.21237525,0.3416899,0.14928041,0.5163311,0.31488377,0.015381624,0.5507003,0.32982075,0.29886067,0.99416184,0.21398513,0.3118328,0.06130196,0.10317752,0.19558929,0.43974543,0.28139216,0.083712965,0.20131132,0.42516968,0.16894278,0.18252628,0.8967137,0.03944478,1.3531951,0.29758966,1.7503183,0.0038726502,0.11104191,0.71433,0.4620648,0.23523545,0.10519019,0.3692364,0.8412109,0.32631654,0.07613903,0.74109775,0.19507635,0.3525883,0.047840737,0.24166231,0.17514023,0.1277138,0.20568225,0.54099464,1.6959147,0.42015648,0.9183438,0.30772,0.23623525,0.235432,0.050764,0.063639484,0.2527901,0.35422233,0.12520605,1.8176554,0.58997804,0.75369066,0.26282245,0.095691934,0.30085486,0.23777258,0.19972958,0.9498063,0.075667,0.2424041,0.2972271,0.51047033,0.37248877,0.08778987,0.3037244,0.03869116,0.526051,0.15488392,0.51417744,0.17515516,0.14554887,0.2500949,0.13960464,0.08109568,0.88991284,0.09511458,0.16386572,0.14333095,0.5747777,0.50417364,0.076275215,0.25157616,0.13386002,0.5074899,0.089800924,0.07736774,0.07335507,0.57978666,0.66884893,0.31377655,0.56099045,0.567773,0.074700326,0.70059824,0.042010494,0.011031248,0.15734488,0.0021032444,0.039119814,0.08287674,0.029835194,0.036299385,0.4965635,0.1824548,0.27155614,0.4159974,0.0,0.28822917,0.54765695,0.02949714,0.12808251,0.91866064,0.4324535,0.2536003,0.1371089,0.762303,0.637659,0.24290007,0.38944378,0.38796228,0.86369073,0.297229,0.19533603,0.34410745,0.264175,0.18726921,0.06264329,0.53865075,0.4717653,0.85168207,0.31323084,0.12139407,0.0016321812,0.6025873,0.27033073,0.14051841,0.15217805,0.12964368,0.29084545,0.14115705,0.05058699,0.24552718,0.18779886,0.3987645,1.1969664,0.42759037,0.21838535,0.6974906,0.41166204,0.0,0.26217043,0.22273752,0.4490286,0.96945715,0.18887472,0.3230852,0.38835993,0.0022897455,0.30665872,0.03393343,0.12974241,0.29523748,0.43061906,0.056624316,1.004038,0.1024424,0.20318365,0.38842553,0.04848469,0.2546437,0.22716859
0.23724678,0.0031601381,0.2542389,0.0931859,0.049223885,0.05088184,0.7531131,0.389388,0.16189766,0.23231153,0.17236954,0.054308575,0.24118954,0.28024882,0.121271074,0.061030835,0.044538114,0.4318964,0.31797045,0.2591942,0.29993057,0.1434772,0.1486849,0.017169869,0.11568625,0.29880214,0.14595574,0.22786464,0.25817743,0.9240071,0.13260886,0.29711333,0.16809535,0.21611802,0.3564456,0.12246578,0.15518184,0.34377414,0.07947017,0.04010157,0.4462739,0.22263417,0.15733409,0.17960906,0.051626056,0.0321993,0.3827587,0.04480982,0.11510332,0.29791385,0.8181834,0.43741757,0.78491557,0.19747229,0.04738965,0.292959,0.3221651,0.10826695,0.07298076,0.62666625,0.60149825,0.4286249,0.24975617,0.19477272,0.10617198,0.01891043,0.98330486,0.79161316,0.0797385,0.03837396,0.16058987,0.13970111,0.33957362,0.15760863,0.24172011,0.20773229,0.17605203,0.8649318,0.28628653,0.17972113,0.119083755,0.18277654,0.12776154,0.10375204,0.1825498,0.024544472,0.53078485,0.71340007,0.24401489,0.024166353,0.29087508,0.10712669,0.6109938,0.08797175,0.1077155,0.20711806,0.040719867,0.1397558,0.033639677,0.1161322,0.0,0.6557269,0.21297413,0.21530937,0.03966422,0.25353116,0.14228228,0.32910386,0.03345524,0.22482446,0.071843624,0.020607753,0.10463241,0.10938688,0.45956555,0.11637287,0.013053102,0.18941683,0.5947037,0.2101523,0.18411091,0.07745927,0.0012582904,0.17752774,0.11779857,0.19592106,0.1936942,0.0404834,0.11407262,0.26973867,0.3827688,0.29745084,0.08262347,0.118632555,0.37272185,0.05968433,0.6936939,0.05237651,0.84275603,0.22705597,0.36491162,0.2839421,0.31413925,0.11637816,0.6008457,0.058663763,0.24861157,1.6785358,0.12209614,0.2713764,0.01571486,0.051761545,0.044662558,0.740313,0.5501541,0.45896333,0.09872346,0.054392315,0.90105903,0.07106369,0.11636848,0.19975936,0.7130063,0.1687738,0.022766933,0.5049943,0.14504284,0.082627624,0.14413989,0.47392407,0.27405983,0.39181483,0.031927675,0.19643003,0.14190951,0.06688353,0.6855545,0.11456311,0.3659708,0.32697016,0.64063275,0.36285472,0.17926934,0.13285327,0.30610067,0.17039293,0.10891486,0.10427038,0.43536317,0.48166922,0.01605634,0.013143712,0.01133614,0.24643582,0.0034674911,0.12854455,0.36783993,0.19335139,0.24777749,0.22916251,0.22533658,0.18121047,0.22834435,0.0,0.1713646,0.0751567,0.40647048,0.3809784,0.18700513,0.11671692,0.104772106,0.1737183,6.3560896e-05,0.7247907,0.08188638,0.017643929,0.28283584,0.07022436,0.081741825,0.066818886,0.25178117,0.594923,0.18005812,0.23423953,0.07528545,0.0958807,0.18464217,0.08884859,0.37023064,0.45252937,0.021691674,0.5428457,0.33885807,0.03979302,0.24644536,0.14304653,0.19515282,0.09276212,0.6414169,0.043928694,0.24839985,0.1006028,0.056941643,0.41332582,0.12599072,0.15780078,0.27392992,0.040246572,0.36122495,0.5553739,0.2948472,0.1986739,0.027650915,0.10787861,0.24315582,0.12938683,0.08247837,0.51547015,0.25121358,0.6970283,0.63667345,0.21561407,0.5266863,0.52230954,0.1852545,0.04890567,0.34944278,0.053159326,0.29484335,0.11070719,0.12308939,0.30111706,0.111149944,0.15863858,0.23915735,0.5913558,0.17425285,0.2326806,0.15331359,0.089427106,0.072266996,0.43537366,0.16202995,0.2939132,1.7006788,0.08382098,0.21100517,0.28446442,0.25175092,0.24461877,0.029133577,0.36491364,0.28532982,0.20946395,0.061459333,0.6464719,0.28126335,0.5244126,0.038498726,0.20672315,0.1154106,0.8876229,0.22099468,0.2883857,0.46113807,0.080455706,0.12441916,0.31459346,0.10097611,0.8263006,0.15340967,0.27499807,0.46078688,0.29927066,0.28763905,0.103265844,0.14675348,0.0010793025,0.25877896,1.2791808,0.32268572,0.54177356,0.07904357,0.060757615,0.1321842,0.13869402,0.045298163,0.077411436,0.02807854,0.039484933,0.47220093,0.34665394,0.0964407,0.10871823,0.038653478,0.2828862,0.18280125,0.18927751,0.063779905,0.020816684,0.02901174,0.32394817,0.08985561,0.19850788,0.19822246,0.14592832,0.13981624,0.33468437,0.11301041,0.09802044,0.070359915,0.4032252,0.047162965,0.09113513,0.24284467,0.1815074,0.007437822,0.062437747,0.08769306,0.073432386,0.3139057,0.019249849,0.4110553,0.01600334,0.14220017,0.2544943,0.086432934,0.7725963,0.49144548,0.31306857,0.14026013,0.04345403,0.16789764,0.113805085,0.20153871,0.20957299,0.040505413,0.15586713,0.03864204,0.18024097,0.70500517,0.07318499,0.53017086,0.23478907,0.0063138255,0.16430858,0.21455659,0.11022856,0.07866575,0.27736548,0.08136421,0.243849,0.11657776,0.123533696,0.15268642,0.385412,0.09386531,0.13260052,0.1281935,0.26625985,0.057820924,0.10611286,0.10850458,0.23006067,0.19605719,0.21761334,0.11292026,0.13605578,0.43980554,0.008253121,0.36509666,0.26149282,0.3522637,0.11418677,0.16477963,0.46818098,0.09654264,0.23496045,0.066966206,0.40206134,0.35640004,0.32204187,0.0040260754,0.090022914,0.42967677,0.12823543,0.20283926,0.16400456,0.03468329,0.04188145,0.13304743,0.026704472,0.11542807,0.10607605,0.13182914,0.07131216,0.11793773,0.021183819,0.16636784,0.08719129,0.1265537,0.23822328,0.22091788,0.0790732,0.09070136,0.19321573,0.0525043,0.0728689,0.39368418,0.10889679,0.12993634,0.40095276,0.18150656,0.11964021,0.17545094,0.459871,0.137303,0.17015699,0.31327036,0.15708975,0.022941923,0.120244116,0.34937936,0.22306915,0.058306847,0.028420165,0.49654546,0.47087952,0.007856728,0.26056135,0.4094648,0.35614324,0.091761276,0.22327465,0.060732853,0.351133,0.25095353,0.027564725,0.608714,0.04349082,0.24265185,0.16621846,0.17693636,0.03403677,0.054889984,0.1114675,0.090677686,0.4515858,0.14136875,0.21602288,0.15110578,0.37600592,0.13701247,0.6812701,0.10832498,0.45626998,0.27130902,0.108027495,0.22178125,0.1753107,0.32977661,0.07008945,0.31712478,0.1045495,0.084358975,0.073805235,0.099438414,0.116410494,0.27478015,0.17328686,0.23840515,0.24189734,0.49088222,0.11103551,0.15149607,0.40014815,0.685929,0.25026155,0.107944354,0.08310298,0.19387051,0.094721034,0.11511548,0.2923131,0.08456973,0.22863859,0.3585973,0.3120222,0.520468,0.5435747,0.0,0.18405724,0.23183519,0.27018914,0.0955008,0.6825775,0.06725723,0.44741622,0.03920018,0.22026649,0.11703095,0.10881169,0.13937962,0.10388196,0.08253971,0.022495886,0.4175577,0.08129442,0.11004047,0.2917744,0.009061722,0.15158468,0.02425603,0.050638676,0.27535042,0.20192526,0.16566284,0.14871061,0.13530225,0.053512666,0.11817461,0.29892862,0.08631555,0.23065373,0.39062008,0.32923973,0.3072042,0.28731054,0.52621984,0.16786131,0.32287437,0.1574314,0.22126758,0.006323661,0.49161372,0.091073066,0.14040059,0.06195257,0.3261332,0.1749242,0.07328753,0.15117833,0.15232894,0.05318725,0.13162467,0.18658736,0.5831886,0.12220593,0.06850071,0.19374609,0.0053422432,0.041737556,0.42209736,0.20854285,0.69826293,0.060251452,0.00982716,0.042437613,0.122470655,0.05732681,0.021469183,0.36092895,0.259722,0.21875936,0.07776087,0.14898202,0.1852333,0.07522237,0.5494759,0.065214574,0.009285982,0.17134362,0.16506839,0.053374585,0.07827396,0.08170839,0.04056678,0.08856975,0.021733943,0.22195186,0.18132861,0.27798292,0.0416057,0.054241277,0.03984703,0.035696924,0.13472219,0.16627061,0.039954517,0.33601767,0.053240795,0.09901739,0.09049125,0.07899045,0.08825973,0.54055196,0.19610426,0.2823379,0.092522174,0.14312246,0.050812237,0.84978926,0.19375506,0.18795703,0.10655776,0.041912142,0.019961026,0.72054887,0.031181814,0.1483772,0.15067264,0.19725756,0.20228434,0.16139564,0.3679242,0.08708699,0.11069105,0.1864227,0.0585294,0.056037627,0.22737253,0.08696508,0.10811107,0.09573141,0.06289638,0.030941997,0.3009408,0.088386245,0.17011927,0.2835836,0.08090235,0.271492,0.08495474,0.28683525,0.20364153,0.11870141,0.100086406,0.12856416,0.63747114,0.17762107,0.6779062,0.14129898,0.3042193,0.46505868,0.13741642,0.06807646,0.0560294,0.20631981,0.2917496,0.15202717,0.106236055,0.066936634,0.04097086,0.17466024,0.037858516,0.20129547,0.17198774,0.4064662,0.024288107,0.078563765,0.10125688,0.21080323,0.2730935,0.30538628,0.13279003,0.026731536,0.055972073,0.1901319,0.020023897,0.20207879,0.24335214,0.3505223,0.15842295,0.19347332,0.20534706,0.13649279,0.28265923,0.063075125,0.01642817,0.86227447,0.23912421,0.13651776,0.014279035,0.008626515,0.1216577,0.029461158,0.029872604,0.14558572,0.1562972,0.012652002,0.0808516,0.026548734,0.088076785,0.06705416,0.2727363,0.14497006,0.2579528,0.01858684,0.11881656,1.4386063,0.020753035,0.07611535,0.16964625,0.123031676,0.1659746,0.034169085,0.07606115,0.21236412,0.14910159,0.14018333,0.13016638,0.15778095,0.35111755,0.6969308,0.32252628,0.19549102,0.07574249,0.14389852,0.07213362,0.05865898,0.32248968,0.23570165,0.056872215,0.037536517,0.006779269,0.1681359,0.9738279,0.28301972,0.11299126,0.102333084,0.3528852,0.10114443,0.11796331,0.0,0.21128371,0.046272926,0.047286004,0.15694916,0.5258784,0.2707181,0.022796914,0.47494102,0.13535987,0.21168272,0.26266328,0.60362154,0.5434585,0.44228733,0.07268491,0.8973098,0.24537848,0.83107466,0.18317065,0.33722478,0.22831532,0.13408579,0.42627612,0.17572334,0.15573815,0.216098,0.11903852,0.31583178,0.2885443,0.19114412,0.09427449,0.14490458,0.20955287,0.31561714,0.09133668,0.13959698,0.109145276,0.03168068,0.0071281083,0.21049383,0.06815738,0.24099694,0.31674927,0.15222575,0.043965064,0.256086,0.07931164,0.22364691,0.41461217,0.17999646,0.014175714,0.030218955,0.08797592,0.6458137,0.424184,0.050550386,0.2176554,0.29861057,0.16932277,0.10498555,0.45742294,0.113508984,0.09863524,0.26726636,0.10980097,0.15223165,0.0006761486,0.22635204,0.23871246,0.04741954,0.48927826,0.4444848,0.3244819,0.16888542,0.08253358,0.044510238,0.11769953,0.12604402,0.12495907,0.09573175,0.2300229,0.21705174,0.19259968,0.22685832,0.14187367,0.32038695,0.20255232,0.26983455,0.05087128,0.5220048,0.02169595,0.23656042,0.43346682,0.1391561,0.17318496,0.1035068,0.031354763,0.13693589,0.114704505,0.10394779,0.071973845,0.2831342,0.2539444,0.046054125,0.048588447,0.13658682,0.21339788,0.0987353,0.26062274,0.21772078,0.2707196,1.7725528,0.032557257,0.40390244,0.21652097,0.51062095,0.22333708,0.013571639,0.027708834,0.32104874,0.19469237,0.14737986,0.12135188,0.03563253,0.21987085,0.25765273,0.012507227,0.08580327,0.17122963,0.14740148,0.07122128,0.089931674,0.09615916,0.24829718,0.13926853,0.15220095,0.1090164,0.4358195,0.45012972,0.15372905,0.060247317,0.09783964,0.5787958,0.19866186,0.09637232,0.022547442,0.14410567,0.06760989,0.05301508,0.38762093,0.10743717,0.48252234,0.25879604,0.1804893,0.105878994,0.054512337,0.28643268,0.3377427,0.14740565,0.0679102,0.2072716,0.27065027,0.064296596,0.13894555,0.06014213,0.11729738,0.063798636,0.08693424,0.3048483,0.18883196,0.25129396,0.2670814,0.06143695,0.08418826,0.38201848,0.27026933,0.3097633,0.089468,0.12775004,0.13008577,0.42840523,0.1219098,0.51551104,0.39470458,0.06245685,0.09393147,0.13801736,0.05606211,0.24342598,0.090501755,0.17322998,0.29226676,0.21098585,0.08307804,0.12830248,0.03857623,0.058474552,0.27096266,0.108283766,0.3052404,0.29474312,0.12872833,0.23562998,0.35505235,0.17245546,0.06771158,0.18698105,0.0706641,0.28011927,0.021284625,0.054555148,0.13026512,0.34267032,0.45524105,0.0537223,0.0637781,0.27540004,0.24720058,0.4633076,0.14904913,0.0072755935,0.25997615,0.15246339,0.114487335,0.076841936,0.30727005,0.42872846,0.070664555,0.24871676,0.7784882,0.13240658,0.1167152,0.030964423,0.0084599005,0.4554708,0.15048866,0.060591105,0.38875908,0.13251902,0.035097286,0.022931686,0.30977598,0.058270432,0.37744617,0.024597995,0.07310244,0.42388865,0.026671387,0.15152901,0.20348981,0.8534092,0.22295536,0.15043664,0.45142028,0.13272117,1.1404338,0.12898546,0.5571191,0.73686457,0.24056411,0.44642082,0.30419847,0.6414633,0.18153019,0.31077084,0.12599286,0.57939756,0.06502144,0.49244976,0.022479216,0.49583834,0.10842921,0.29595736,0.3594784,0.29693663,0.03754332,0.092778385,0.07390296,0.03889339,0.025391068,0.52050215,0.06162697,0.12706299,0.19309413,0.37097657,0.25018138,0.3917789,0.26692194,0.032281026,0.034524374,0.7220925,0.42042336,0.06647851,0.5097332,0.06752196,0.0065845894,0.00078340515,0.19706216,0.21601072,0.30188954,0.06746949,0.38903928,0.036335953,0.25087366,0.3121072,0.06343841,0.028288882,0.1814729,0.5018267,0.24093132,0.44672415,0.102858245,0.017407527,0.10649122,0.091642745,0.39885914,0.061068077,0.09461146,0.047812954,0.027598184,0.5159377,0.30029595,0.22045682,0.07337141,0.12212406,0.14661223,0.6076476,0.12088589,0.13091607,0.05097042,0.22059642,0.032792132,0.07820757,0.2665738,0.39765495,0.17573643,0.24698436,0.48854265,0.399902,0.05283975,0.6578703,0.14327528,0.5163949,0.20870772,0.15510708,0.1282961,0.17663042,0.93678045,1.0256869,0.4200286,0.049166787,0.04497414,0.008158864,0.08843461,0.2235028,0.16511197,0.3812157,0.08600686,0.07409691,1.3970823,0.115518674,0.8407087,0.2589567,0.056031026,0.04894058,0.43460533,0.11837358,0.03469422,0.12793162,0.22182629,0.19490373,0.80191684,0.02389884,0.23953798,0.15293337,0.3924187,0.64514256,0.20879535,0.307998,0.89523244,0.048473306,0.16400206,0.025431354,0.03884259,0.36447817,0.036752693,0.3018909,0.18873699,0.14517033,1.1389012,0.36182523,0.6160537,0.2924462,0.003074837,0.23588476,0.5133797,0.45036376,0.05382429,0.03359772,0.07520646,0.30263838,0.08700003,0.3182984,0.351233,0.3882892,0.26033372,0.3958064,0.28960133,0.09359561,0.34621128,0.268087,0.13507542,0.21091507,0.044532083,0.03693116,0.023952965,0.10041867,0.11473834,0.27141762,0.5909105,0.21103325,0.032463312,0.17115879,1.7376199,0.32671952,0.34207395,0.3402394,0.0029601473,0.09835107,0.21570006,0.2462798,0.87298214,1.2343621,0.2576213,0.017665522,0.12231353,0.06356825,0.09148646,0.07152759,0.3576658,0.0736517,0.04413996,0.2722863,0.038922034,0.64746666,0.11686762,0.3935138,0.46390587,0.061544124,0.3141117,0.019665645,0.101885885,1.3229425,0.48932457,0.08863425,0.6322495,0.07555814,0.53011197,0.60113955,0.00090431294,0.7236751,0.72271115,1.0429757,0.16277987,0.028529396,0.09772007,0.107006386,0.15863216,0.03337065,0.039759442,0.03550909,0.1143045,0.045968875,0.95018524,0.24754545,0.22444573,0.09539548,0.1732405,0.08000246,0.0,0.115609,0.7343447,0.20783405,0.15380313,0.11720685,0.08082159,0.11073793,0.17888433,0.24276197,0.04253953,0.14297444,0.5966108,0.23536682,0.1936106,0.31448326,1.0020007,0.24892402,0.03456577,0.0,0.61245453,0.27173102,0.5284908,0.1853466,0.01202799,0.15629598,0.70221967,0.0066993237,0.15550032,0.65907085,0.00044323888,0.67021984,0.22403872,0.42963403,0.17874186,0.10927803,0.12473968,0.17938536,0.9249128,0.68398124,1.1929176,0.50280297,0.02673963,0.19200239,0.05691619,0.04591287,0.7633415,0.22402243,0.72313607,0.04108357,0.10648484,0.28199923,0.14906298,0.5795301,0.2367494,0.14248918,0.2277343,0.0060856496,0.06976674,0.2979511,0.27420166,0.24195117,0.6506415,0.31494963,0.09257159,0.3142158,1.1136255,0.019782327,0.51847994,0.65663815,0.0736806,0.19072802,0.026372548,0.2967654,0.42148376,0.44249913,0.24059632,0.6260166,0.21325375,0.07829705,0.15589786,0.41769403,0.37008506,0.040263228,0.011387607,0.0011439252,0.02957885,0.09301379,0.28604078,0.117181584,0.2217546,0.6472261,0.1959371,0.7673018,0.33242595,0.44439614,0.8105985,0.6425979,0.06776154,0.1448786,0.5405402,0.21035635,0.09958095,0.18220009,0.27328247,0.037842203,0.13325311,0.020565951,0.7237408,0.2649169,1.0975069,0.39242467,0.21542698,0.06519982,0.0239201,0.4662757,0.095842406,0.031963922,0.06331216,0.37890714,0.40489823,0.4741519,1.2066436,0.48407128,0.25485995,0.22704148,0.3174972,0.17440236,0.03999403,0.0037589974,0.06985002,0.472524,0.002540591,0.0061097853,0.08067936,0.05593071,0.08916267,0.16888525,0.03357506,0.41012365,0.11492337,0.10369422,0.361148,0.4372543,0.00045010366,0.28703225,0.12703335,0.0135647915,0.18696389,1.6302252,0.00050260127,0.13952303,0.108517356,0.53308487,0.4635815,0.057806335,0.26094157,0.01229469,0.4854653,0.044803858,0.38561043,0.13515991,0.23624322,0.062751025,0.07678815,0.22375487,0.06488718,0.21908477,0.10519872,0.38111025,0.08186019,0.018703632,0.022732288,0.004102412,0.21775287,0.0,0.12959431,1.0796821,0.08912665,0.13280223,0.86707616,0.32933068,0.014046086,0.4093742,0.18390048,0.10130347,0.17976956,0.004870968,0.7083397,0.035734296,0.23666815,0.4121522,1.0229514,0.009571144,0.18778475,0.74024636,0.043518774,0.62846345,0.1424974,1.4111689,0.057448868,0.023091495,0.0,0.12178227,0.38802433,0.39549202,0.47631693,0.12185234,0.21257722,0.06762621,0.022234797,0.14388664,0.02458246,0.022842685,0.1634892,0.33363217,0.07245195,0.28078336,0.103765294,0.5633975,0.10714072,0.034120597,0.01738817,1.1075777,0.48827618,0.3229032,0.0843215,0.13633226,0.9029737,0.73985755,0.31386346,0.30989677,0.0,0.11088266,0.03562598,1.3217425,0.013460694,0.0,1.7616401,0.021807235,0.013110295,0.7748352,0.21714053,0.6999377,0.8356473,0.613833,0.34376115,0.6837185,0.17041108,0.0032418948,0.27124473,0.3273388,0.3506021,0.7282382,0.3793255,0.0154694095,0.6881821,0.35287386,0.002744355,0.41948825,0.08305583,0.0034263176,9.635142e-05,0.47848195,0.021169504,0.34181184,0.15526754,0.008205047,0.3206519,0.20816588,0.09642212,0.39847863,0.0016416403,0.015584439,0.056112707,0.38206878,0.2072223,0.10663819,0.4173378,0.07542718,0.5146507,0.65074146,0.008959603,0.058287974,0.34728876,0.07945249,0.5004922,0.32580084,0.006750332,0.072847456,0.021835417,0.33116758,0.514617,0.14293331,0.028069086,0.42534408,0.21467744,0.43469214,1.2920722,0.09919074,0.105314896,0.18184671,0.0,0.22549552,1.1217148,0.28541052,0.5866474,0.069738775,0.16340725,1.012838,0.26369876,0.010690293,0.6600393,0.5190237,0.48486635,0.14758666,0.056401912,0.25442472,0.55529296,0.13260032,0.31559265,0.5061321,0.047200516,0.48496002,0.28388712,0.35323685,1.1204503,0.012766277,0.13773185,0.120801724,0.53034574,0.139102,0.346713,0.37415266,0.5418064,0.5136393,1.3674242,0.39775312,0.23629323,0.31115448,0.3372162,0.051693827,0.86494946,1.3715756,0.19152817,0.27635574,0.17817149,0.3531927,0.0,0.057836894,1.1791904,0.07330389,0.19992097,0.49502766,0.048081607,0.076345295,0.23637766,0.40326536,0.6272739,0.28558296,0.0067397878,0.017370688,0.023252577,0.28099662,0.16155025,0.0072361743,0.30758178,0.6552382,0.91765445,0.47750258,0.6404855,0.6957003,0.085019186,0.18248528,0.087005466,0.16984406,1.445693,0.24614061,0.12745553,0.020049877,0.35230976,0.05534345,0.034129314,0.26085103,0.17326885,0.20862456,0.025503237,0.48035488,0.83367264,0.47502688,0.30413932,0.0037750336,0.27163914,0.035601746,0.007329004,0.19045259,0.42391622,0.15344137,0.4624737,0.058512855,0.3176776,0.30075958,0.71462446,0.18603602,0.28046492,0.24701191,0.0020228315,0.046042405,0.41017222,0.8358798,0.096661046,0.029119954,0.02483574,2.2311215,0.6858051,0.9126053,0.3192579,0.24330646,0.008595684,0.055845656,1.1885234,0.17718643,0.42127466,0.94983864,0.015101553,0.2180283,0.55998135,0.087780386,0.07731369,0.007749503,0.58827627,0.44550657,0.011484211,0.0030205857,0.4823677,0.06651905,0.04977465,0.10938824,0.4517393,0.108546995,0.09403819,0.40355307,0.63144064,0.05856259,0.8490401,0.0,0.32069635,0.2913105,0.09838094,0.52622,0.0010586007,0.31871918,0.19507012,0.43798414,0.017300174,0.5679145,0.008978696,0.60354596,0.12857988,1.3012954,0.6275543,0.535374,0.41905195,0.5161773,0.061603926,0.2819717,0.10819266,0.084881306,0.06479978,0.3739215,1.1536782,0.87045926,0.20987302,0.12117971,0.2627858,0.34505188,0.48649377,0.36692694,0.027102504,0.015484121,0.3586651,0.009123899,0.09366632,0.077326834,0.41240266,0.64837086,0.0035729154,0.27416408,0.14905411,0.32133737,0.1538504,0.2724973,0.24728449,0.7304603,0.34375638,0.2133596,0.3071435,0.6635053,0.15084204,0.28250265,0.58025205,0.0,0.23706645,0.1416606,0.50503635,0.13459484,0.07169604,0.09601874,0.057916097,0.22728261,0.013429715,0.27756354,0.2845285,0.43803078,0.0028842194,0.16782391,0.0,0.027598154,1.2958049,0.045778282,0.03428814,0.068088114,0.5226351,0.28027594,0.15544912,0.0114528,0.046734456,0.0025877017,0.0669213,0.8535396,6.300329e-05,0.046414275,0.71960145,0.4647371,0.32192528,0.59771544,0.23472443,0.27413914,1.0153705,0.3597179,0.09973457,0.10460539,0.0029557454,0.0036043054,0.24768458,0.5535028,0.49944335,0.32756737,0.3837481,0.11319977,0.32882088,0.041918892,0.016960949,0.3943622,0.39782515,0.021620601,0.4194082,0.77446985,0.93930435,0.2635939,0.02724744,0.1229739,0.12768477,0.68772006,0.122214615,0.13108227,0.15935227,0.13142976,0.06676617,0.44146118,0.041101873,0.024812069,0.518116,1.1949401,0.27305207,0.04007367,0.001234831,0.5661443,0.11785543,0.039838072,0.19302528,0.011539884,0.7694732,0.0,1.1252998,0.29211038,0.27996182,0.10546963,0.016141664,0.1406178,0.7534833,0.024176931,1.8051972,0.3635121,0.034793958,0.23605543,0.50651133,0.007897479,0.18325633,0.4401477,0.08466607,0.2631554,0.0051444215,0.082750455,0.28128725,0.05523751,0.12978809,0.09138262,0.3781097,0.5893849,1.0747944,0.86606705,0.5344668,0.22460124,0.015808117,0.06665086,0.18605775,0.42039394,0.14017278,0.59147036,0.29777113,0.023831181,0.5390211,0.3580674,0.27806312,1.0957202,0.15810776,0.30347568,0.03859272,0.11997666,0.1777196,0.46402162,0.3231867,0.060049944,0.23256223,0.43874812,0.1657208,0.1868208,0.8093754,0.038712963,1.4265077,0.2866246,1.7776253,0.0054448526,0.090247445,0.74648905,0.41796976,0.20234141,0.09608319,0.39726508,0.8383319,0.26677263,0.08746585,0.70754623,0.19773746,0.35895476,0.05595198,0.24618615,0.13522843,0.17034999,0.1780626,0.50171435,1.6951282,0.40930176,0.9169966,0.32423538,0.24494843,0.2222906,0.054647908,0.05261679,0.25283915,0.40948015,0.11627512,1.845801,0.6389631,0.8361082,0.30020273,0.09480667,0.33509636,0.20552576,0.23313102,0.94392955,0.12701425,0.21926966,0.2778796,0.52346337,0.3676982,0.08742237,0.30804145,0.01993803,0.52137184,0.14168607,0.5604358,0.11524676,0.15358487,0.24543338,0.17075232,0.0445512,0.97681725,0.05631068,0.17406644,0.14241031,0.6462353,0.47305384,0.061297007,0.24132761,0.113491915,0.5343381,0.118445665,0.053920627,0.06539341,0.5449927,0.68874156,0.33167434,0.6378857,0.53708136,0.0689341,0.72933877,0.033432424,0.011250374,0.13288133,0.0008798064,0.023344653,0.08892216,0.07093217,0.049469586,0.46973205,0.19493788,0.32175416,0.32663238,0.0,0.29767483,0.5351566,0.022247659,0.10727013,0.93732786,0.39329183,0.25728434,0.15622464,0.7628169,0.609349,0.2360917,0.44461793,0.3878742,0.9387686,0.3279095,0.20628685,0.3595544,0.25969663,0.18976977,0.06634785,0.6255258,0.52328706,0.8876685,0.37065458,0.105210036,0.0006078038,0.65751755,0.2543699,0.16301933,0.13466436,0.12697718,0.2903989,0.16992176,0.056393255,0.21134377,0.20965198,0.3685598,1.2260661,0.48293042,0.19150946,0.76694185,0.3265097,0.0,0.24467477,0.2133214,0.48542148,0.8548789,0.15184344,0.330171,0.35639745,0.0,0.31398445,0.011098687,0.112421505,0.31622258,0.43399873,0.054535173,0.94957894,0.0620732,0.2776971,0.42155844,0.028049216,0.21565434,0.18721926
0.32922316,0.042010643,0.51980084,0.10570939,0.0818602,0.031131359,0.6436584,0.44575426,0.14243147,0.32363093,0.18241704,0.05574041,0.3465673,0.2626851,0.21425556,0.082560234,0.042350177,0.3982314,0.21638732,0.5697791,0.31368,0.24409041,0.15539856,0.03340373,0.12563014,0.3123427,0.15685365,0.27009523,0.22779295,0.9615636,0.13342145,0.24163145,0.17608818,0.41482842,0.35987964,0.13655874,0.15935698,0.26078722,0.11066963,0.03981491,0.46631572,0.19958529,0.14815764,0.28745216,0.056309246,0.03694183,0.41937226,0.043410942,0.1056401,0.22339942,0.71698165,0.30034447,0.8737137,0.26239452,0.050560493,0.1891511,0.4168204,0.12964617,0.06325318,0.7085372,0.6528187,0.45290038,0.38564494,0.31084955,0.138073,0.008291674,0.9949081,0.76459086,0.089605615,0.052544948,0.16370252,0.062606,0.6204028,0.19744116,0.23775557,0.3031211,0.17759065,0.9432785,0.34149447,0.13328883,0.05703742,0.21536225,0.17046799,0.08288318,0.11024135,0.02154937,0.6340052,0.7490899,0.18979113,0.008659095,0.24618343,0.13549773,0.5965446,0.09693542,0.10743557,0.24865054,0.11683357,0.28674048,0.13273865,0.11348361,0.0041654324,0.8269448,0.27116194,0.37869975,0.08434868,0.21167794,0.32423723,0.33895755,0.05540213,0.25000972,0.27343634,0.018296927,0.11916147,0.16933297,0.57940733,0.08604376,0.025408952,0.2097171,0.5708702,0.22691076,0.16606598,0.054750755,0.003646833,0.18053313,0.1635807,0.2082667,0.08073056,0.08593483,0.15936708,0.3019061,0.4431876,0.35170525,0.16858837,0.16894582,0.52403164,0.0619969,1.0024035,0.06475847,0.7982576,0.24466234,0.32811934,0.31528592,0.33757627,0.08585775,0.6957163,0.10561782,0.45141,1.9206514,0.09651703,0.32501855,0.015273227,0.0925256,0.08552439,0.8437346,0.6139471,0.65198284,0.12236685,0.07923207,1.0157708,0.13198873,0.2234588,0.29564244,0.75843674,0.19293173,0.068041585,0.52713025,0.1380269,0.15521565,0.21581623,0.44351274,0.3241545,0.61990243,0.113123715,0.20774996,0.18015186,0.1458718,0.75970715,0.15723625,0.3509593,0.38450348,0.7606252,0.43717548,0.20327379,0.16158704,0.33461735,0.24120516,0.19766934,0.09564069,0.4737879,0.379772,0.018370043,0.028260892,0.030062675,0.3528905,0.021005474,0.1280571,0.4348766,0.23144583,0.2952768,0.45945686,0.2854274,0.1866686,0.19352102,0.0024019743,0.25538713,0.07916586,0.455114,0.43518096,0.22987792,0.13287698,0.048704498,0.26074862,0.0036317925,0.8458679,0.08576773,0.04395906,0.3679122,0.0931745,0.06826939,0.08790919,0.22599751,0.82654536,0.13003269,0.19602773,0.067159384,0.11309807,0.14095226,0.086487554,0.3550614,0.45149612,0.008817843,0.42077267,0.29026437,0.029939944,0.30973095,0.14570443,0.30579245,0.24584459,0.57711864,0.0847527,0.21559642,0.06748879,0.17090182,0.39104813,0.23096104,0.26486135,0.29662687,0.029980168,0.4531427,0.58319074,0.3363993,0.20987254,0.018618004,0.14341918,0.31506088,0.050540738,0.036647342,0.4986338,0.4210429,0.76015425,0.66982156,0.22830772,0.4417263,0.6915411,0.14473397,0.165859,0.46911505,0.06658174,0.30144274,0.13172546,0.14669755,0.2641266,0.11580523,0.15830195,0.30691198,0.6309034,0.13251343,0.42250818,0.31166255,0.05845614,0.14994559,0.36643714,0.20815253,0.28810045,1.8403172,0.20421754,0.13770927,0.2368374,0.31491792,0.29760873,0.06267466,0.53748715,0.3374528,0.14807683,0.13098833,0.7219541,0.30842432,0.51390755,0.17744067,0.38773814,0.11797047,1.055804,0.29568976,0.4072816,0.45334327,0.09429523,0.19037889,0.36605394,0.18921536,0.9190912,0.17949805,0.3160001,0.38846168,0.36977607,0.30763608,0.14389001,0.15717751,0.0012018646,0.34689075,1.2400274,0.43096235,0.4704157,0.05788797,0.04192345,0.12408757,0.23984995,0.057368867,0.038627006,0.029945698,0.07744644,0.55531913,0.50381756,0.15586169,0.13575844,0.017822443,0.19211683,0.3511153,0.34456307,0.01679521,0.047236234,0.03355351,0.3999529,0.16422486,0.19004506,0.2041569,0.12195992,0.0949423,0.33609003,0.0875933,0.035899423,0.037200358,0.4330108,0.023368193,0.066863894,0.46496055,0.35321268,0.03824305,0.0948261,0.020886507,0.064169735,0.4606554,0.0105040725,0.27285695,0.0010391108,0.14084041,0.45258954,0.17674564,0.97128093,0.8533019,0.52548975,0.24944915,0.11891865,0.17335045,0.16610521,0.13755545,0.30851525,0.039212883,0.11774652,0.11398208,0.25704414,0.5763783,0.18345872,0.4946254,0.3798517,0.054865748,0.19846305,0.1670369,0.30503702,0.04979968,0.46051562,0.10146354,0.33058438,0.16801742,0.14649159,0.16730386,0.9638396,0.04901401,0.2103833,0.14004351,0.38097185,0.11072254,0.16739832,0.15073249,0.4125114,0.1830758,0.34368622,0.18666458,0.18079782,0.46942323,0.00907157,0.41739523,0.20995796,0.38659364,0.1912288,0.26371545,0.59591794,0.13901633,0.3040885,0.21531636,0.39713424,0.25520557,0.53193414,0.0071023516,0.04836878,0.4462496,0.2576571,0.22244355,0.28071526,0.08753021,0.05729216,0.17776494,0.06877946,0.17553517,0.22229773,0.022967536,0.086009175,0.2392643,0.025105495,0.3107605,0.040137526,0.08480009,0.26075783,0.20047057,0.071136415,0.030750599,0.44949064,0.33238277,0.2671314,0.398295,0.096073546,0.14942302,0.39652133,0.20936202,0.051278383,0.22575033,0.57512736,0.24644819,0.28501868,0.3681437,0.18152502,0.055957593,0.19737428,0.28800213,0.38011646,0.058855355,0.0803992,0.6930959,0.6843169,0.010525031,0.31641132,0.5322705,0.3540651,0.15147717,0.22023775,0.108205386,0.6592655,0.43394795,0.075726345,0.70949316,0.024849609,0.23839709,0.25655308,0.1329724,0.06844052,0.12387978,0.115590714,0.020867705,0.46733594,0.28784811,0.21815324,0.12545906,0.49199015,0.10449538,0.7371485,0.1636602,0.4102149,0.25360018,0.0623788,0.29227656,0.10761469,0.25935394,0.14262003,0.26164827,0.17274128,0.2441322,0.016676283,0.09589743,0.22512847,0.4250735,0.32748055,0.27778506,0.28369272,0.37262055,0.09588988,0.29177946,0.36818963,0.7993975,0.40955514,0.19594736,0.16347039,0.3173172,0.20011404,0.17137818,0.22385462,0.17283839,0.09759818,0.402071,0.28962547,0.7152673,0.71303844,0.0015478804,0.11740899,0.3155626,0.3927847,0.19054884,0.6801885,0.12232172,0.5430755,0.07336966,0.3914039,0.17142874,0.109612964,0.22766021,0.075167045,0.038417224,0.033627495,0.4369234,0.07283366,0.38745978,0.2676463,0.03219476,0.10987239,0.013089314,0.021233749,0.4325623,0.3137074,0.3016177,0.22627321,0.17306735,0.01906705,0.18107511,0.1983009,0.07433456,0.5719027,0.48317733,0.21297392,0.28461224,0.2517617,0.5807118,0.14326978,0.4639057,0.26595888,0.33188695,0.032752268,0.4654628,0.11722515,0.14269295,0.10778113,0.35086358,0.19141082,0.06939832,0.2773121,0.1632705,0.039838597,0.12017379,0.28836286,0.66378987,0.18415815,0.029560164,0.32606214,0.010440491,0.04494908,0.6261283,0.23552698,1.0790045,0.07271229,0.030526742,0.22197512,0.22622755,0.09507054,0.04385274,0.3790943,0.29547477,0.41717017,0.07704994,0.200193,0.09143746,0.11716503,0.4930818,0.056363776,0.013235193,0.22499162,0.1791031,0.02725231,0.03307417,0.17284016,0.04912041,0.08659364,0.14763986,0.34542376,0.3322285,0.42808384,0.008669273,0.18415758,0.0691275,0.036278494,0.19921097,0.19027695,0.034606386,0.49270493,0.042052362,0.07402976,0.072358,0.051854633,0.23707479,0.48123595,0.21661487,0.3346644,0.047233626,0.12689236,0.080544725,0.95133483,0.2696551,0.24045573,0.07114706,0.019442918,0.06786947,0.8051232,0.054940846,0.2017406,0.20932376,0.30513364,0.29769468,0.26783726,0.4519009,0.16847906,0.103744775,0.19854945,0.1379551,0.08939005,0.2854938,0.15149835,0.13396665,0.10836946,0.11675648,0.026444795,0.61248624,0.07439698,0.2494622,0.29860935,0.09225106,0.4262632,0.087458126,0.25496364,0.12245974,0.17330073,0.10231305,0.16531022,0.47541803,0.23063989,0.9027264,0.12984501,0.3586989,0.70956624,0.06862656,0.10808112,0.07127839,0.19735126,0.36525583,0.24417752,0.091615476,0.07832125,0.077220604,0.20519938,0.05735865,0.12793717,0.2321686,0.6317183,0.058344252,0.059693635,0.16058028,0.35350525,0.34219068,0.4313237,0.15071982,0.004203327,0.072062775,0.15565713,0.05438693,0.2863328,0.36218625,0.4430734,0.16353264,0.121960446,0.14598519,0.2233203,0.34945038,0.06613384,0.13831468,0.8601605,0.2836659,0.35425884,0.0010038373,0.03285557,0.05417265,0.018770702,0.04079642,0.20195995,0.1773651,0.020924214,0.017106727,0.030921044,0.13661209,0.14868124,0.27199745,0.03645801,0.38633755,0.016138384,0.11938757,1.0662832,0.01021605,0.037149936,0.22061497,0.1292338,0.11692341,0.03027905,0.13419285,0.08011515,0.032199394,0.14577991,0.09689507,0.2413426,0.6385329,0.90078896,0.3308666,0.37210548,0.07876568,0.27245888,0.051708654,0.018705308,0.25400952,0.5765336,0.05046466,0.09363823,0.010734311,0.22584349,0.8687642,0.4056807,0.12004088,0.36599654,0.31284705,0.07044465,0.29661673,0.0,0.15528215,0.2253311,0.014809112,0.14197578,0.5041199,0.31443143,0.11980723,0.45471603,0.27295423,0.23647438,0.44206625,0.6091642,0.4520953,0.48313382,0.0661896,0.72285247,0.24188155,0.98561835,0.42664278,0.2359616,0.3454312,0.09047918,0.44831988,0.47605768,0.18788211,0.37725538,0.24798998,0.36289442,0.24659523,0.25547048,0.13126427,0.30663177,0.2789061,0.5350448,0.0264992,0.19697255,0.10642004,0.039626475,0.006291931,0.11013643,0.052081287,0.1681194,0.6459118,0.14357525,0.039063253,0.37382972,0.08950817,0.2612499,0.4761544,0.16424087,0.07522564,0.033470012,0.054882832,0.8178262,0.67686135,0.0153243,0.36284667,0.20391311,0.14462596,0.10761062,0.8700254,0.11316301,0.23001695,0.28008154,0.25201085,0.4361683,0.0062548164,0.30447444,0.114758104,0.12764198,0.6538656,0.638553,0.3768864,0.31991807,0.09092273,0.10729926,0.09646408,0.17388898,0.115012795,0.0740064,0.45844138,0.25905046,0.42936766,0.4735471,0.055243053,0.37984335,0.20013231,0.2560269,0.007109888,0.45006776,0.014502199,0.23657845,0.7354816,0.044123523,0.30514014,0.13618338,0.08908978,0.096518785,0.17271665,0.3709979,0.17484745,0.21650016,0.21804039,0.048169456,0.08180319,0.22297469,0.21167427,0.066725135,0.36022377,0.39347857,0.31087005,1.5196371,0.027471278,0.24778956,0.30374515,0.6645197,0.28152707,0.004193969,0.0048358585,0.35115096,0.20408157,0.34647804,0.07114889,0.03861787,0.0884645,0.22239137,0.15829188,0.036307182,0.18709917,0.15811282,0.023722619,0.09473492,0.14154792,0.34370148,0.21806705,0.22691694,0.047064155,0.4456224,0.66428894,0.21266127,0.1110932,0.15588513,0.642923,0.43161723,0.2289516,0.055723876,0.06334229,0.074416995,0.05894945,0.34630328,0.18912134,0.6407602,0.38949198,0.47252393,0.10227393,0.14367959,0.38860893,0.4394485,0.064862974,0.0946177,0.28592193,0.40373132,0.1347651,0.27886266,0.085094176,0.26955152,0.049338136,0.1222799,0.21254995,0.32392675,0.36142197,0.23679283,0.019559793,0.22921307,0.512963,0.44991428,0.3727376,0.084874704,0.14213383,0.2640158,0.47684908,0.2435351,0.6276293,0.38401812,0.071904704,0.17994645,0.3198981,0.06414883,0.22653094,0.08964876,0.22313398,0.3358544,0.35894215,0.12870353,0.1698395,0.10296899,0.0067919875,0.20033547,0.09068649,0.44835114,0.34777138,0.2501847,0.31964305,0.41332233,0.11784543,0.07221369,0.324059,0.30674624,0.4219138,0.040872924,0.09325333,0.17835058,0.52559507,0.5783526,0.03696315,0.005680244,0.3811025,0.30994192,0.5504803,0.08858794,0.01744134,0.17618814,0.2891125,0.18602778,0.048733607,0.4845972,0.46073955,0.20763516,0.25178653,0.81070673,0.21540424,0.27816936,0.042908154,0.011818828,0.3945036,0.16826463,0.05569515,0.32169208,0.3899073,0.051008653,0.042833284,0.6033238,0.03426154,0.5230088,0.057087652,0.1687636,0.35694632,0.023807362,0.18405457,0.14480063,1.0332386,0.32330805,0.19973671,0.39793274,0.072022334,0.9166466,0.08479413,0.83571887,0.88589203,0.30956316,0.63872254,0.40767553,0.45680037,0.23314361,0.43057105,0.21358187,0.42857665,0.07635781,0.4177639,0.048007354,0.61385894,0.4082194,0.17273925,0.31145906,0.26964173,0.03741997,0.3100524,0.086058125,0.023349805,0.056237713,0.5248799,0.1812588,0.09259784,0.37703586,0.3209745,0.1775672,0.39908493,0.4285276,0.05627745,0.05747004,0.7128768,0.2784284,0.036871944,0.5439898,0.025286362,0.011945651,0.0071992236,0.46227664,0.22601162,0.33171988,0.030798871,0.41517144,0.05066444,0.19991978,0.29906213,0.12224973,0.039616205,0.20537241,0.60557663,0.27980438,0.4640916,0.09640175,0.041916266,0.07864512,0.1912035,0.45861238,0.08893242,0.16821954,0.07863754,0.08503358,0.4904518,0.39929333,0.2527232,0.125294,0.048031915,0.053028256,0.37901074,0.09184618,0.1672112,0.09193911,0.37138915,0.013818333,0.09517887,0.28681052,0.28591925,0.056799125,0.051572584,0.3368625,0.543295,0.04663258,0.4657011,0.17954749,0.4198808,0.26481366,0.07648564,0.10232014,0.17312595,1.0517967,1.00614,0.40312582,0.25301427,0.06330983,0.10581051,0.105223626,0.3118811,0.14872545,0.33392012,0.031783454,0.1723316,1.4999998,0.083499,0.8495574,0.15675445,0.02154294,0.015548675,0.41971916,0.084276676,0.2561028,0.12294957,0.28322417,0.089824215,1.2044219,0.24454427,0.5082997,0.21085484,0.45787287,0.61197484,0.084118485,0.18055062,0.9632409,0.0746312,0.13050577,0.048494756,0.022374135,0.4397645,0.11495555,0.21710336,0.36376834,0.24035417,1.0715622,0.3898369,0.83802485,0.32868123,0.01348926,0.31944424,0.6276712,0.37266064,0.08143754,0.037241764,0.106060185,0.28831065,0.06212451,0.30781084,0.5304225,0.317993,0.1532869,0.46895716,0.37116107,0.17491364,0.24908192,0.5086537,0.21099894,0.2049983,0.039678063,0.08881039,0.13997197,0.25556073,0.20669124,0.4052207,0.5345801,0.24793866,0.07161173,0.31925285,1.7779242,0.34082392,0.2101759,0.5503381,0.012108229,0.119600914,0.080538586,0.10461994,0.994931,1.0868937,0.2210521,0.13518147,0.10474025,0.07247334,0.1183645,0.05397083,0.2714266,0.031919666,0.06724843,0.17145585,0.09858933,0.3983996,0.08848089,0.36132932,0.38636634,0.083864555,0.23610693,0.068635896,0.19355348,1.4411774,0.56418043,0.22748166,0.6921154,0.028569585,0.6674528,0.70474887,0.0,0.6199409,0.5042751,0.7591449,0.2274965,0.03261756,0.095646724,0.25673985,0.18289164,0.010037046,0.034795895,0.01661914,0.10265595,0.05808826,0.9579225,0.27479583,0.30604544,0.029282698,0.28434876,0.1408528,0.004531266,0.084228575,0.92267954,0.13130338,0.21294451,0.32111084,0.2307984,0.17851093,0.21947311,0.14662915,0.21205683,0.1420199,0.7693154,0.39903787,0.14444532,0.3143321,0.92728424,0.22280008,0.04371286,0.0,0.51058793,0.35676974,0.60321236,0.18068005,0.043852746,0.07226657,0.67971456,0.0,0.5108893,0.3137448,0.0456848,0.56775725,0.155761,0.26890454,0.1769655,0.10986912,0.043733552,0.29331678,0.891701,0.8844524,1.2730196,0.45340365,0.005877447,0.0475722,0.069833085,0.2228579,1.0127277,0.12440415,0.9685116,0.026443737,0.096745595,0.2644654,0.33278912,0.3946593,0.24870875,0.08832981,0.21587463,0.0136017455,0.049138315,0.48639524,0.2922176,0.3786469,0.87666154,0.25834298,0.08296779,0.32109135,1.1925137,0.1497072,0.5489368,0.82078683,0.053257104,0.061075553,0.10027824,0.2906216,0.39648652,0.43403387,0.3938241,0.5280007,0.2800542,0.21993962,0.060502153,0.26589438,0.4638206,0.04828549,0.06061805,0.090835296,0.16282554,0.055670522,0.24213846,0.16246204,0.2848115,0.859342,0.015929747,0.746938,0.33236694,0.43629843,0.53519243,0.49891102,0.0008042058,0.11515461,0.63619,0.19959515,0.14506401,0.3024961,0.16904244,0.058367487,0.121686496,0.018757977,0.7536596,0.22707713,1.7194388,0.3162604,0.48544195,0.09594228,0.053466916,0.5499831,0.22719385,0.033438083,0.08027123,0.32162893,0.43745932,0.5735722,0.9893733,0.6754875,0.23958299,0.27411434,0.22825536,0.26902366,0.041863404,0.022077966,0.016498955,0.3228218,0.020660687,0.0,0.008566028,0.082536265,0.06058188,0.2548712,0.1294268,0.33008754,0.17225045,0.10292454,0.12050938,0.48446122,0.019894637,0.14106497,0.1986162,0.04149606,0.11630331,1.9767109,0.04376307,0.15671209,0.24941014,0.43769974,0.28132233,0.11574888,0.5306393,0.010557121,0.7515838,0.04332849,0.33345553,0.09357949,0.20555015,0.08635187,0.09605032,0.308151,0.034307778,0.19954684,0.046584286,0.24285436,0.022699699,0.096168466,0.05863622,0.00045505323,0.21707325,0.03968124,0.021192048,1.5107782,0.074477315,0.093660824,1.0615011,0.4453811,0.03558425,0.37077385,0.17418548,0.3525263,0.1713675,0.018433195,0.90118957,0.04093462,0.2844121,0.2887153,0.92468673,0.036033254,0.16980639,0.7794832,0.02605496,0.79064476,0.122887686,1.6073258,0.31618935,0.01759953,0.0,0.1435251,0.35054612,0.20677057,0.37020153,0.16419537,0.15191375,0.15900381,0.0,0.23940471,0.07742957,0.057916187,0.1315998,0.33244845,0.14713207,0.2749722,0.11227283,0.6078463,0.016430838,0.1550454,0.017163524,1.2657067,0.61534625,0.36752623,0.15239477,0.1989747,0.9655374,1.0978229,0.19854034,0.2325325,0.012923882,0.44916987,0.033292416,1.4734383,0.020181756,0.0076764775,1.9731122,0.008930802,0.101910755,0.6165238,0.17475319,0.73348415,0.87475574,0.78004754,0.28857464,0.77257127,0.22496787,0.0051700496,0.16018614,0.3515883,0.6024103,0.99212545,0.35594907,0.00829339,0.55644673,0.37551168,0.0015324715,0.22335613,0.052120987,0.015359123,0.0,0.3683446,0.2556051,0.2739634,0.14436768,0.007525907,0.2514602,0.09196627,0.0038400895,0.23999424,0.005159609,0.013572939,0.12637073,0.37834328,0.26779616,0.13108167,0.22373372,0.059898358,0.59871453,0.7455639,0.06910676,0.18006207,0.3332538,0.2273914,0.74535745,0.3348298,0.0071378676,0.13857651,0.006897338,0.5634441,0.630671,0.12916982,0.095622994,0.49867034,0.10910195,0.6380698,1.7067279,0.04692988,0.323125,0.21306655,0.0059533305,0.15495288,1.2497445,0.5164282,0.7623502,0.043260228,0.19599031,1.0822337,0.4841372,0.044559933,0.6895766,0.3654518,0.75101864,0.30053717,0.25907335,0.40178227,0.3392169,0.16816282,0.19549601,0.30313623,0.06380981,0.4587663,0.2785171,0.52543586,1.37254,0.01922954,0.09467412,0.011297392,0.58398324,0.1398845,0.4624449,0.4581441,0.25815976,0.42072505,1.4612585,0.117318034,0.2692634,0.29108283,0.778554,0.0078555085,0.5783496,1.2128628,0.16008258,0.30099088,0.25341284,0.35173237,0.0,0.03544946,1.0033832,0.10308048,0.19666879,0.4901262,0.14105535,0.083346725,0.2320052,0.2954463,0.93372786,0.4696488,0.015144206,0.0064180694,0.0,0.40857586,0.30660257,0.0039000225,0.44472897,0.28743374,1.0405042,0.4223786,0.82347465,0.53015196,0.044068787,0.17627047,0.0133846905,0.3010898,1.6601889,0.098295815,0.1609291,0.07061427,0.17323512,0.082829535,0.19115084,0.20129882,0.18539707,0.08602324,0.17034903,0.3642399,0.8162257,0.3940174,0.3337441,0.0807391,0.19674382,0.037918113,0.004289676,0.12512355,0.60776156,0.09477855,0.3975301,0.072439194,0.22397743,0.32569167,0.46706483,0.17905256,0.2549482,0.24514298,0.031372078,0.09583999,0.49739027,0.5513574,0.06271207,0.14109688,0.09949474,2.997498,0.67452437,0.8216573,0.19708236,0.08075439,0.03209479,0.01401563,1.2557907,0.22753143,0.49833402,1.4592254,0.01417262,0.19018349,0.66587985,0.24179664,0.0857721,0.015733246,0.46005356,0.29091254,0.018616518,0.051605783,0.3013187,0.0014552468,0.17205009,0.14137766,0.43994862,0.22301598,0.17346445,0.30064398,0.7420449,0.3036948,0.86859715,0.0020731285,0.40452832,0.18698525,0.11458169,0.3660413,0.0,0.2196773,0.17805164,0.33874506,0.054541968,0.8386426,0.015557656,0.70270824,0.030939344,1.5751482,0.5304773,0.56253076,0.43171832,0.3947701,0.08965814,0.31917053,0.09689861,0.17504674,0.08793118,0.2670701,1.1989238,1.0297711,0.10400329,0.043961793,0.39250532,0.26285076,0.7298044,0.2599694,0.012444919,0.008097314,0.31703758,0.011886854,0.12952742,0.07763773,0.14795658,0.6045535,0.0,0.14235501,0.1779384,0.21245697,0.03666325,0.47088704,0.21127662,0.61229384,0.13976206,0.11296895,0.25051525,0.65460205,0.13347672,0.23837024,0.81004333,0.01533286,0.08705346,0.025918357,0.7479998,0.12414193,0.017180428,0.4924538,0.11069553,0.427872,0.043955214,0.3629089,0.034842275,0.5937798,0.025957268,0.30856386,0.00029945918,0.0038917544,1.4113302,0.15861255,0.04645448,0.02681198,0.74213254,0.30874488,0.2697913,0.0035936255,0.09426825,0.0040904833,0.15411505,0.6681049,0.0,0.09117657,0.7174986,0.44275147,0.18978944,0.50461006,0.18146893,0.16450226,1.0626147,0.3417203,0.016038934,0.20925936,0.013802184,0.038856186,0.25371888,0.60672534,0.39894357,0.25575233,0.4358863,0.19070394,0.21809918,0.14341006,0.0,0.5226778,0.33705902,0.035127483,0.29668528,0.8669566,1.2764039,0.1845531,0.024200361,0.10475618,0.0817281,0.6862658,0.095979035,0.039859433,0.13087247,0.13113773,0.116343185,0.37073192,0.0528245,0.0,0.37423253,1.1242938,0.5191787,0.15886617,0.0014281939,0.6363258,0.3144431,0.13300708,0.20443666,0.021252953,0.62383,0.022634435,0.98396826,0.27362207,0.13649733,0.07099295,0.07675873,0.27428585,0.328265,0.17963743,1.9675618,0.2380036,0.01627497,0.10070647,0.5843638,0.008574543,0.33474076,0.81005037,0.014942933,0.14641953,0.0034101903,0.11936651,0.48629233,0.065960154,0.12662771,0.049961686,0.48102832,0.539488,1.0087777,1.0623744,0.5427996,0.08249844,0.018145302,0.08188976,0.23784237,0.39178294,0.12087195,0.6380961,0.24170682,0.013990608,0.39943343,0.32054573,0.14813647,1.1497201,0.17744161,0.28193074,0.09354677,0.17683992,0.14071065,0.7207309,0.40005487,0.053888075,0.30516404,0.41613814,0.13578358,0.32568377,0.8014167,0.022297908,1.6449103,0.2483711,1.6831453,0.0032778622,0.033267442,0.57108784,0.48723626,0.44813064,0.3355885,0.62717676,0.85509336,0.5012289,0.10836023,0.604913,0.24333936,0.31194055,0.0071087196,0.17482966,0.21928322,0.13467357,0.12819396,0.52164745,1.9240413,0.45590436,1.3839438,0.4014399,0.36271274,0.25754339,0.12826747,0.044651583,0.34822914,0.41511732,0.060082473,1.9073802,0.68788385,0.7502421,0.39545476,0.115401715,0.4635936,0.15205453,0.5314282,1.0111191,0.12092763,0.21125548,0.28598344,0.5417405,0.3772763,0.13950032,0.29368818,0.038574215,0.51616,0.25060287,0.6465366,0.16372748,0.16359508,0.26073116,0.22623199,0.07188252,1.0753719,0.07711584,0.14732355,0.13811354,0.80638087,0.55975616,0.086375274,0.1508956,0.08262947,0.38829365,0.12542856,0.24444517,0.06267588,0.38158602,0.5329306,0.3365616,0.97182894,0.51201034,0.08488383,0.7914206,0.074858144,0.01529914,0.25795352,0.0001604491,0.012309723,0.14429107,0.0342362,0.09107927,0.44769615,0.4179683,0.40665925,0.34936708,0.016996276,0.48689237,0.6145532,0.06402194,0.21815729,0.9166953,0.46574906,0.270169,0.14240432,0.6245011,0.76800525,0.28129017,0.6051142,0.45428973,1.0173318,0.48889574,0.15510416,0.33897632,0.4111987,0.17151171,0.13277683,0.7687626,0.5525137,0.9757283,0.5997969,0.12325561,0.054069858,0.7805666,0.33404994,0.07863025,0.3553053,0.07285393,0.24357685,0.17563772,0.047622643,0.30602324,0.27440318,0.46684772,1.2811621,0.3635841,0.21934444,0.6565342,0.27488476,0.0,0.2010374,0.10224724,0.41782314,1.0073091,0.21263525,0.43517578,0.33107138,0.08689501,0.38564962,0.02071683,0.14397076,0.25684112,0.5982349,0.057451632,0.96226317,0.113954484,0.32120776,0.45988917,0.05828483,0.27937707,0.101562396
0.3222274,0.03342785,0.5118497,0.11118152,0.06717178,0.019446805,0.6912774,0.40859073,0.16574237,0.29913807,0.16519935,0.05637292,0.30915338,0.268898,0.20801754,0.06927904,0.046652656,0.43633577,0.2553355,0.48897415,0.32387483,0.25514886,0.17538804,0.03333383,0.10895103,0.33166617,0.13139762,0.24812743,0.19445157,0.92717016,0.12356939,0.2792372,0.17130488,0.4533364,0.3155409,0.13091336,0.1333935,0.29432085,0.111108825,0.028296364,0.4528862,0.20802495,0.124591015,0.24445462,0.06484175,0.031211147,0.41194284,0.038039036,0.09963011,0.23527384,0.76796484,0.3173436,0.907246,0.28578085,0.055244572,0.20008415,0.38718632,0.11454707,0.06932305,0.65180695,0.70617545,0.45687658,0.33642513,0.26752627,0.14908609,0.01182428,0.9208297,0.74736524,0.07770137,0.06009007,0.14555894,0.06913757,0.64597106,0.1957869,0.2469881,0.2537561,0.16032818,0.86452246,0.3027952,0.14255261,0.11217439,0.20444903,0.14205296,0.09292202,0.10064943,0.026003536,0.5227839,0.6939211,0.17077675,0.0059825093,0.26021796,0.122229666,0.5565895,0.10433255,0.10731303,0.22834648,0.10454303,0.2562396,0.10341775,0.121717066,0.009400438,0.8280533,0.24077691,0.38843876,0.09283451,0.23694246,0.32089388,0.34904623,0.035907254,0.26893947,0.20058659,0.017839035,0.13276798,0.14040971,0.5711936,0.073952936,0.016712839,0.20863044,0.5531163,0.20583043,0.14864016,0.038989693,0.0025620526,0.1830149,0.14831339,0.22040804,0.038970828,0.071244285,0.14915514,0.28093725,0.39386314,0.31400627,0.14520225,0.16636956,0.4428606,0.07371299,0.95587075,0.071121186,0.7816349,0.23482585,0.32892627,0.27237132,0.30897936,0.075433895,0.7071843,0.12788194,0.39947316,1.853224,0.10246686,0.2692578,0.009903901,0.113062024,0.0582847,0.8235351,0.60064816,0.7001984,0.13047731,0.06600283,1.0229592,0.12254074,0.20745884,0.32851082,0.75500226,0.18512794,0.07036307,0.48413447,0.119401135,0.14031547,0.19679958,0.49501616,0.31670815,0.5985822,0.07789466,0.24324088,0.14941059,0.122999,0.7967427,0.15020292,0.36650726,0.3462332,0.758113,0.49059856,0.21780103,0.11987869,0.2883187,0.22527218,0.21719451,0.082206465,0.43668276,0.38517526,0.008143982,0.027895918,0.022730703,0.34483138,0.011389345,0.11342837,0.5167329,0.24898237,0.35981554,0.4502803,0.25918096,0.17061542,0.18119924,0.0,0.284537,0.07812413,0.47383276,0.41464162,0.24313554,0.14078948,0.056368537,0.24834251,0.003311987,0.83041525,0.086950876,0.044115543,0.352345,0.09494212,0.069937356,0.08474854,0.22638066,0.7851186,0.14305389,0.20669775,0.06137184,0.13282025,0.15226811,0.09312453,0.31800312,0.46126962,0.007962274,0.4041593,0.30858108,0.0318683,0.32250872,0.12577736,0.3298647,0.18417603,0.5380899,0.07288328,0.19388887,0.060520906,0.13361326,0.32673597,0.2478247,0.23255786,0.27057076,0.027929097,0.46299925,0.578213,0.28217363,0.22097084,0.02282382,0.1452295,0.29612124,0.068368785,0.025904622,0.51986706,0.45049095,0.77498376,0.64953864,0.21408695,0.44829756,0.6381712,0.12712023,0.14411524,0.40643108,0.085027024,0.3241505,0.12529337,0.123359784,0.29087317,0.120282635,0.12933145,0.29140943,0.64603674,0.16742752,0.36765677,0.34606418,0.09567255,0.17055067,0.35940742,0.21010225,0.29679137,1.7537559,0.17467475,0.14454705,0.25163966,0.26391596,0.26189733,0.05394025,0.5461992,0.33471507,0.12934928,0.1799885,0.60495347,0.33783782,0.44379878,0.13829263,0.35058194,0.13202098,0.97110367,0.31659,0.41317743,0.48465222,0.1166022,0.18555218,0.3741329,0.1320294,0.95512486,0.2122896,0.30508226,0.39928806,0.3882737,0.30263695,0.12097159,0.1611188,0.0,0.30737817,1.2516797,0.40703025,0.3996339,0.06894767,0.026316835,0.12600563,0.2168267,0.07370226,0.029737744,0.03611902,0.084425345,0.6069643,0.5152546,0.106843784,0.12235024,0.008899271,0.20319454,0.26163396,0.30510688,0.018956147,0.01565332,0.037783418,0.4164835,0.17151979,0.17373383,0.18006915,0.109151766,0.08085941,0.29978997,0.062370986,0.04638943,0.022301275,0.41082993,0.02530659,0.06968951,0.39843485,0.32580197,0.033630826,0.07453696,0.013176859,0.07116265,0.40250295,0.0025428375,0.17431104,0.0027965913,0.124949306,0.39188176,0.13332558,0.9640614,0.8381093,0.50189817,0.24178731,0.09285045,0.20608059,0.18147811,0.13912502,0.3079937,0.031909868,0.11396362,0.07685261,0.20156926,0.5489812,0.11063741,0.55657506,0.36510554,0.051090445,0.16709697,0.22031717,0.24378645,0.03797315,0.41900158,0.10396828,0.28745115,0.20183468,0.12776263,0.16293758,0.67132974,0.06822531,0.16850728,0.16643283,0.27327102,0.11566606,0.13556004,0.1455256,0.42050114,0.17531069,0.2783962,0.18132727,0.12084135,0.47007415,0.017549884,0.41177857,0.15420589,0.273552,0.10585631,0.19756654,0.60934144,0.14461981,0.24682109,0.19661501,0.40140128,0.16868553,0.5342895,0.021997528,0.050340634,0.37712476,0.24211127,0.20770049,0.20318727,0.070830226,0.03126481,0.12616862,0.06378677,0.16122067,0.2061379,0.029790202,0.07203214,0.18693148,0.038903076,0.23107934,0.04786226,0.09364833,0.21557939,0.18746947,0.07286774,0.042010494,0.35074556,0.3133663,0.16516533,0.38998532,0.12394044,0.14914094,0.35931054,0.24632224,0.027155418,0.19314498,0.5259328,0.23357643,0.29753864,0.388687,0.21208066,0.041158356,0.16957939,0.27672213,0.3601899,0.064341396,0.08737391,0.57784605,0.58829343,0.026045842,0.31575423,0.5502038,0.4015893,0.14849907,0.21186455,0.06726245,0.5392504,0.36842254,0.069570206,0.62599766,0.042615443,0.20272541,0.1476337,0.16135581,0.05466442,0.10894896,0.10532101,0.011191054,0.41488963,0.2466091,0.17775187,0.12973301,0.41081983,0.086209096,0.660429,0.15424857,0.39753795,0.26246887,0.040751766,0.26116955,0.15123448,0.2594301,0.16411859,0.28077543,0.16032942,0.2875982,0.023173694,0.08326403,0.18933624,0.41506398,0.26087368,0.20029168,0.3107,0.3744388,0.078422144,0.24807861,0.30994296,0.57681984,0.372209,0.20053759,0.16964757,0.21349376,0.15672617,0.18574198,0.18964368,0.19207479,0.084329635,0.4168773,0.28651184,0.7740104,0.7006402,0.0,0.16178234,0.3372494,0.3437363,0.18356423,0.7163279,0.10269952,0.68288255,0.12980564,0.3763481,0.16109446,0.16732211,0.21524525,0.07478539,0.04482983,0.01762413,0.43532875,0.07507299,0.30817002,0.20071003,0.025223037,0.12887624,0.02221983,0.010965107,0.38395166,0.25697887,0.30528706,0.15315634,0.16551536,0.015535458,0.17472178,0.2143152,0.07231741,0.4890001,0.5050801,0.17364225,0.33333492,0.26753384,0.46768206,0.11872137,0.38285744,0.25697675,0.3099097,0.013251473,0.44323534,0.088376395,0.10558894,0.09838891,0.32282043,0.18175039,0.025046485,0.28439942,0.12777752,0.033340912,0.12804848,0.26426047,0.6758685,0.16058727,0.03722439,0.27597094,0.016497165,0.027915157,0.57703274,0.27269688,1.0351329,0.06718883,0.019916205,0.2113475,0.19657135,0.09915578,0.049987562,0.30159408,0.24640414,0.39581847,0.045574985,0.145619,0.08811276,0.09530758,0.45654452,0.036658898,0.009450753,0.18511784,0.18799555,0.04292281,0.062765844,0.15922248,0.055185176,0.0695,0.10666478,0.3274036,0.23922929,0.38170096,0.014359039,0.20397684,0.073100984,0.06934041,0.20545164,0.20078596,0.028353598,0.4642626,0.117892876,0.04411789,0.087585635,0.020764474,0.28826985,0.39104837,0.19572255,0.33178404,0.061961353,0.08140455,0.08712724,0.9814342,0.25659096,0.1913333,0.026933415,0.028859679,0.035155293,0.8055013,0.019093936,0.21516992,0.12393137,0.271517,0.27093396,0.23281841,0.40015173,0.102567464,0.09198671,0.20761555,0.1188071,0.04839599,0.262158,0.156438,0.122575924,0.108842,0.08474133,0.01692623,0.48037374,0.084840134,0.2442066,0.23117147,0.061789293,0.4031431,0.07379146,0.2784591,0.12989208,0.14696613,0.12611681,0.19307226,0.43129355,0.24866635,0.8540962,0.13028356,0.35285568,0.7023412,0.08258324,0.12672615,0.048874874,0.18800762,0.36693624,0.2325687,0.058870796,0.09399757,0.058370583,0.20320174,0.057847675,0.11777504,0.2801713,0.5281538,0.057503037,0.06800087,0.116709225,0.27486813,0.35151905,0.40896216,0.12734017,0.029925471,0.045598313,0.16171241,0.04036738,0.20119624,0.34024987,0.3753625,0.15813757,0.12543756,0.123100236,0.16644426,0.32345572,0.050499994,0.14048564,0.82597345,0.26434523,0.33478126,0.00078172213,0.025550049,0.06291654,0.022885162,0.050340667,0.18718486,0.14937957,0.007019383,0.035782855,0.04603022,0.103444256,0.11775531,0.32226458,0.03733996,0.36097455,0.0127612045,0.10303181,1.1350316,0.018946415,0.08789339,0.24725443,0.10871881,0.13893382,0.029038489,0.119180344,0.1299799,0.0350494,0.16636893,0.07190305,0.23181522,0.5503957,0.88196874,0.39431584,0.29937983,0.037899006,0.21197519,0.048197977,0.036521725,0.2528519,0.4897365,0.0518235,0.103329696,0.013203124,0.17679402,0.87344134,0.359482,0.09437479,0.3267156,0.31988072,0.090977475,0.19362018,0.0,0.15301499,0.18529412,0.0184994,0.16470125,0.47755522,0.23479787,0.104921676,0.4544629,0.26053882,0.24829623,0.3272416,0.6149793,0.5067686,0.47648686,0.08829169,0.7294907,0.22867438,0.88849807,0.3533901,0.257188,0.310426,0.09922965,0.4312963,0.32845813,0.12671453,0.35037914,0.25060892,0.30117252,0.27718621,0.2340573,0.16848955,0.2733755,0.34203246,0.41194215,0.054714635,0.12521684,0.05808176,0.03544406,0.014256537,0.10332593,0.080939725,0.15500772,0.63479227,0.1870848,0.08521969,0.35127068,0.08811677,0.24573466,0.3933636,0.1314575,0.054374516,0.04311301,0.06593832,0.78501767,0.5974715,0.004609491,0.34773278,0.22531824,0.124869525,0.099182285,0.762153,0.1360355,0.18869495,0.30709124,0.22172263,0.38949704,0.00085930567,0.22533944,0.11195853,0.13283585,0.5280845,0.54428273,0.3739913,0.32438996,0.11527175,0.079589546,0.11343174,0.20582147,0.09658679,0.08499116,0.39217657,0.22217959,0.3198323,0.46263257,0.071163535,0.40631738,0.22262119,0.20101383,0.027343068,0.5063533,0.015428306,0.29928243,0.6192331,0.072405376,0.29257601,0.1370419,0.08095258,0.07608571,0.15394211,0.26676676,0.15969999,0.23413517,0.15480542,0.028703727,0.08370041,0.210466,0.18893647,0.08383002,0.39622158,0.35210302,0.2874288,1.547948,0.026203882,0.32868767,0.2928156,0.6081882,0.25665617,0.00039693562,0.0072895857,0.36869437,0.13990372,0.24610616,0.09644145,0.04310164,0.09953143,0.22528516,0.09789126,0.038152196,0.20742148,0.17398703,0.047106232,0.06276333,0.1706407,0.36639386,0.18400969,0.26430857,0.0315649,0.44489914,0.61323565,0.2334381,0.08703598,0.104975775,0.60424864,0.39006487,0.20374337,0.085091725,0.053820092,0.06262061,0.06596981,0.42090616,0.086356506,0.656463,0.3672282,0.34438297,0.13508996,0.11932817,0.37875724,0.47454193,0.09412732,0.088124596,0.23221505,0.4329841,0.091458485,0.25597054,0.103441246,0.25693697,0.052290596,0.06255679,0.21336342,0.31477362,0.4361081,0.23961666,0.04560713,0.23315366,0.488888,0.42544124,0.36543465,0.08896971,0.13812926,0.24791613,0.46360192,0.1783664,0.55688167,0.36155877,0.093067005,0.17723036,0.34719077,0.084700204,0.25394624,0.11967323,0.25521106,0.29966375,0.34977126,0.1521362,0.17005883,0.06786884,0.039914176,0.22012603,0.109985955,0.44188336,0.27683544,0.24961412,0.30705422,0.3352724,0.11030625,0.086055174,0.3293259,0.22872959,0.45010477,0.033008713,0.07243863,0.19023544,0.49065754,0.6501893,0.040883455,0.013481422,0.31922215,0.33911407,0.47967106,0.0883782,0.008738134,0.21141015,0.22193727,0.12424227,0.081851676,0.36411858,0.40810245,0.18799137,0.24130024,0.8431823,0.12331473,0.2940089,0.033453953,0.025978578,0.3055094,0.19336994,0.06801617,0.3762374,0.38572752,0.043782815,0.042791806,0.48680833,0.06383052,0.560961,0.08425978,0.08334032,0.29002315,0.057347517,0.12587407,0.15108311,1.0303298,0.35070828,0.18928352,0.36336935,0.08186948,0.95957196,0.13745308,0.687454,0.8935698,0.2601153,0.5412382,0.4053654,0.45737723,0.22088148,0.44391805,0.20514254,0.38329685,0.052011523,0.4073049,0.051265348,0.5978213,0.37315333,0.15945666,0.28926328,0.22010785,0.028783837,0.30176336,0.08248332,0.027361011,0.029150687,0.5464611,0.14650008,0.07822581,0.36932796,0.32953942,0.18215777,0.36359674,0.42484242,0.0508832,0.043750834,0.6420528,0.3494065,0.042593606,0.518602,0.028443307,0.014152617,0.005761717,0.389088,0.19586563,0.33147836,0.020007944,0.42658144,0.0776304,0.1587782,0.3588178,0.10626521,0.035502948,0.21175915,0.5424997,0.28278685,0.49277714,0.09477864,0.041821692,0.06352177,0.23433386,0.399748,0.073477805,0.05519768,0.010155832,0.05893057,0.47697246,0.46592724,0.27321574,0.07290381,0.017836949,0.07560021,0.4179935,0.0797218,0.081963256,0.05230783,0.393176,0.011526557,0.097499475,0.33069894,0.28357106,0.04477672,0.05962227,0.27840343,0.47294295,0.043530192,0.40508807,0.15871516,0.39600456,0.28503495,0.09043909,0.10567126,0.20027064,1.0292034,0.9828589,0.50015116,0.25061232,0.0542093,0.02593946,0.087531514,0.35902667,0.12209825,0.30230105,0.0080501735,0.14064437,1.495884,0.11993556,0.7660545,0.19857736,0.068769425,0.0049876533,0.37126642,0.047752924,0.3706619,0.10821439,0.30042636,0.032965306,1.1105206,0.15120173,0.3906733,0.21561007,0.43197596,0.57254547,0.044292815,0.11408462,0.976882,0.023262095,0.069507405,0.023567269,0.015897537,0.46940237,0.06401117,0.18822244,0.32011762,0.22202368,1.0622494,0.40365252,0.77444637,0.30062795,0.019829366,0.3264083,0.65550804,0.3655312,0.07046741,0.04802137,0.10728102,0.25470084,0.03956189,0.23684077,0.51962394,0.25905284,0.21672608,0.4207257,0.27173167,0.18999863,0.18718898,0.41073346,0.20773149,0.17019609,0.009168109,0.032949694,0.08803249,0.17916399,0.1504643,0.277628,0.5629088,0.35500482,0.049236786,0.30688116,1.7684476,0.20050669,0.18117377,0.43858427,0.022590406,0.09291391,0.042316273,0.087037496,1.0956271,1.0216333,0.18344563,0.14271724,0.059496354,0.04663331,0.09285291,0.04492656,0.2649598,0.009434881,0.097105876,0.2305134,0.087101005,0.34885716,0.05405105,0.3214902,0.4454782,0.10912893,0.32590646,0.047923483,0.17240825,1.4735597,0.55264044,0.21479207,0.7194358,0.030569915,0.64027745,0.6351932,0.0,0.61506546,0.5919609,0.8290728,0.20976228,0.033209864,0.06921753,0.28897685,0.18678774,0.0010404629,0.022265432,0.031318642,0.13025182,0.024926841,0.95986927,0.24467143,0.3592114,0.024849508,0.22291693,0.11558397,0.0020766824,0.053586178,0.86258316,0.1396511,0.1933364,0.24006283,0.1717417,0.2284143,0.12719616,0.15274327,0.17855708,0.09775788,0.6243791,0.3103856,0.12169743,0.22643606,0.92117524,0.30894646,0.017436985,0.0,0.59312296,0.32937604,0.5010326,0.1540457,0.060018547,0.08260074,0.68243796,0.0,0.46326378,0.3180758,0.022021366,0.56477195,0.11634996,0.20290211,0.19550326,0.19170487,0.013453961,0.31829986,0.8984717,0.84641373,1.2399902,0.54009557,0.008068254,0.018794516,0.070044026,0.10786843,1.067198,0.12898122,0.9675924,0.037754774,0.06495365,0.2313937,0.23705694,0.44187218,0.20115818,0.12124333,0.18306217,0.0112093035,0.045354567,0.5050996,0.26262602,0.45993522,0.9026543,0.35434282,0.031685375,0.22522621,1.1270459,0.13558793,0.5486938,0.6947424,0.068356626,0.05368881,0.02524272,0.2717821,0.4574964,0.40868267,0.301777,0.49321845,0.26258588,0.17828295,0.022785457,0.19652933,0.35949537,0.035044424,0.029193332,0.0702143,0.18065023,0.047687974,0.21893632,0.1396901,0.22899498,0.8991288,0.0062356936,0.6944074,0.23225963,0.34711647,0.46586752,0.51018107,0.0021389215,0.15122072,0.5423044,0.13628376,0.090840824,0.30223954,0.12787375,0.058573112,0.1278686,0.011241203,0.7067118,0.22172429,1.5938926,0.33949193,0.4440961,0.053733,0.034373492,0.504069,0.1777146,0.04627797,0.058619577,0.37927788,0.38391417,0.47949287,0.91371965,0.63682234,0.21642347,0.28434402,0.16012685,0.20534231,0.038615208,0.018996492,0.027240735,0.28680843,0.010797836,0.0,0.028916152,0.086516015,0.06159408,0.20750937,0.1153067,0.2611093,0.12577605,0.062438108,0.09134943,0.46573272,0.0022719458,0.21587162,0.14536527,0.06109261,0.13411935,1.8370008,0.053488992,0.14711325,0.24637154,0.45328486,0.24768561,0.12901026,0.43116605,0.00061840075,0.6374487,0.038259543,0.40806425,0.10694935,0.15581787,0.12900999,0.051576752,0.3061247,0.062460586,0.15513831,0.017819764,0.22423525,0.044043016,0.026971217,0.07351351,0.0,0.15183222,0.01788397,0.011337745,1.3941242,0.063960314,0.13014698,1.0884684,0.43122172,0.022523556,0.3809414,0.08971803,0.35296717,0.26052818,0.013978718,0.8766743,0.036421318,0.20916748,0.2295881,0.86109394,0.027696233,0.19236535,0.75488913,0.029109223,0.7296374,0.09378092,1.639972,0.22550242,0.0043410286,0.0,0.0744165,0.33038542,0.16792062,0.3825466,0.11823244,0.16091827,0.10869931,0.005455869,0.1973944,0.01585859,0.050155394,0.06719037,0.36992055,0.114954114,0.18347001,0.072525576,0.601204,0.033934347,0.07529367,0.010036827,1.1454587,0.44570655,0.35873878,0.17996794,0.1299876,0.9123934,0.8782523,0.117748186,0.23807368,0.0023756553,0.4290159,0.04035154,1.4307027,0.057204973,0.0038558734,2.087797,0.017829696,0.046857823,0.71703637,0.1477457,0.72132856,0.9151002,0.6685197,0.27968135,0.74067444,0.27411425,0.0113091385,0.07334551,0.29562074,0.43473586,0.8060857,0.29803047,0.004240088,0.46222115,0.2522583,0.0017768829,0.18385261,0.0108775925,0.02845209,0.001810611,0.25819957,0.13620149,0.39812267,0.13209799,0.007519626,0.29727423,0.12188235,0.003040338,0.23223305,0.00096501264,0.009859803,0.08697291,0.52689594,0.16747878,0.0804434,0.2654004,0.13210621,0.552996,0.7661742,0.051939458,0.13037986,0.31509507,0.16284323,0.7319246,0.23336536,0.008197048,0.14463547,0.0035250257,0.4597907,0.5718619,0.05458209,0.104526,0.44242877,0.021906469,0.56393325,1.5660055,0.029300561,0.29091254,0.13352111,0.007883342,0.111281246,1.2060535,0.48225087,0.68291205,0.039620794,0.16623867,1.05231,0.52579737,0.035714082,0.5939074,0.35345393,0.587361,0.19346862,0.2554599,0.31171155,0.32460436,0.13524038,0.18238328,0.2637229,0.03506569,0.5423156,0.27302933,0.35526025,1.3531464,0.023280516,0.08967372,0.010023009,0.6087276,0.12257142,0.5290513,0.34623742,0.31491044,0.36535683,1.3901691,0.15291068,0.2499308,0.16676746,0.8034896,0.0051057106,0.5306962,1.2329409,0.16088153,0.32310414,0.26759788,0.3905808,0.0,0.021940649,0.9533698,0.07728073,0.16226384,0.453685,0.08286363,0.11496721,0.24142149,0.29113656,1.0255661,0.47931978,0.0011672755,0.011161984,0.0022321567,0.38868865,0.20524481,0.0032441812,0.38278168,0.2907975,1.074904,0.49085248,0.7154028,0.42071593,0.018258225,0.13487245,0.015882282,0.29954147,1.6347075,0.119993635,0.11040475,0.056850355,0.13268083,0.089467764,0.20851544,0.19169343,0.060662568,0.028164301,0.14343646,0.30397823,0.83038473,0.39566314,0.31835783,0.062353168,0.16228957,0.03667611,0.011741804,0.051959787,0.5186697,0.12408476,0.38150197,0.044151623,0.22869778,0.3134238,0.5223328,0.09358676,0.19591534,0.10148822,0.027014792,0.07352351,0.548036,0.5193709,0.053243887,0.15876561,0.04617372,2.8045423,0.65421313,0.7015412,0.19837716,0.044845987,0.029721621,0.05654829,1.223182,0.23678929,0.36750978,1.4047301,0.012185261,0.10347185,0.5906664,0.27271682,0.07465072,0.0146282045,0.49105784,0.37059593,0.020328566,0.035948765,0.17285742,0.0007068065,0.114235856,0.14698488,0.37341338,0.200104,0.20652775,0.29214182,0.6800952,0.20555702,0.900487,0.0019294652,0.3091762,0.12249737,0.11204597,0.33430624,0.0,0.17636131,0.13181171,0.28736377,0.05606701,0.8296181,0.007134294,0.56425357,0.06958212,1.5288506,0.46306074,0.662068,0.38182908,0.33541596,0.0778406,0.33903265,0.091407284,0.1465099,0.036034416,0.26983863,1.1566973,0.9749423,0.09798979,0.072078705,0.40520674,0.27402037,0.78577197,0.2826966,0.0075754616,0.010004697,0.36141488,0.00470586,0.12297562,0.028963735,0.18236837,0.53239655,0.0,0.22156613,0.119546555,0.22013858,0.04593045,0.3482712,0.10484196,0.52655476,0.16728689,0.057761714,0.24364817,0.53625244,0.1310586,0.29237846,0.77908266,0.0047616623,0.089462,0.04652877,0.6000785,0.17054829,0.018953547,0.40725225,0.11128412,0.44012666,0.023706045,0.35106134,0.018087167,0.53992766,0.017130557,0.26745328,0.00039294106,0.0026551357,1.455988,0.21363258,0.091601446,0.051186018,0.63735926,0.20907164,0.19264087,0.0,0.07906124,0.001278879,0.09300658,0.74441224,0.0,0.022941073,0.5713465,0.5696434,0.2622059,0.4716323,0.1685374,0.13340534,0.92003244,0.331127,0.015025586,0.21001498,0.013701452,0.014700141,0.10234973,0.49166098,0.38627145,0.20218885,0.36924267,0.13168457,0.2853732,0.08861856,0.0,0.48553166,0.37685707,0.05416945,0.44555816,0.6744313,1.3503937,0.22355735,0.0069509214,0.14640674,0.057202388,0.72942334,0.069539644,0.077588,0.14292918,0.069897175,0.056333948,0.38034075,0.06445747,0.0020644844,0.4181376,1.0822914,0.5559455,0.06051001,0.026748255,0.8145086,0.26938465,0.12972486,0.19436058,0.007279056,0.49696288,0.006607254,0.957824,0.23829053,0.106028154,0.033452287,0.015727228,0.21942738,0.36871785,0.06964418,1.8880397,0.14434463,0.012182476,0.12252961,0.5955225,0.019317083,0.24665287,0.6258432,0.0038741184,0.07855079,0.00095114973,0.16368811,0.48703903,0.07771745,0.16831227,0.05986149,0.4545836,0.52037203,1.0760565,1.0619197,0.59048784,0.10342576,0.020501003,0.05341139,0.206204,0.4509465,0.16356921,0.54708415,0.25342587,0.019017346,0.3773924,0.38075078,0.12022133,1.1393257,0.15487456,0.22134934,0.07857832,0.19433208,0.13466722,0.7170206,0.36118832,0.04861309,0.24021639,0.37854242,0.16191329,0.2944467,0.82687557,0.022028863,1.6351883,0.21810082,1.6353109,0.006325462,0.045495074,0.51505506,0.49877977,0.42638496,0.35940957,0.618501,0.89400285,0.5709989,0.10438518,0.56789315,0.25322145,0.36764744,0.0062131607,0.18102539,0.19172487,0.16125101,0.14236131,0.59885144,1.9505084,0.49393207,1.4330336,0.46566623,0.32911122,0.2516133,0.12559614,0.06241311,0.36067486,0.40397754,0.08820844,1.9468642,0.64590114,0.7063905,0.31704795,0.105942935,0.5418968,0.19073385,0.48064172,1.0337503,0.14078452,0.19539972,0.26744327,0.57039213,0.3138221,0.14112058,0.32024747,0.037478246,0.4698686,0.18845695,0.6442759,0.09852426,0.13892576,0.21780644,0.18451509,0.057539407,1.0879841,0.08065371,0.1357722,0.1645838,0.90469295,0.5971943,0.06858323,0.17491715,0.063903555,0.37669992,0.16476518,0.16357778,0.06504571,0.40831348,0.53763175,0.33585376,0.9057673,0.520312,0.062922984,0.7788408,0.065672435,0.017550807,0.18062672,0.008648422,0.019807331,0.1080821,0.072853,0.04654147,0.38848162,0.40671352,0.50848603,0.29910964,0.012721762,0.41481072,0.58068585,0.072443545,0.16269797,0.9388182,0.5631192,0.24494046,0.16739942,0.6324916,0.797163,0.28422403,0.5658839,0.42681226,1.1269959,0.49683452,0.13023168,0.3258188,0.39979547,0.14053087,0.13852333,0.7634821,0.6345643,1.0108569,0.62237203,0.07800956,0.028845573,0.6702156,0.37302023,0.10922067,0.3699902,0.08236991,0.25040698,0.20722009,0.05422867,0.30270848,0.2733236,0.4907384,1.2797303,0.35661623,0.20805404,0.6885706,0.20512122,0.0,0.1989329,0.077258945,0.45139617,0.91592443,0.20075896,0.37663242,0.27040905,0.07064411,0.46775204,0.007970275,0.15904279,0.25785404,0.611929,0.0938801,0.93079865,0.08888337,0.31890988,0.45093048,0.059573755,0.19899325,0.09697985
0.29952148,0.024592921,0.39688963,0.13800013,0.05210668,0.025109261,0.6346108,0.49888325,0.18703955,0.37339947,0.2511977,0.095235325,0.23862012,0.26308382,0.1273356,0.0949342,0.13214163,0.53634584,0.17495364,0.4168671,0.25371236,0.29926533,0.18522781,0.01936378,0.1028983,0.4717101,0.15068974,0.3313589,0.293288,0.9087411,0.2202285,0.20758468,0.23550616,0.27555755,0.3843244,0.09720516,0.16323411,0.33003128,0.14460564,0.04775866,0.36307594,0.22062561,0.11765713,0.25884408,0.086228624,0.09712757,0.3887792,0.013116839,0.14918606,0.3578252,0.82073635,0.32812253,0.548534,0.12892213,0.08445428,0.28371853,0.42451084,0.14356446,0.1308738,0.6673198,1.083619,0.60303867,0.3577955,0.25199002,0.19015841,0.04146962,0.8804254,0.56626713,0.062478226,0.047709778,0.18737629,0.04827926,0.6690494,0.28680694,0.2674659,0.1912016,0.23650622,0.51988876,0.2844929,0.16099712,0.096550725,0.27890423,0.05690555,0.103693634,0.04875887,0.043644913,0.45410433,0.69885516,0.22899258,0.024801813,0.29262295,0.07757767,0.70350915,0.1351004,0.19982272,0.18138523,0.1253899,0.17180336,0.057168275,0.13645616,0.004035972,0.7786583,0.2678988,0.35968322,0.12442678,0.18837652,0.28312016,0.380894,0.030324074,0.29945475,0.105251625,0.019618304,0.065604694,0.13359655,0.3765845,0.026084682,0.016918855,0.22056459,0.51457536,0.14422089,0.19826052,0.118268944,0.0087448275,0.22098804,0.14163771,0.14815867,0.129933,0.12915802,0.20513615,0.26807404,0.5932684,0.26798803,0.07981637,0.08810048,0.2516626,0.05887542,0.9720024,0.027778782,0.648131,0.13560317,0.32372332,0.31592762,0.37557408,0.07530837,0.6013502,0.101568505,0.24143009,1.821088,0.11017073,0.12896225,0.013455876,0.078317195,0.0698111,0.78080785,0.39401227,0.624898,0.13606012,0.0978363,1.0171833,0.08854914,0.27112785,0.3627603,0.8017645,0.16382736,0.056619883,0.54058224,0.1712228,0.14513618,0.25029957,0.28941798,0.30842412,0.6522491,0.045941032,0.24322727,0.16140497,0.07583886,0.8577944,0.07372059,0.41790652,0.45665044,0.76447,0.6474283,0.18929806,0.084169745,0.18836203,0.06549685,0.22829959,0.15504846,0.31965348,0.4635088,0.014471722,0.012212733,0.024267511,0.39738488,0.0064678304,0.15648429,0.52398515,0.21984912,0.41754395,0.41499624,0.26346245,0.11876124,0.23397434,0.009063255,0.1791765,0.09417497,0.47350872,0.42593914,0.28832203,0.16467789,0.0829563,0.23506394,0.04757712,0.8697262,0.10729108,0.044147752,0.4858538,0.08819359,0.094486594,0.06258033,0.2188007,0.6500368,0.20857163,0.14792511,0.0745389,0.10832304,0.22230946,0.0989635,0.47162017,0.58339643,0.031958386,0.3315587,0.377743,0.07044074,0.17550915,0.10781929,0.34246802,0.10852523,0.60683775,0.024522614,0.3003164,0.0638254,0.11969023,0.24298182,0.19348028,0.14500318,0.29711205,0.038267896,0.4968857,0.6329789,0.359105,0.2949344,0.05158802,0.13354424,0.24174002,0.054204848,0.11733805,0.47522056,0.46908042,0.7014425,0.52634436,0.21510392,0.36605835,0.63647074,0.14165916,0.102887616,0.40798745,0.033991795,0.34976664,0.22403401,0.12837534,0.25261658,0.11113754,0.19331074,0.30101562,0.69737405,0.12331307,0.21430257,0.17749333,0.026995476,0.11942325,0.3679759,0.14930014,0.14958519,1.775473,0.18708566,0.2270754,0.16101456,0.2856457,0.2760356,0.055848792,0.42910075,0.4141078,0.04763151,0.2708673,0.5346422,0.30842137,0.5097414,0.057499252,0.46268466,0.15345691,0.79012865,0.22453612,0.23834178,0.62402165,0.09782499,0.33032653,0.21010056,0.07315998,0.8288635,0.112787426,0.47306,0.5353109,0.34590483,0.40615743,0.15832353,0.16162774,0.008932594,0.3643286,1.2865808,0.4840863,0.4792428,0.0790213,0.028310575,0.07945834,0.19570702,0.14159912,0.074125536,0.070410214,0.049526528,0.553565,0.41834092,0.09804792,0.31556848,0.07455911,0.57729787,0.33854973,0.24366781,0.022147428,0.0187223,0.0008365701,0.5331762,0.20030811,0.2675243,0.047251865,0.08606598,0.08626896,0.12426853,0.10547568,0.041253634,0.082199894,0.6185118,0.022073701,0.07411369,0.5675462,0.47999412,0.12639883,0.012033431,0.2604822,0.1270888,0.18063988,0.0018220311,0.18361299,0.032836877,0.028253376,0.36848316,0.22752884,1.1012077,0.8458771,0.65513355,0.32928774,0.13911442,0.2588392,0.30419156,0.3103003,0.17426617,0.117126845,0.06996117,0.409469,0.12749794,0.33088776,0.499695,0.33100575,0.27225924,0.0101291165,0.23383053,0.35383144,0.16216314,0.10030255,0.11528757,0.1440786,0.39954895,0.20921265,0.008418504,0.2692871,0.9466644,0.17122641,0.18594007,0.20039532,0.29446867,0.08911733,0.046351835,0.19347548,0.18627521,0.21176814,0.39950386,0.12829816,0.37073207,0.6740033,0.058599755,0.37601772,0.09357515,0.14884491,0.038848817,0.22256556,0.5362194,0.3839457,0.16670528,0.18134773,0.41572434,0.15555769,0.45402947,0.059910476,0.034760136,0.19230475,0.09250749,0.34689435,0.37314993,0.04755459,0.030294016,0.22414458,0.05042785,0.07355946,0.21501932,0.077968895,0.07287176,0.08991992,0.059309207,0.1823218,4.186174e-05,0.16837439,0.2619746,0.07351492,0.1881987,0.040570334,0.25315338,0.053290404,0.42171568,0.47767675,0.07770329,0.093940176,0.3277175,0.14997955,0.049299657,0.24219,0.26461953,0.474184,0.39816844,0.37165365,0.3694939,0.023338668,0.20448284,0.1333689,0.2842607,0.040100276,0.075514585,1.379406,0.41460842,0.07953521,0.27359083,0.59093916,0.3693952,0.10913655,0.03198334,0.035981327,0.19694793,0.033324562,0.04899522,0.34871656,0.03243809,0.23601073,0.29385445,0.122089334,0.107674375,0.40344873,0.15475032,0.02839347,0.19763865,0.22954558,0.16782181,0.21503326,1.1743187,0.11439143,0.8059953,0.1444505,0.6039902,0.36846054,0.12855408,0.18265451,0.32323688,0.29959852,0.07444658,0.17339244,0.059213117,0.39827257,0.026314532,0.11387127,0.24929744,0.45588413,0.075549886,0.35933042,0.2846155,0.6849871,0.15044197,0.23667148,0.086142026,0.7835283,0.41534692,0.22897337,0.04582437,0.27273178,0.12022856,0.12126112,0.36079702,0.14656812,0.14901134,0.18053798,0.29148126,0.87611187,0.5215858,0.0,0.1931774,0.29207635,0.20896229,0.385475,0.83089036,0.22620714,0.6143708,0.091468915,0.295236,0.16727848,0.18097019,0.1508624,0.10223166,0.07059329,0.05381243,0.36734313,0.050491914,0.24143699,0.20972717,0.046228983,0.29647154,0.033484504,0.085374124,0.39305633,0.2579487,0.12618296,0.031050447,0.14277676,0.057031643,0.2316614,0.066972785,0.1321592,0.245251,0.59056294,0.20401901,0.10634825,0.39172438,0.6961401,0.07666069,0.39586776,0.21687293,0.32505363,0.012538906,0.43039906,0.1912454,0.13951679,0.09331033,0.39239368,0.00044398522,0.065854035,0.12190668,0.09227236,0.08039489,0.06086169,0.11147819,0.14101245,0.14739151,0.05741736,0.30782533,0.058792178,0.0993007,0.31760097,0.34087932,0.5634042,0.04674088,0.05035473,0.12375876,0.09503312,0.14785276,0.110280074,0.36520904,0.3572061,0.031776786,0.15761486,0.035514046,0.12261198,0.14957893,0.40408176,0.13572879,0.065971114,0.0994087,0.27982798,0.10268378,0.1389236,0.21188563,0.071932524,0.062396348,0.1612109,0.21661812,0.18377379,0.33018857,0.007801055,0.057919636,0.057017803,0.11142672,0.20682123,0.10504988,0.067038946,0.48496854,0.033139713,0.033084814,0.034210965,0.09561187,0.21427906,0.47924706,0.12672187,0.09719088,0.053153437,0.18877922,0.14808835,0.94378716,0.17426911,0.08611588,0.055432577,0.08914109,0.17428538,0.7120472,0.048594058,0.21390873,0.08178598,0.2016677,0.52894366,0.27771392,0.3851588,0.43697882,0.14658162,0.13135864,0.08596228,0.024790414,0.17562327,0.0835684,0.19974016,0.096869916,0.053497158,0.12537429,0.45869175,0.19225222,0.3153984,0.3942231,0.029795744,0.28502688,0.12879011,0.27349418,0.12517251,0.11998777,0.16031954,0.13395934,0.1238758,0.0038036876,1.0225722,0.119448036,0.39086136,0.5295926,0.064579695,0.21446016,0.0110717565,0.18418196,0.63258517,0.10683221,0.07441151,0.023012199,0.2100192,0.22758055,0.056943778,0.16202755,0.16675845,0.6046619,0.11675846,0.1352851,0.111081794,0.51445895,0.34754413,0.22979179,0.2719788,0.04299971,0.048245773,0.24754454,0.0516057,0.31618604,0.42449766,0.6380058,0.11394985,0.12302723,0.06369816,0.15801898,0.33638322,0.021830082,0.057314247,0.55570155,0.1864321,0.21499562,0.0021675935,0.05308222,0.13774364,0.02545815,0.012907443,0.19980285,0.20223716,0.013527243,0.15163726,0.053279735,0.16031182,0.038070686,0.27859896,0.04835736,0.23607835,0.030770704,0.17164715,0.8488688,0.04453688,0.36961436,0.030610029,0.22246432,0.13778646,0.032678884,0.16078615,0.15993163,0.08894031,0.19757584,0.19511306,0.30042237,0.5057889,0.48546475,0.5465827,0.18748531,0.13663948,0.15483701,0.072488524,0.047098197,0.19167635,0.20732334,0.0066637723,0.043420956,0.06855456,0.19362889,1.2805223,0.75881886,0.02568229,0.31150258,0.39409614,0.2812108,0.65059185,0.0,0.1815506,0.38385737,0.08041717,0.35735756,0.48172855,0.20789778,0.06417434,0.5234066,0.27807269,0.27656457,0.47731474,0.6486419,0.54801965,0.14612077,0.12775935,0.6046214,0.2998834,0.7865455,0.3361268,0.27933085,0.2645148,0.09855156,0.5606284,0.5682706,0.06732713,0.052880213,0.108444296,0.25921485,0.2193105,0.28882658,0.3429237,0.43686342,0.34208617,0.3708753,0.037601437,0.2805923,0.2542491,0.060061347,0.0033041125,0.1463793,0.09310905,0.22097692,0.5847679,0.2762391,0.08931434,0.38100106,0.097509064,0.18299913,0.15231362,0.020760026,0.008927395,0.09265165,0.056608252,1.0794135,0.3642558,0.033057775,0.41128546,0.3087296,0.14432344,0.057204805,0.7485511,0.17506872,0.19739148,0.42241222,0.35178053,0.3882237,0.02009555,0.07443871,0.054002985,0.12500235,0.36976618,0.34089285,0.21219778,0.45320028,0.09633632,0.12549506,0.21303079,0.14583369,0.15677197,0.1213157,0.11599846,0.27134973,0.44968694,0.35994482,0.06279111,0.17386788,0.39050865,0.09485294,0.10965535,0.564929,0.014129924,0.35297775,0.54010177,0.11931721,0.20385912,0.23886642,0.016277175,0.020027556,0.18232933,0.37130204,0.10069588,0.18075395,0.21585217,0.006538156,0.12799539,0.25163877,0.14676735,0.11000175,0.16875029,0.30865347,0.33086973,1.1469831,0.06679745,0.17206608,0.15833002,0.30766052,0.107627526,0.019218158,0.006578286,0.24990565,0.09324017,0.22290558,0.08400146,0.028931076,0.18377495,0.0669093,0.16954726,0.04251367,0.21391588,0.11671527,0.035541907,0.058233846,0.164437,0.31409413,0.26789078,0.16001213,0.043637767,0.305518,0.6269076,0.18988757,0.21211669,0.12581846,0.57420075,0.42152452,0.3661918,0.05598789,0.16359916,0.13493149,0.053589333,0.31912887,0.12014852,0.5753841,0.12880978,0.4168396,0.12431456,0.06784718,0.47334564,0.5572741,0.27546847,0.011699606,0.51162773,0.47138882,0.14353222,0.2502826,0.09814792,0.22248875,0.0006141788,0.0390412,0.26514158,0.21002173,0.46926254,0.29665846,0.050968297,0.26118672,0.46401915,0.33709437,0.27137142,0.16109197,0.15534504,0.070080996,0.40420467,0.47332382,0.3380245,0.35272062,0.05739066,0.1777724,0.25457713,0.09369892,0.31641972,0.13367866,0.24187516,0.24625166,0.12935501,0.1451343,0.29339606,0.093087,0.039274957,0.18711981,0.3642292,0.3273259,0.32310104,0.29887655,0.51773554,0.30845916,0.22651096,0.09970182,0.5937934,0.20445916,0.1566897,0.024550542,0.13869235,0.0956658,0.63804305,0.7500181,0.14361612,0.04674452,0.3715818,0.5032232,0.5596595,0.24389431,0.0,0.2351515,0.09998922,0.18565774,0.14932685,0.23998588,0.4925332,0.26397005,0.08501153,0.97379375,0.12675017,0.2563183,0.007136454,0.1218904,0.13528174,0.15316527,0.10898354,0.24112913,0.18206844,0.14621267,0.1316016,0.45796692,0.054702826,0.1978204,0.15769684,0.13827881,0.260445,0.07130444,0.060467184,0.21211937,0.85522294,0.5155903,0.14503151,0.60440546,0.17193665,0.78997266,0.11726234,0.6682111,0.86089414,0.095235564,0.5177717,0.07245499,0.28514618,0.24897586,0.3711876,0.01175398,0.43149835,0.08892336,0.35458392,0.13503172,0.45708996,0.2882986,0.29128554,0.28014332,0.37388772,0.05631127,0.25956345,0.258179,0.06410366,0.058840774,0.2949258,0.23377252,0.08406451,0.20854886,0.063215524,0.15472513,0.3860898,0.08971467,0.13917205,0.05536334,0.5223702,0.32776812,0.057291545,0.66688263,0.0985348,0.094089895,0.0027721617,0.5339447,0.117183626,0.15285674,0.064153165,0.425848,0.063220695,0.05657661,0.22757202,0.07110918,0.06976267,0.22074202,0.69192123,0.31451556,0.5989591,0.12686174,0.06038167,0.15732196,0.15905705,0.55114996,0.12052007,0.24604723,0.15023316,0.08435257,0.64644694,0.2422572,0.2801711,0.043629043,0.023505192,0.10260064,0.3282956,0.20759562,0.034802422,0.0838077,0.55874395,0.027389713,0.09411303,0.15639131,0.27430394,0.036649607,0.15563044,0.24398592,0.63208604,0.09964365,0.4450134,0.1506882,0.56358564,0.16205761,0.043941073,0.16553073,0.23080333,1.0205177,0.91321146,0.4358226,0.16494165,0.024758857,0.0090159755,0.11636807,0.26541483,0.21419117,0.3161834,0.11869544,0.13914838,1.5743468,0.11175437,0.8278699,0.12690854,0.13183795,0.0013220565,0.28152776,0.04786198,0.38830057,0.25087243,0.26750493,0.016015325,1.2280762,0.1684019,0.28404748,0.2630918,0.25392467,0.7771784,0.040480733,0.12346749,0.9768862,0.036645968,0.1085949,0.0,0.020215407,0.5480388,0.026853407,0.32283145,0.4696647,0.16915168,0.8956951,0.37324232,0.7930213,0.20160978,0.009631088,0.16452172,0.6124865,0.42513698,0.20559223,0.07470949,0.12151198,0.33570677,0.06389744,0.3608436,0.6216848,0.3963334,0.059199773,0.45211688,0.33062384,0.36916375,0.29076833,0.30103955,0.116166145,0.3130682,0.083774745,0.0626178,0.12861285,0.116409756,0.3054172,0.574861,0.6060804,0.13211101,0.047168393,0.52262735,1.6414144,0.26523316,0.2767278,0.58867705,0.08964337,0.15825428,0.11893195,0.1522409,0.8245059,1.0228484,0.35607398,0.28030583,0.053757682,0.13649347,0.163973,0.020624867,0.22640257,0.04327411,0.14607966,0.24572437,0.053809483,0.2865091,0.1045951,0.35987264,0.2989505,0.0,0.18743661,0.12621048,0.16840982,1.7602481,0.61976963,0.17728002,1.0006523,0.0062603513,0.62702614,0.66454244,0.0,0.44535577,0.19668889,0.77977985,0.28984863,0.09490897,0.10657656,0.28705004,0.25752145,0.0,0.038568072,0.1185104,0.03240934,0.11983356,1.0716879,0.12657483,0.14299116,0.03564069,0.25718516,0.17448136,0.047363047,0.15361103,0.7475041,0.072678514,0.2143005,0.16958362,0.05608546,0.27074394,0.295617,0.07557066,0.3201837,0.10548453,0.6980169,0.35096353,0.1062284,0.23513557,0.9109106,0.0905871,0.042103387,0.001987093,0.39141774,0.46239263,0.633543,0.1474109,0.022588884,0.06629248,0.68550265,0.0,0.33278617,0.21668406,0.017429322,0.5149205,0.08422111,0.2218228,0.1407656,0.1383888,0.006127191,0.31663847,1.0798028,0.7560055,1.4003804,0.6745731,0.09681019,0.045424014,0.15819317,0.12380889,0.83680046,0.21158977,1.150671,0.01368458,0.29355106,0.13800001,0.40269,0.35575336,0.116167806,0.10253166,0.17621928,0.018694904,0.106780514,0.52038056,0.30189282,0.30958953,0.8575853,0.34631976,0.020583719,0.11997788,1.1468189,0.1579254,0.45921788,0.6899682,0.07655838,0.11552198,0.070140176,0.15958822,0.29233325,0.25228882,0.6712213,0.6368779,0.13019639,0.05099426,0.008961408,0.12175996,0.24450794,0.04479922,0.0083252955,0.027910436,0.056413855,0.016886286,0.30564004,0.105162084,0.20296076,0.43518484,0.088108614,0.7480214,0.2941155,0.2435108,0.48027575,0.6194457,0.040140167,0.22749254,0.23721544,0.29487067,0.12852903,0.066244714,0.26314586,0.03438984,0.14701383,0.03247344,0.5739564,0.4061316,1.239708,0.3217386,0.34642804,0.1455605,0.003977055,0.51476747,0.09803323,0.030189665,0.041109316,0.26652095,0.34153914,0.3825271,0.82105875,0.4971205,0.32151502,0.2562377,0.15934592,0.12450707,0.12730014,0.004965373,0.0030665735,0.40550703,0.013919917,0.00064120785,0.017179186,0.033582725,0.08876253,0.15136398,0.1303173,0.18706822,0.014096977,0.08984743,0.09877935,0.55113095,0.0056436304,0.15422055,0.054473516,0.030020522,0.17597106,1.6525382,0.0,0.23205832,0.12809479,0.48415512,0.4417082,0.20897165,0.33507633,0.0,0.49524933,0.047832582,0.29446545,0.14852525,0.060401466,0.025906263,0.041759327,0.18868534,0.03524211,0.17404766,0.008646161,0.40277246,0.2507559,0.119128615,0.019572891,0.006347705,0.21755712,0.020091161,0.029759426,1.4580361,0.072137885,0.2498503,0.7997116,0.20280752,0.084112525,0.58365107,0.15540196,0.31437033,0.28647432,0.0036883093,1.1010774,0.14479928,0.26601318,0.21403667,1.0615082,0.015692525,0.18342459,0.67218375,0.03834068,0.84929144,0.12901121,1.6110697,0.1796762,0.024648208,0.0006089126,0.04038008,0.40191463,0.24032043,0.6143005,0.22760567,0.18575472,0.15983003,0.021383557,0.14263766,0.10307939,0.020958986,0.10586393,0.26055366,0.121794,0.28943235,0.1977068,0.70924103,0.017964702,0.0740521,0.0023290194,1.1552937,0.27611905,0.5500509,0.23102373,0.04774125,0.9508308,0.8929173,0.07332055,0.25555584,0.016815115,0.2414119,0.01513401,1.5478368,0.081567734,0.03505552,2.146489,0.006748502,0.041254207,0.54231507,0.18430525,0.52392435,0.9396594,0.9295851,0.3684314,0.541962,0.29139102,0.0028270136,0.19379508,0.34788966,0.33282572,0.87713504,0.27617818,0.011379007,0.5441919,0.36707783,0.03252647,0.19501972,0.040909637,0.014581297,0.0009667586,0.3782757,0.16699494,0.23055977,0.09499246,0.004218145,0.3037663,0.2008099,0.0017541418,0.051378034,0.0,0.041253746,0.24170409,0.52605623,0.12562451,0.16044523,0.29411477,0.16573729,0.5364318,1.0584655,0.08201455,0.1301991,0.3694551,0.28755462,0.7846813,0.28200173,0.040708058,0.20496173,0.0051491773,0.52479315,0.44567043,0.117625445,0.016426574,0.27394342,0.11316015,0.2152077,1.3900063,0.0075653703,0.46875587,0.13280806,0.003793347,0.18529163,0.8540659,0.47836995,0.69284153,0.03443712,0.23404895,1.0865626,0.2991577,0.039646856,0.56991875,0.4847578,0.44044274,0.18897174,0.3261776,0.43985167,0.20028573,0.08673418,0.34985915,0.34686556,0.030673888,0.1864425,0.3492702,0.3298779,1.1077158,0.012020586,0.20707586,0.0062423386,0.47446033,0.07769275,0.48711547,0.45837373,0.35374686,0.3400392,1.6876984,0.04573094,0.22345957,0.06263758,0.9188266,0.0133732185,0.4207229,1.1658692,0.05820141,0.2733613,0.42899495,0.51942366,0.00028223195,0.050115533,0.8579243,0.03714392,0.1564585,0.43036425,0.14233698,0.1963076,0.28489563,0.18044078,1.1420937,0.35786146,0.007218716,0.041297942,0.009377327,0.3406726,0.37294734,0.0077870614,0.38233948,0.3285137,0.92792124,0.3393535,0.66617084,0.4797054,0.07613137,0.051351298,0.011064969,0.21164863,1.4570084,0.46351764,0.10273974,0.05503845,0.16825098,0.11375815,0.1912705,0.17307475,0.1954551,0.12577179,0.11503666,0.47501862,0.9413166,0.3025217,0.105116904,0.0972822,0.123728245,0.02099696,0.00012201009,0.05575778,0.5735611,0.09037621,0.58674,0.031953886,0.45666158,0.2962265,0.466405,0.2039502,0.3634717,0.19815506,0.110761255,0.044125132,0.5701473,0.45670724,0.08921071,0.04014087,0.103411436,2.449717,0.51125187,0.69552433,0.27303693,0.09503331,0.017193776,0.010837034,1.0473831,0.051065806,0.43577474,1.3193178,0.0007058276,0.094828084,0.6949742,0.1873106,0.09020439,0.0069264285,0.1497929,0.38789895,0.02278619,0.061246965,0.3186214,0.0006761586,0.068504654,0.16326725,0.33177918,0.2738431,0.12096262,0.15571511,0.5204128,0.13755326,1.0058212,0.0149661815,0.42202067,0.21830928,0.12356665,0.40095875,0.013114804,0.21921368,0.19147135,0.13427033,0.022227433,0.8362334,0.034512226,0.6789453,0.24874893,1.8492343,0.4521281,0.5315439,0.28494647,0.19184315,0.04462003,0.30918744,0.08740085,0.26955518,0.099213846,0.19584584,0.91217136,1.1012803,0.143031,0.23042892,0.35649493,0.43528017,0.62254894,0.2738946,0.0,0.01180737,0.578146,0.0428145,0.15595067,0.034413833,0.20284098,0.55717313,0.033103965,0.122323565,0.14617896,0.23647799,0.009756278,0.34566134,0.31444392,0.58841705,0.12354978,0.18836407,0.06779229,0.49384764,0.23905653,0.14109746,0.40947294,0.0,0.09644411,0.11367249,0.69515634,0.13597402,0.06021653,0.3641923,0.05783742,0.23762906,0.02038328,0.4604183,0.022765812,0.20572546,0.040092334,0.18029413,0.022215864,0.029455746,1.2611887,0.12502292,0.15196685,0.024703022,0.8246834,0.10590544,0.2626817,0.0,0.12583908,0.0,0.116734594,0.8147396,0.0,0.21689254,0.50947106,0.6231798,0.19323945,0.31705686,0.34342682,0.19726267,1.070508,0.30924878,0.016847428,0.091570735,0.0004326937,0.00127737,0.06002685,0.34644276,0.55015254,0.3847101,0.6143577,0.11715552,0.25390023,0.12580645,0.004876797,0.4000138,0.46867096,0.009845593,0.43891048,0.9152527,1.1497898,0.2719496,0.0038852948,0.12665513,0.20272332,0.52179766,0.071119726,0.01126565,0.16709545,0.063297376,0.042467378,0.3389095,0.01605413,0.02703419,0.20508839,0.8631186,0.81650186,0.044302955,0.032464515,0.82741845,0.17694095,0.1510867,0.016535105,0.005053836,0.6334512,0.004919452,1.1629419,0.22801428,0.11424337,0.08726711,0.088956624,0.2639484,0.35554177,0.1566009,2.1846075,0.09325365,0.04252631,0.13325277,0.4137476,0.0029257599,0.26955914,0.9370456,0.0006880475,0.10615826,0.005436809,0.26817203,0.4383412,0.088636406,0.092942305,0.054383047,0.7291906,0.37910792,1.1876163,1.0217326,0.4984316,0.32232976,0.01929212,0.14230637,0.10986249,0.38484633,0.21197662,0.48877117,0.3105715,0.03004072,0.4197333,0.3668482,0.013404278,0.9851986,0.13560821,0.32075006,0.006438419,0.06967038,0.17983985,0.5510365,0.36228144,0.04289266,0.16972193,0.33936632,0.14871165,0.21059401,0.94935447,0.012656977,1.524528,0.24435325,1.9534029,0.0029675197,0.02931998,0.6666472,0.38059497,0.38949177,0.24155161,0.46050465,0.8039875,0.4511456,0.067068964,0.6115445,0.111156404,0.3074338,0.06200756,0.50038993,0.13584287,0.028887559,0.15456644,0.43034717,1.7694547,0.519716,1.3460515,0.6866224,0.38977855,0.46574453,0.07877527,0.07836853,0.45470566,0.45060068,0.03785572,1.9661052,0.512444,0.7841768,0.24120937,0.010672735,0.7997774,0.23230517,0.30294073,1.1155533,0.16461858,0.27208054,0.11385607,0.82297957,0.4855795,0.15181552,0.57784027,0.055547662,0.35049024,0.17806368,0.397967,0.37358096,0.08119973,0.36554062,0.1634364,0.03456232,1.2461963,0.0542034,0.15394166,0.23928457,0.64222825,0.6230643,0.09834769,0.29104164,0.17056693,0.44544363,0.1746444,0.16631022,0.06403497,0.6890037,0.46196914,0.34816775,0.95595104,0.5483675,0.08663992,0.874962,0.07593253,0.038625475,0.032961648,0.0,0.0315789,0.034299977,0.07467539,0.060243167,0.46200818,0.27321762,0.4356239,0.46402258,0.028800916,0.28026146,0.46958995,0.088900164,0.15377876,0.9364993,0.29126233,0.35602528,0.09494004,0.6989304,0.6937931,0.37009183,0.44968295,0.61355615,1.5794871,0.38218373,0.18811938,0.538568,0.39959162,0.19342956,0.043316428,0.70237446,0.56020117,0.94321185,0.7127838,0.088505715,0.012090519,0.9613844,0.1746217,0.18130378,0.30967474,0.090747274,0.42034823,0.19182871,0.029548893,0.24274468,0.19443333,0.42094207,1.0516715,0.56216466,0.23220596,1.0042958,0.20477785,0.0,0.3062124,0.17292166,0.39858025,0.75892985,0.15880014,0.5677948,0.33126006,0.015442135,0.32420784,0.002208203,0.34638137,0.20654178,0.6119324,0.15359321,1.0082797,0.011321748,0.55141205,0.37967122,0.025213165,0.23400858,0.14656809
0.3149629,0.044783045,0.40073147,0.12714241,0.04899975,0.037087206,0.6066352,0.47421938,0.1934232,0.36575216,0.24169192,0.10281551,0.20962922,0.28828663,0.14825048,0.12533396,0.11354898,0.5349172,0.22472893,0.43067333,0.2417789,0.31123453,0.16852055,0.026019942,0.09748219,0.43181932,0.15104537,0.34400177,0.31817707,0.8623328,0.22325632,0.2155881,0.18149032,0.2378117,0.40264285,0.11385229,0.18817295,0.2930251,0.18109483,0.036082856,0.3355518,0.24447672,0.12026583,0.21983689,0.082171604,0.07881941,0.40511602,0.022883805,0.17774114,0.37211052,0.7745842,0.2651062,0.57225215,0.15721473,0.0783391,0.30338222,0.43141732,0.12545103,0.098402515,0.7016292,1.0356648,0.5711359,0.36491823,0.2516433,0.13323694,0.036432162,0.89529395,0.5638435,0.07636214,0.043320052,0.17535321,0.049146384,0.63729507,0.30544412,0.28339663,0.21570435,0.24041145,0.5485066,0.30287832,0.16658965,0.09780878,0.25527927,0.052780982,0.10315841,0.040658347,0.035248842,0.4604258,0.7024829,0.21703486,0.047112238,0.28712848,0.10383213,0.65816474,0.124658465,0.21349743,0.20667031,0.1419875,0.19248962,0.049550466,0.12274605,0.0053333812,0.7610357,0.24260697,0.3636472,0.14422998,0.156405,0.31514922,0.3710528,0.048627265,0.26838398,0.08229056,0.017702378,0.07166617,0.15906088,0.3918348,0.025513433,0.018960351,0.19595595,0.53044116,0.18692872,0.1912009,0.097886145,0.0032041015,0.1880843,0.16507274,0.18883564,0.11726902,0.17025144,0.21355605,0.24030817,0.56519485,0.2380001,0.074252725,0.08876281,0.2795511,0.07505861,0.8974879,0.058822695,0.646542,0.14239877,0.28847927,0.31629875,0.38049287,0.08147935,0.60930455,0.085831515,0.2599879,1.8066747,0.12532994,0.13042851,0.020363873,0.0691986,0.086277485,0.7075956,0.37875038,0.6752862,0.12223392,0.102938764,0.9388333,0.09997728,0.23969984,0.31083196,0.77261037,0.15021415,0.06335598,0.5175564,0.1522402,0.1372477,0.2248792,0.2783654,0.28305772,0.5477196,0.041757204,0.26241857,0.18331039,0.114136696,0.84206736,0.09270784,0.38573837,0.36386085,0.7116972,0.59648657,0.16606686,0.06700051,0.18465313,0.07900076,0.20252357,0.2022426,0.25271028,0.39111203,0.01606806,0.009530995,0.049882814,0.39159954,0.0007812492,0.16346401,0.48363766,0.20294294,0.44204277,0.40948242,0.2648267,0.10817298,0.21833387,0.021315228,0.1646313,0.09940185,0.4192338,0.43042088,0.26026022,0.17684452,0.09041883,0.22071674,0.033802584,0.7921324,0.116981246,0.071348645,0.46901315,0.07970269,0.08042818,0.06941836,0.22381288,0.6648784,0.17672539,0.12810539,0.067309976,0.104101956,0.23048389,0.08667207,0.45124376,0.5836124,0.021622779,0.33399004,0.35023978,0.07326457,0.19820444,0.14152169,0.31815082,0.10407846,0.5919206,0.028099949,0.2657531,0.090270266,0.16315708,0.3000241,0.20602486,0.18064643,0.30026317,0.036636423,0.48171574,0.6814351,0.34247437,0.30352432,0.07224224,0.14283198,0.2203834,0.043420907,0.10173666,0.4279019,0.47388685,0.6501168,0.4758429,0.24108338,0.33992097,0.61369205,0.16695593,0.08979615,0.33153254,0.041845158,0.32309076,0.19964516,0.15061036,0.24871212,0.0878592,0.15176362,0.26573533,0.70928156,0.1208097,0.22908567,0.21067737,0.02382457,0.1086075,0.3936131,0.18510026,0.19371352,1.6628938,0.16161367,0.16155958,0.16073853,0.2687123,0.2844894,0.070938624,0.39432424,0.42457116,0.0332347,0.26581022,0.5150439,0.362594,0.524943,0.07036907,0.43586987,0.15629607,0.6926258,0.27268374,0.2586599,0.60642266,0.08617878,0.2971591,0.25178492,0.0979618,0.80907345,0.10582798,0.44418395,0.45221573,0.3593657,0.41565737,0.18226779,0.1746197,0.004241995,0.34577298,1.2424173,0.48821673,0.54411423,0.0942487,0.029513918,0.07620845,0.25951615,0.14911708,0.071507916,0.01635541,0.056761265,0.5943849,0.4688167,0.13719636,0.26536053,0.04196168,0.50955564,0.32400054,0.29615542,0.038588773,0.04159069,0.003343338,0.5026435,0.1711337,0.27057618,0.09653099,0.075972915,0.10803776,0.14118364,0.09014861,0.049960647,0.10327183,0.5577091,0.02065021,0.07862973,0.5398116,0.4054678,0.10609847,0.035351224,0.24815276,0.08703104,0.216143,0.0022701253,0.22999671,0.013787828,0.030345844,0.4641906,0.26599902,1.1223762,0.97086096,0.646754,0.30133736,0.12304291,0.21382558,0.29781353,0.32592252,0.15694183,0.082371354,0.040650595,0.36914647,0.2008194,0.28977546,0.42455786,0.38995874,0.31331182,0.008779847,0.23221925,0.31076372,0.18196386,0.11249379,0.12614499,0.23546058,0.41933444,0.26198965,0.005225824,0.24117534,0.9228664,0.1977841,0.19094758,0.15401563,0.3179332,0.10622466,0.089995965,0.21402606,0.19832356,0.13749135,0.39233428,0.16992624,0.32490945,0.62021583,0.059394047,0.40715504,0.09911807,0.18770286,0.02895698,0.29601327,0.7134304,0.33255565,0.23933384,0.20096913,0.4237627,0.16028926,0.41258758,0.026304668,0.043262742,0.22283873,0.109663025,0.34130603,0.29901817,0.08925617,0.04312952,0.18170547,0.070985414,0.12033327,0.16320945,0.074536316,0.098739654,0.14379509,0.04874033,0.19158186,0.0,0.16499093,0.2464993,0.09539925,0.18840669,0.094211176,0.29496416,0.07819384,0.31665945,0.39531454,0.11676706,0.11577259,0.31319338,0.14138918,0.06274408,0.26654905,0.35979158,0.40293363,0.36855313,0.48658007,0.3510477,0.0019965316,0.2212623,0.14963613,0.31667548,0.04368955,0.071060896,1.2514396,0.5160687,0.092188574,0.28559774,0.5731965,0.3627711,0.20240232,0.048660144,0.052618735,0.23969266,0.040967878,0.06797225,0.46851063,0.06304346,0.2861669,0.3110152,0.16844894,0.09036371,0.3576163,0.17143019,0.022859955,0.27230346,0.22542094,0.1672622,0.20141515,1.0108974,0.10794175,0.7035415,0.08725211,0.5792458,0.43113834,0.12416442,0.1965589,0.35876542,0.32281974,0.0620955,0.21578777,0.079071015,0.3645789,0.038529012,0.117397584,0.25363028,0.4901051,0.12516071,0.31898516,0.3046571,0.7479695,0.09772472,0.30715784,0.10521624,0.8243345,0.43094444,0.23867217,0.07342638,0.31662345,0.14149599,0.15819755,0.3308095,0.15311827,0.15113765,0.22597383,0.25595927,0.80631137,0.5523282,0.006350789,0.18405505,0.3012891,0.25186467,0.43137732,0.83289313,0.22363845,0.5803556,0.09457613,0.36008015,0.25413764,0.22036967,0.14353183,0.1336736,0.034730684,0.065342106,0.39638585,0.050687782,0.263627,0.21788588,0.056453247,0.24058264,0.037621256,0.091524035,0.39182392,0.26898095,0.16844787,0.081783645,0.16386391,0.059940293,0.19369885,0.10575336,0.10006586,0.24214992,0.63156295,0.2081172,0.15265104,0.42046475,0.63935447,0.0905352,0.4187098,0.23271996,0.29649898,0.019107241,0.43224472,0.16027102,0.12736931,0.08197456,0.40367973,0.0,0.06509628,0.15614107,0.10592751,0.07547213,0.062233884,0.11193455,0.27825105,0.14961207,0.04860716,0.33600053,0.08326732,0.091860354,0.33731303,0.34413412,0.6642467,0.051253933,0.03805087,0.18540281,0.11328437,0.079795524,0.13773683,0.37096807,0.40346485,0.053419977,0.17173907,0.044395413,0.08874078,0.14377522,0.46926743,0.09982194,0.031154659,0.12993577,0.37875077,0.05571269,0.175491,0.24732889,0.05256773,0.024381272,0.14469144,0.26005173,0.20803708,0.42331386,0.0018284592,0.062376294,0.052905463,0.109493926,0.18578383,0.16464803,0.08789072,0.5286413,0.034413517,0.07450182,0.020877553,0.08322708,0.14026493,0.4804835,0.118665464,0.18765828,0.055576377,0.21389347,0.14228535,0.9699006,0.17164686,0.12017734,0.08474403,0.13445944,0.15604213,0.7264379,0.077738516,0.27651083,0.09821151,0.21207547,0.49429998,0.31722203,0.38939488,0.3579469,0.1379645,0.11992028,0.08223899,0.051962152,0.18876958,0.08518423,0.19328505,0.11045501,0.06877987,0.077536464,0.48755997,0.16903195,0.21109971,0.38611776,0.031774268,0.3644929,0.10448442,0.28848308,0.1865519,0.122309126,0.14612374,0.1667088,0.11279799,0.046008043,0.8445859,0.09444541,0.48338535,0.5219847,0.09839707,0.15220693,0.004829875,0.15899768,0.59996676,0.14983422,0.087231636,0.020737154,0.2129448,0.22995546,0.1057784,0.17844656,0.28267586,0.6279197,0.09120314,0.08705941,0.12316501,0.414064,0.3667148,0.3220936,0.23836054,0.049358487,0.052203808,0.27205887,0.026731309,0.40933147,0.4561526,0.5511619,0.09121351,0.13812065,0.081816144,0.120407894,0.31860504,0.057079904,0.07207884,0.59840167,0.2531877,0.24466476,0.012223576,0.09008126,0.13488026,0.01958638,0.015295444,0.1785165,0.15704939,0.012899073,0.15021636,0.06354896,0.21646833,0.07176462,0.2506768,0.04850988,0.25835788,0.029799655,0.15658242,0.95913255,0.032909825,0.24471878,0.08413768,0.23704615,0.12718858,0.005457628,0.16479987,0.21144125,0.0738801,0.21847588,0.18578091,0.2747471,0.510919,0.56810045,0.5000553,0.2634129,0.14103147,0.18862864,0.0860713,0.046777405,0.28974998,0.28395027,0.025615737,0.054710265,0.050765336,0.21588233,1.1727415,0.7983927,0.041261595,0.25773478,0.46712768,0.23391223,0.53773284,0.0,0.17104915,0.3284853,0.066265084,0.30303842,0.50515807,0.21644913,0.12802216,0.48353422,0.25922555,0.32236716,0.39457613,0.6004636,0.48072234,0.21341486,0.13358814,0.5792056,0.22798654,0.8139912,0.35006905,0.2897299,0.32844815,0.09539735,0.5347373,0.60561824,0.05045525,0.18393746,0.18463975,0.30385277,0.2934695,0.2905305,0.3462302,0.45115423,0.3173967,0.34833318,0.038112346,0.2947714,0.24536893,0.061304666,0.0030003756,0.098575935,0.08953342,0.19874091,0.63921744,0.20019999,0.0679876,0.45022774,0.09285434,0.2005767,0.23978621,0.043953985,0.042806186,0.08877624,0.06591516,1.0806317,0.42684692,0.024604468,0.4791679,0.29938024,0.1910635,0.053528637,0.7776823,0.13491897,0.24491885,0.51841295,0.34097221,0.47433996,0.022054428,0.07036846,0.1217736,0.11533717,0.50992405,0.38118145,0.27829412,0.437908,0.0665736,0.09727969,0.16242103,0.12234391,0.1032812,0.13909946,0.19797769,0.28789586,0.52573836,0.39890608,0.06605987,0.21530552,0.3952884,0.14001565,0.07275501,0.5607419,0.020546352,0.3917409,0.5935758,0.10073677,0.22388476,0.21104006,0.009996669,0.06367845,0.1534721,0.37005496,0.07682502,0.24800827,0.26109374,0.013441717,0.09604297,0.31292304,0.1988503,0.13796283,0.18537757,0.33535808,0.37599468,1.2065923,0.0899792,0.16288207,0.20022598,0.4120047,0.19603842,0.009493008,0.011467716,0.33080772,0.11471654,0.26632163,0.07181288,0.037102565,0.12399359,0.10126496,0.18277496,0.049055483,0.25694278,0.11411215,0.0361612,0.042460162,0.21643141,0.35259724,0.1979737,0.113694906,0.047210086,0.31602538,0.6427469,0.14229047,0.24007219,0.103163555,0.59182525,0.44158942,0.4097114,0.061615996,0.18469194,0.15503094,0.10508491,0.33270103,0.10566907,0.6450274,0.18896756,0.4505668,0.07228075,0.077684075,0.49264872,0.54415953,0.226958,0.028552573,0.43870986,0.4408533,0.19978403,0.24857894,0.0971791,0.31308138,0.0040074377,0.062417544,0.27652192,0.27840477,0.401644,0.24185692,0.028841415,0.26963812,0.4480765,0.34527543,0.23323862,0.17980629,0.14669204,0.11315097,0.44400978,0.3883149,0.39220557,0.3069768,0.08220502,0.16494396,0.23998073,0.116401106,0.32086062,0.13588417,0.24599198,0.2967447,0.15767045,0.16133368,0.27195835,0.119472966,0.014077945,0.12426181,0.28038415,0.3587895,0.2923053,0.30905575,0.4416259,0.37869856,0.21860895,0.11239433,0.45395887,0.31111187,0.22460064,0.030220494,0.10892559,0.12361894,0.6543267,0.7540474,0.121182576,0.08209866,0.42860976,0.39702123,0.5011995,0.23856838,0.0,0.21173418,0.14614972,0.17128405,0.15038458,0.2704829,0.49546826,0.28563288,0.08610108,0.9101408,0.10094117,0.27618158,0.008666789,0.17082441,0.13374734,0.09367752,0.1220085,0.2064999,0.3085031,0.1788773,0.10506016,0.5371933,0.050187364,0.23279302,0.110381566,0.18215942,0.24748208,0.046516746,0.09215065,0.21900639,0.90168124,0.44168273,0.16008991,0.55778736,0.2119231,0.7576635,0.11725054,0.69389623,0.8750042,0.06746741,0.66118014,0.13539265,0.33300105,0.25095415,0.45961627,0.029915148,0.39790714,0.068708256,0.32148376,0.08810954,0.50925654,0.22719282,0.25873435,0.29926425,0.26637113,0.054776076,0.2414557,0.28462678,0.038781106,0.044503935,0.4153189,0.24584317,0.0875295,0.29697713,0.06865214,0.22408584,0.34658778,0.14337444,0.08017506,0.07838303,0.53895134,0.40468526,0.08394559,0.6221092,0.12001605,0.05699992,0.024230035,0.5192479,0.1520167,0.1817424,0.052388832,0.3794902,0.052433725,0.08760199,0.31532863,0.07750173,0.073575824,0.16004108,0.68337727,0.31648374,0.5678148,0.10593295,0.090608075,0.20389743,0.17231542,0.5682194,0.18251747,0.2568032,0.19250986,0.056482352,0.7117621,0.29990846,0.29932857,0.07562083,0.008376038,0.09987517,0.31269664,0.23065522,0.04250752,0.06930763,0.54465413,0.08373542,0.10010123,0.158658,0.3014286,0.053415347,0.13218412,0.3029194,0.5971428,0.10102167,0.5458404,0.14893785,0.5496564,0.13773811,0.08625452,0.17082113,0.2135542,1.0294755,0.96761423,0.48592356,0.16334732,0.036016695,0.008450658,0.14609966,0.17213595,0.193438,0.3907004,0.090774335,0.16033721,1.6305714,0.07256058,0.8160087,0.11270526,0.1540675,0.0020924713,0.34583923,0.08168022,0.32087594,0.26936638,0.30941412,0.020578077,1.2684872,0.16932863,0.22112583,0.30636042,0.20748281,0.84371096,0.055683494,0.15480797,1.1125139,0.051707022,0.11032708,0.0008059992,0.03936178,0.5254928,0.018695604,0.39315185,0.46416068,0.18364432,0.9947021,0.3864605,0.79564756,0.24824771,0.009959839,0.1007849,0.5860313,0.37243164,0.2047883,0.078352824,0.13338819,0.317724,0.08514905,0.39865118,0.5704253,0.49085158,0.046982337,0.48524487,0.37804598,0.4373849,0.29612976,0.36533853,0.11814394,0.26159155,0.0967755,0.023980081,0.081705,0.09317815,0.24698983,0.51865464,0.5282637,0.11027362,0.08521349,0.51894516,1.8424428,0.32737535,0.31259143,0.5139239,0.09904708,0.12387181,0.13765417,0.14150724,0.78296685,1.145772,0.3323574,0.30176595,0.06777434,0.14721993,0.17115599,0.031489592,0.36193633,0.033947885,0.14912981,0.2395727,0.049674623,0.4012366,0.10102768,0.3585989,0.32890755,0.0023126106,0.21712454,0.13094935,0.16262034,1.6855237,0.55838084,0.1554327,0.99097085,0.008252805,0.625769,0.61597466,0.0,0.59585625,0.19179556,0.79333043,0.35336053,0.086958215,0.073443666,0.24468756,0.2122727,0.0044830907,0.06215605,0.1412902,0.037617683,0.10149968,1.0822295,0.11296053,0.14288491,0.031865403,0.2676535,0.1611622,0.05169936,0.15299532,0.90237397,0.13003953,0.18918829,0.120399706,0.04207383,0.27087817,0.303522,0.11211579,0.40103406,0.095519446,0.6866534,0.42608812,0.11824715,0.23024559,0.98090166,0.05940281,0.074407764,0.0019059614,0.38863617,0.45055985,0.7234303,0.19002095,0.016272664,0.07771228,0.70333207,0.0,0.2828861,0.18444061,0.021050094,0.61916375,0.11730307,0.22689551,0.13254711,0.12514573,0.02279325,0.24598926,1.134331,0.8417889,1.3045292,0.6974737,0.10436849,0.06653048,0.14636254,0.11305852,0.9038359,0.18795624,1.0812515,0.025267612,0.24306056,0.1410069,0.38268298,0.3574402,0.1308046,0.09848912,0.1561484,0.019887008,0.16798463,0.5568873,0.353354,0.3138144,0.8991939,0.30915985,0.039140936,0.09646756,1.0973928,0.18432403,0.5384098,0.7217067,0.07735325,0.15749493,0.068223044,0.15105447,0.3491106,0.26500732,0.6816027,0.61778927,0.17875367,0.065957814,0.03848815,0.15747984,0.33266348,0.102841124,0.024599891,0.01806572,0.029128127,0.019390061,0.2999906,0.1048374,0.12192224,0.43618912,0.12312678,0.79676616,0.39476007,0.31456178,0.5551543,0.61726344,0.06680587,0.22591886,0.41733468,0.37521303,0.09274432,0.12606849,0.26878583,0.04930546,0.16776003,0.054140255,0.6754815,0.37075835,1.225711,0.3111852,0.44576943,0.15098487,0.007381966,0.5311524,0.14139475,0.008360724,0.015333636,0.23407166,0.34661025,0.51218915,0.92464364,0.52032876,0.22568601,0.19604322,0.13198158,0.13637793,0.12407763,0.007729405,0.014817929,0.47745386,0.008811044,0.008556917,0.034697607,0.0440282,0.08064543,0.22013846,0.07127397,0.1863566,0.04673402,0.089498825,0.132904,0.44376275,0.016715616,0.15018368,0.067432195,0.027977189,0.14368033,1.7606945,0.0,0.22150037,0.06175815,0.42372042,0.42633063,0.22908448,0.33978936,0.0,0.6966096,0.03466687,0.38110518,0.12551168,0.037874367,0.018769931,0.027373187,0.21656047,0.033657774,0.1718398,0.03473053,0.39414084,0.23782776,0.11119565,0.031831175,0.0069220583,0.3037385,0.029458694,0.041039478,1.5988381,0.043087665,0.18790361,0.7302635,0.22823699,0.021888545,0.6093048,0.1817928,0.2687645,0.2309244,0.008660627,1.086993,0.14616488,0.26163834,0.31883097,1.0573082,0.0771901,0.15186414,0.76563674,0.11137189,0.91054827,0.122310385,1.4176989,0.19004783,0.024833042,0.00832959,0.094303146,0.42677507,0.25204644,0.5738491,0.21467267,0.23786873,0.10300785,0.0029708545,0.10482077,0.086527765,0.020283855,0.09813179,0.30092096,0.14931303,0.29417798,0.25673532,0.66690844,0.02242892,0.09444372,0.0029812155,1.121733,0.33957052,0.5892502,0.19197512,0.080696866,0.98397964,0.97226846,0.08760522,0.23426229,0.009555011,0.17361735,0.024179798,1.5849674,0.076180875,0.050378982,2.217474,0.0125075495,0.039850034,0.59340143,0.23396724,0.65569705,1.005258,0.9804828,0.3430802,0.50885105,0.18982762,0.005090842,0.2575881,0.3520417,0.27646676,1.0341742,0.35016078,0.010188743,0.5411012,0.34661773,0.040401824,0.14977007,0.038976837,0.013253339,0.0030966273,0.2982729,0.15415941,0.22591534,0.062061958,0.009199489,0.34444684,0.20957103,0.002385901,0.04845304,0.0,0.06896201,0.24140789,0.5406859,0.1302091,0.082695745,0.2220129,0.13637634,0.52602035,1.1058596,0.090436,0.09718987,0.34732974,0.33968532,0.6727925,0.32059127,0.060289685,0.22794282,0.04193523,0.5536796,0.5450929,0.12574641,0.015339458,0.28332323,0.16384068,0.2817772,1.3690305,0.018828563,0.41805422,0.12003136,0.00034318728,0.1900355,0.87787473,0.40443158,0.8241112,0.056447525,0.18544951,1.1707702,0.26488042,0.050557584,0.593639,0.51422286,0.44552907,0.26924786,0.36416188,0.44792783,0.22341527,0.066766456,0.27136052,0.3351425,0.054477252,0.20719513,0.31130648,0.46136367,1.1542435,0.020037653,0.124700055,0.005448076,0.5454382,0.1535025,0.449481,0.5410489,0.33952382,0.25559846,1.6983836,0.08735378,0.25671196,0.09361926,0.8761014,0.046990708,0.44641462,1.1290169,0.06755219,0.24687724,0.34694952,0.6090702,0.0,0.04055845,0.9319905,0.044961557,0.13073209,0.46175748,0.15272525,0.104637876,0.28972387,0.2651804,1.0923796,0.36130625,0.013720754,0.043563098,0.0036040004,0.30406293,0.4102816,0.011798283,0.3525267,0.38488257,0.84238875,0.30630207,0.78325546,0.47975412,0.04415536,0.024089731,0.013104616,0.19744806,1.5461361,0.47372952,0.124630824,0.047363587,0.111963004,0.086426556,0.19135201,0.2824561,0.354523,0.14294413,0.077062696,0.57021725,0.98205066,0.32604158,0.10712543,0.057840165,0.09426908,0.023490751,1.0061007e-06,0.07226986,0.6398833,0.042894967,0.48016834,0.07468068,0.37609398,0.31817394,0.4380787,0.3354594,0.30670884,0.24177563,0.059878334,0.049993314,0.46165162,0.4646601,0.07347677,0.041940115,0.09794177,2.663651,0.5565274,0.82737494,0.2785253,0.10702515,0.02592063,0.013057547,1.0343906,0.057181597,0.5526152,1.2760272,0.0060502877,0.15034664,0.6478228,0.1612843,0.097568884,0.013195019,0.15668635,0.3040532,0.01904608,0.035913996,0.34221894,0.0005964726,0.053047746,0.17472051,0.36198527,0.2703132,0.18839455,0.18865636,0.42939758,0.16463445,0.963015,0.017018285,0.41164547,0.2404663,0.13128081,0.4218772,0.012425746,0.35802084,0.21862711,0.1576345,0.017627513,0.84025836,0.017853167,0.73722625,0.28812802,1.6975694,0.4029556,0.40789682,0.3384171,0.19848886,0.04463184,0.31826288,0.099828646,0.287821,0.102957435,0.26983953,0.8658693,1.2314467,0.089912124,0.15920708,0.43515077,0.38428074,0.6315499,0.24273016,0.008338665,0.021450032,0.5886965,0.0703287,0.10008324,0.046240702,0.18945542,0.52853954,0.037238166,0.11544716,0.14230292,0.22071838,0.045233715,0.2896369,0.29958045,0.7394905,0.109170064,0.19995356,0.07817969,0.5501367,0.18178411,0.101577744,0.43888617,0.0,0.101357475,0.06615873,0.7600447,0.13118044,0.03286918,0.37224686,0.025126865,0.2182895,0.023844484,0.49014902,0.10480881,0.24731667,0.04041154,0.21848881,0.027041893,0.059155796,1.1857156,0.10030278,0.16276771,0.031291045,0.8104239,0.12680766,0.23303765,0.002199312,0.12621695,0.0,0.12239324,0.90100145,0.0,0.18240608,0.6196133,0.50688016,0.17732695,0.47295076,0.31996784,0.22090071,1.1102468,0.31144172,0.015843198,0.083353445,0.043753482,0.0042932867,0.09488732,0.41034555,0.5382109,0.33975798,0.7131704,0.1711666,0.2217355,0.20229858,0.0,0.38145703,0.483411,0.017476346,0.49940118,0.9696146,1.131028,0.3140763,0.0049845558,0.10132159,0.18350989,0.53704935,0.048958495,0.027444014,0.22132689,0.048649326,0.040834896,0.3160562,0.028354611,0.019166388,0.25168586,1.0033259,0.7052499,0.049779132,0.02278989,0.76993805,0.21231027,0.18424252,0.009428382,0.0049140863,0.6643134,0.01310007,1.1078535,0.23941144,0.10037452,0.08840357,0.073262006,0.33174422,0.39558864,0.15025994,2.3461494,0.121171385,0.03641863,0.07551555,0.48382452,0.011585565,0.28484836,0.84248984,0.0012949969,0.1375894,0.01017065,0.22344041,0.4225058,0.10108359,0.079694375,0.06892567,0.67042446,0.34388822,1.0093789,0.90652514,0.54245776,0.29862154,0.044123333,0.12750608,0.14079946,0.42403334,0.15212059,0.45198062,0.3618782,0.02385555,0.4005472,0.33000216,0.028780945,0.9580231,0.14911655,0.39509195,0.018599741,0.08710311,0.20105284,0.62108827,0.43983135,0.055387344,0.19913113,0.3482709,0.091138825,0.2414613,0.83907735,0.0034678266,1.439306,0.20730647,1.8974752,0.013525935,0.024485994,0.5906511,0.39076418,0.39245278,0.24183816,0.5200826,0.74252695,0.40731272,0.061268322,0.7244506,0.14445557,0.36084795,0.04166282,0.42975622,0.11421513,0.054511454,0.17679885,0.4793475,1.7300208,0.47324008,1.3342302,0.5514278,0.44424403,0.49834165,0.08705223,0.07985103,0.4072988,0.4315427,0.053108864,1.7965957,0.49375036,0.845948,0.26223975,0.009172911,0.7327806,0.2610476,0.26515,1.1784616,0.16657928,0.27014095,0.117666624,0.8250716,0.44584715,0.16095352,0.46379262,0.043479018,0.43206522,0.2330979,0.38537815,0.40491226,0.0845789,0.2607567,0.1694437,0.052658796,1.2285621,0.04184053,0.13293347,0.2031841,0.68911225,0.60284793,0.11710347,0.3738845,0.17734684,0.4517207,0.120651305,0.15432835,0.058840152,0.5951911,0.4634849,0.34142944,0.9671031,0.47964317,0.074229226,0.9148101,0.10803964,0.024529018,0.041141823,0.000113384405,0.058032896,0.03755398,0.10438749,0.09412059,0.4938414,0.2324352,0.49219817,0.4596064,0.014506356,0.36482948,0.51574755,0.06911528,0.191884,1.0875454,0.34740394,0.33592921,0.13470702,0.66964114,0.73950887,0.36779708,0.5555841,0.54305184,1.4519478,0.33819276,0.20459068,0.57287294,0.36025208,0.17525846,0.05388207,0.7195821,0.6368293,0.9459033,0.7079276,0.11730444,0.021200782,0.91701627,0.19455259,0.16887057,0.22458954,0.084148824,0.36050966,0.19298291,0.04554779,0.24120533,0.1516216,0.3889429,1.1758854,0.70904285,0.19830182,0.9225056,0.15752843,0.0,0.2388079,0.1759798,0.42838782,0.8134075,0.13511088,0.5487662,0.2807936,0.009609617,0.33686155,0.0020080141,0.32351726,0.20607677,0.5677133,0.11019585,1.0949142,0.0061787134,0.54547095,0.42307982,0.021198312,0.18448648,0.14211878
0.2564822,0.06480452,0.44367844,0.14066397,0.059723835,0.04803402,0.71784914,0.63634115,0.18632036,0.20540118,0.14349619,0.14195934,0.16722062,0.2289662,0.09564112,0.09516736,0.092826955,0.52902734,0.27078876,0.44457862,0.23235545,0.20024943,0.14444816,0.016284164,0.09456743,0.28457034,0.1850361,0.38550997,0.30421817,0.83959794,0.23056398,0.19152947,0.12611823,0.20186792,0.29128197,0.11528931,0.13847989,0.24335843,0.18928611,0.09404393,0.4127449,0.32539344,0.1852524,0.38746208,0.05755764,0.047173258,0.42639175,0.043073863,0.112479046,0.37545782,0.557293,0.24375519,0.9194883,0.24307308,0.0788707,0.20742664,0.389305,0.10124933,0.06738465,0.62797916,0.7680459,0.33150733,0.3136661,0.39685154,0.2720198,0.0,0.8998741,0.572852,0.09588453,0.066442385,0.14696895,0.20411178,0.4836057,0.33812433,0.24307427,0.26216194,0.19418746,0.5205354,0.48184904,0.14047265,0.16737515,0.21249728,0.033455156,0.1323773,0.042410564,0.24070475,0.37596834,0.7736357,0.19215718,0.026403328,0.27834672,0.029187862,0.74088776,0.2145372,0.19200179,0.09100329,0.09172572,0.4184358,0.05703587,0.1472083,0.008972226,0.66304016,0.19058493,0.4197131,0.09998267,0.2577583,0.28621906,0.5110578,0.040489048,0.20780706,0.11978983,0.049708337,0.054324277,0.23661426,0.38851863,0.08273065,0.026993506,0.13864464,0.5159416,0.15358238,0.19843613,0.08830622,0.07784036,0.12532204,0.10522488,0.21773511,0.12472476,0.18490702,0.17699444,0.33651507,0.41790593,0.2582333,0.11778637,0.16462664,0.30931148,0.098505944,0.79430306,0.10003726,0.754715,0.10190629,0.4035946,0.18764275,0.22353797,0.0884987,0.5366115,0.11839333,0.23192559,1.8211279,0.17480338,0.30242598,0.005668276,0.044925097,0.041462295,0.80100405,0.4223239,0.6589024,0.14740096,0.060244225,0.898208,0.17318928,0.40047216,0.46095672,0.4908693,0.2023697,0.08738186,0.3936781,0.1921592,0.19806702,0.15131107,0.28412527,0.2803484,0.6350176,0.044974044,0.2614253,0.21043146,0.17474476,0.82820433,0.14297418,0.24885625,0.3978389,0.654171,0.4400913,0.11819701,0.06838208,0.17285918,0.08260422,0.20604162,0.16220024,0.23507562,0.38620257,0.03421033,0.020507613,0.06943861,0.49821973,0.024888888,0.12602887,0.45322642,0.11249541,0.4808628,0.41236228,0.25501606,0.13121851,0.19035308,0.0782062,0.09675932,0.10152659,0.37068522,0.46875906,0.29552186,0.26384354,0.050076358,0.13088787,0.05966896,0.67381716,0.051572308,0.15072791,0.17039278,0.048735537,0.07117394,0.0691363,0.321316,0.8644968,0.14286625,0.18615955,0.08204211,0.15978286,0.24878219,0.09747224,0.44406873,0.5368449,0.0,0.4842021,0.5110012,0.058886606,0.16767251,0.16436142,0.30910093,0.1883035,0.3524475,0.02654573,0.16970824,0.05985088,0.12558465,0.18444577,0.16732283,0.2748835,0.2456387,0.01359611,0.65292645,0.5999122,0.34853417,0.2764582,0.051504295,0.11915285,0.27089658,0.062212244,0.038516656,0.46489727,0.37829292,0.4587844,0.5041475,0.23775303,0.44936442,0.6343161,0.13819906,0.1454243,0.4031729,0.0626178,0.26335433,0.22869068,0.25963145,0.18734032,0.09298311,0.21672937,0.2113016,0.6699327,0.09520413,0.14355527,0.18577315,0.11549513,0.05079114,0.4620938,0.26474324,0.25034717,1.4376249,0.08031958,0.08681947,0.21942678,0.17320415,0.19513038,0.06377079,0.41858947,0.34502795,0.16649915,0.30448443,0.33367038,0.3513813,0.32481074,0.17870578,0.58356756,0.21327832,0.53067803,0.35585958,0.2641595,0.50030804,0.10427077,0.12318523,0.24801809,0.27523124,0.91883004,0.28137922,0.37896273,0.4487725,0.35945165,0.25494874,0.06782101,0.10870391,0.0,0.30818814,1.4259864,0.3759094,0.32929134,0.111379296,0.22972168,0.08469577,0.07487124,0.2738917,0.13350557,0.045671716,0.05583141,0.67511845,0.29767004,0.13447995,0.20473468,0.013085325,0.47702897,0.18726489,0.15489067,0.066461705,0.04472436,0.0102795735,0.48347175,0.09532492,0.3231241,0.36675245,0.09046653,0.17539617,0.2615274,0.10769567,0.0638233,0.16602564,0.7036671,0.094368294,0.23839118,0.40284944,0.22768097,0.02292483,0.09509523,0.25152242,0.14129665,0.4822777,0.10256091,0.43049315,0.04139904,0.03469576,0.5423451,0.34060192,0.9793801,0.92445886,0.7273178,0.21507758,0.23137188,0.194954,0.06515202,0.19767077,0.19148126,0.15524092,0.05921344,0.2893594,0.26158226,0.23793648,0.102654494,0.39695933,0.33439744,0.083930485,0.22462183,0.097359315,0.26138413,0.07696949,0.049583133,0.24167663,0.40097192,0.30297095,0.10081928,0.2374362,0.57830346,0.16508085,0.22501427,0.13060874,0.34298906,0.07932651,0.11629947,0.049025893,0.2762608,0.18726942,0.24622494,0.07585181,0.15074965,0.5880508,0.07506867,0.5935262,0.27903706,0.3846966,0.060740903,0.36075556,0.6930713,0.2033754,0.37878352,0.15671709,0.35153902,0.3954776,0.39958024,0.021619547,0.094730005,0.22077712,0.31057155,0.31485143,0.12509862,0.2704785,0.035332482,0.04698775,0.09123688,0.15017475,0.16440634,0.107131645,0.11978927,0.3035869,0.02587003,0.35053876,0.01664971,0.073180616,0.20139284,0.13568833,0.2142522,0.08421458,0.30595678,0.196285,0.111829415,0.30670044,0.14712313,0.0900266,0.45127684,0.2942033,0.035394754,0.31419533,0.35791832,0.36862782,0.21806927,0.36924282,0.18257736,0.0046174363,0.2264333,0.0013127567,0.39372042,0.1352089,0.03223346,0.57167315,0.6846414,0.11666815,0.34783065,0.64004314,0.3610738,0.21731156,0.12481006,0.093605414,0.21210119,0.15536286,0.06837346,0.2132439,0.2173922,0.22535437,0.25460368,0.13119462,0.14054814,0.08171279,0.18513718,0.13047245,0.29651973,0.43915313,0.14278322,0.16296777,0.73808134,0.051960513,0.7288759,0.17112377,0.59853566,0.2183918,0.20166902,0.13416004,0.20836687,0.20240647,0.16578886,0.27903867,0.10129994,0.3525028,0.0557928,0.1867568,0.26437858,0.5841781,0.17857498,0.13624531,0.33390012,0.41637686,0.12778991,0.53936905,0.16743231,1.0187572,0.3234793,0.23537874,0.17485844,0.29278988,0.19038159,0.21076223,0.27752894,0.1551543,0.21483436,0.20193619,0.14644505,0.7701015,0.3467275,0.00024808655,0.1404126,0.16656037,0.22416706,0.26534107,0.9220401,0.059987836,0.47649038,0.07773742,0.43115324,0.15678295,0.1232997,0.1819199,0.12821886,0.0749938,0.062975265,0.33120894,0.060745664,0.17211246,0.35001808,0.1507363,0.29657364,0.06761008,0.09837174,0.23443383,0.17969751,0.35822362,0.12304329,0.31528592,0.014808796,0.13397396,0.17279151,0.15872887,0.45213252,0.43878645,0.27000165,0.14117873,0.19035162,0.75429636,0.11419274,0.34712827,0.35531396,0.38121393,0.09478865,0.33216304,0.09363079,0.094031036,0.072955295,0.3745458,0.008827334,0.10310629,0.13221909,0.11353561,0.110480025,0.09071754,0.2012794,0.29078776,0.17617299,0.011165027,0.38742942,0.19418578,0.0432472,0.2038801,0.22619939,0.47105694,0.07919018,0.029206932,0.19721217,0.18087184,0.10387514,0.1623066,0.4127,0.31789306,0.24403983,0.24967222,0.04897512,0.041904636,0.0746764,0.39836603,0.11645033,0.073424205,0.12435748,0.42786443,0.080412574,0.49667218,0.16584396,0.19488849,0.123882785,0.11190039,0.28390738,0.18935141,0.34021097,0.005654645,0.041594606,0.10823347,0.08463983,0.1995802,0.05637051,0.050773688,0.6171414,0.15742853,0.2017231,0.14571369,0.032657094,0.12785405,0.43768406,0.13573885,0.14328323,0.28413084,0.060343597,0.04996729,1.0328343,0.49325436,0.23390433,0.0691114,0.7453128,0.08642201,0.91221803,0.2062782,0.30191332,0.11684559,0.17590739,0.36098394,0.34257495,0.59878975,0.095523655,0.15118247,0.06499881,0.07755715,0.11474423,0.18519235,0.26681992,0.07613162,0.17197713,0.07039859,0.047053315,0.44899267,0.24529493,0.118700475,0.35597748,0.078406975,0.32442212,0.017669553,0.42670694,0.20910396,0.14125809,0.23696476,0.36106083,0.118309155,0.1035737,0.7520622,0.13471308,0.58930427,0.7559613,0.053171717,0.063519,0.0946637,0.08176259,0.38772184,0.13583261,0.12814686,0.1439031,0.12845585,0.35676014,0.030473106,0.11440984,0.21073397,0.4279461,0.16479304,0.0043967315,0.06271621,0.19332086,0.33230788,0.3038351,0.08671428,0.21667354,0.006109421,0.27725932,0.07811394,0.31467164,0.18079801,0.25875923,0.101854764,0.18396156,0.173748,0.14061458,0.20004022,0.104435615,0.08461459,0.53288674,0.4278102,0.23505,0.039340228,0.07252681,0.19735661,0.044044916,0.10405681,0.16650549,0.33857405,0.06554052,0.16075638,0.27801567,0.15751258,0.10744274,0.3879918,0.15964177,0.29651317,0.030671876,0.18835537,0.76298535,0.097791955,0.047075644,0.1806547,0.3294899,0.062677935,0.063810356,0.43510288,0.2010571,0.058059253,0.29094875,0.14489417,0.21265519,0.6888232,0.9888215,0.4973025,0.39477873,0.33964288,0.14523146,0.11348982,0.10700397,0.17557979,0.30798018,0.1320726,0.03953057,0.03303732,0.11752409,1.305717,0.51252997,0.22204733,0.23793295,0.22643062,0.14959547,0.2028305,0.0072460803,0.13219398,0.17418952,0.047507975,0.19035232,0.3744902,0.17557508,0.2214528,0.3307286,0.4809622,0.373092,0.39200318,0.6477227,0.0955293,0.23427832,0.1729401,0.940217,0.18587455,0.76371706,0.26360428,0.3832656,0.20868245,0.13387145,0.3848545,0.46405727,0.038800135,0.17466553,0.16815943,0.3160476,0.2850932,0.3388471,0.26263702,0.4510389,0.40357852,0.3897643,0.061703563,0.09374353,0.12285499,0.11957425,0.08851689,0.061882935,0.033732265,0.1922153,0.5434011,0.27512807,0.049590252,0.34092474,0.095966086,0.15470526,0.3103187,0.052590996,0.13904668,0.034831896,0.107517146,1.09526,0.53367674,0.12609448,0.37225538,0.21399254,0.4260238,0.197494,0.48062414,0.2304263,0.14352103,0.13795912,0.31590074,0.29770702,0.10016684,0.25679624,0.12032923,0.07880022,0.87415063,0.4020899,0.08269578,0.55341583,0.09688843,0.13544822,0.13664079,0.1708886,0.07249155,0.085269555,0.58105534,0.48943198,0.31753695,0.4841584,0.119723335,0.015885714,0.23144686,0.18948275,0.085529126,0.58000934,0.088987105,0.29481566,0.72869605,0.38680106,0.22028716,0.2175555,0.061527506,0.07127779,0.17915481,0.12530717,0.16748491,0.3171329,0.17006981,0.052872457,0.057050355,0.14724717,0.14690377,0.2668844,0.27363062,0.41575783,0.38752356,1.078923,0.016932443,0.10578166,0.25034302,0.37120712,0.19335118,0.024406632,0.027359642,0.37600982,0.31049198,0.29799116,0.06159497,0.14803773,0.15780318,0.17324546,0.1460194,0.13673335,0.31342584,0.105150096,0.0673642,0.023806898,0.06011774,0.41736048,0.20847428,0.21462336,0.07965915,0.37714997,0.55775666,0.29241788,0.16681445,0.09964525,0.4110901,0.19690233,0.4627337,0.18524736,0.21869762,0.12192468,0.16927058,0.29875305,0.10577618,0.61370313,0.23246461,0.21540426,0.073077336,0.20202471,0.40386403,0.6225561,0.23421535,0.15748617,0.2107251,0.5295584,0.13745558,0.32660565,0.063656166,0.24891445,0.102115154,0.053164512,0.35743338,0.160628,0.51163036,0.3418411,0.009648371,0.42004293,0.513512,0.26597264,0.23290816,0.17296714,0.26154214,0.14070775,0.47756022,0.13479397,0.44224432,0.25951812,0.11790322,0.18475312,0.46134377,0.1084661,0.25685647,0.07799193,0.2525012,0.28250298,0.32352877,0.4401331,0.1794559,0.22283092,0.017856885,0.11333226,0.2758569,0.29092097,0.09801298,0.30121097,0.28627512,0.26849172,0.40880185,0.06957059,0.23406735,0.1601636,0.21932752,0.11436978,0.15722127,0.19205119,0.44258693,0.64975953,0.07970616,0.098766014,0.404653,0.32326293,0.07703856,0.15126657,0.033981796,0.14989102,0.24073637,0.072271235,0.14834926,0.23374668,0.7018222,0.4319148,0.07134983,0.70965815,0.14550115,0.13591693,0.04716598,0.08867226,0.27056193,0.50024104,0.12474038,0.1924581,0.23458202,0.07439973,0.06270913,0.3990553,0.0226871,0.22444257,0.15676087,0.38787043,0.44804507,0.12288781,0.06300713,0.14517343,0.94279134,0.48637232,0.06951079,0.19541545,0.41604072,0.69492453,0.18750502,0.51052797,1.0673276,0.2766563,0.55758023,0.06944687,0.33024713,0.1383398,0.19662048,0.18104771,0.51565546,0.20321962,0.35741037,0.19718874,0.6311956,0.11545475,0.34513223,0.27517498,0.24151537,0.06260546,0.25797504,0.4417739,0.32115132,0.061971307,0.60411525,0.06471436,0.16465029,0.19759531,0.3929999,0.15293527,0.4999657,0.08172296,0.12713186,0.10217169,0.57203305,0.56843495,0.16600841,0.77243793,0.099516176,0.11442744,0.023638722,0.51007855,0.1386803,0.38663462,0.25809088,0.4201537,0.08004536,0.11970417,0.19418259,0.05179087,0.10574019,0.2366785,0.46574518,0.41493562,0.6414204,0.34745544,0.14841579,0.15550676,0.10070664,0.4020533,0.45333755,0.10235015,0.22268417,0.047335774,0.37333208,0.21066949,0.28563118,0.08151247,0.0038667582,0.31640607,0.21629187,0.30121207,0.1067218,0.14127252,0.31605053,0.26068634,0.16562071,0.32391077,0.30075702,0.03496605,0.1121601,0.21478966,0.58357465,0.11828251,0.47232753,0.117899366,0.5230713,0.10691789,0.17419115,0.12614056,0.16655573,1.0398917,0.91266114,0.395603,0.20498633,0.05758795,0.02447014,0.07398015,0.3708433,0.16533217,0.38438892,0.11276004,0.105418965,1.5874357,0.14787106,0.5728532,0.08315207,0.16629887,0.0015846109,0.63155067,0.111159846,0.241819,0.22215603,0.19259611,0.015324969,1.4415538,0.1893881,0.19573092,0.058617994,0.21583363,0.6873343,0.08815625,0.17627586,0.78480077,0.045444936,0.18969104,0.0016272321,0.1185155,0.4311276,0.009369841,0.1529889,0.40180555,0.15863618,0.79789823,0.19865529,1.0053232,0.08663047,0.021504445,0.19356121,0.6598997,0.42515254,0.24498858,0.058631077,0.09589878,0.3582353,0.2108995,0.6151003,0.6520155,0.31300044,0.15626907,0.5539264,0.24018945,0.21954075,0.40484852,0.31109363,0.15076086,0.1010202,0.31180614,0.010682619,0.025045948,0.089299425,0.3865635,0.7712964,0.68650615,0.026442507,0.12315268,0.46493632,2.1362967,0.25177732,0.29363403,0.5630621,0.107925646,0.19824588,0.24059872,0.16829337,1.0386943,1.2165337,0.16824958,0.1813855,0.16198762,0.17464393,0.23025003,0.073541895,0.5020715,0.0064259395,0.16705614,0.29614252,0.00063905265,0.59524417,0.06770504,0.2637421,0.18510947,0.015482103,0.13679917,0.07530915,0.11560711,1.4045656,0.7377481,0.11573568,1.0916786,0.0811843,0.5470463,0.7156923,0.0035074425,0.70220923,0.108246095,0.5946388,0.12745208,0.07867435,0.10367763,0.21501637,0.17044082,0.035107978,0.002278026,0.038409054,0.006751979,0.15999705,0.83015996,0.124219075,0.06470797,0.045909762,0.26077247,0.06882187,0.10716592,0.22736973,0.6933638,0.2025861,0.14457858,0.08327516,0.038353443,0.28959522,0.44489026,0.12845874,0.19597006,0.20674753,0.577811,0.31176364,0.19090647,0.56465685,0.72331065,0.033280846,0.037741538,0.0019754383,0.31884158,0.44042432,0.6302582,0.08154568,0.01567801,0.032171268,0.47232616,0.0036832006,0.12444411,0.18209897,0.019946977,0.20815007,0.1793991,0.13732456,0.17074502,0.0077444687,0.06959682,0.10134309,0.8997247,0.42734072,1.1825848,0.48034883,0.06498649,0.02418884,0.109878495,0.15185982,0.37288362,0.32223153,1.0287749,0.008857975,0.12910399,0.013976366,0.344577,0.40644187,0.10407303,0.2055589,0.14124411,0.013487676,0.0445452,0.56948155,0.38158023,0.32844597,0.48141658,0.12444493,0.1378883,0.31329945,1.041494,0.18039313,0.4129262,0.6625591,0.054192167,0.21565814,0.0715965,0.11639786,0.20235473,0.34749377,0.33516288,0.4828195,0.20958668,0.18739957,0.029415056,0.07560307,0.36390516,0.29457524,0.0066879764,0.0068702823,0.021215169,0.043150093,0.35968566,0.25799894,0.23909327,0.33674854,0.13578688,0.59935176,0.39273393,0.2528842,0.66273975,0.09313821,0.0,0.27745244,0.42937726,0.23392238,0.0979904,0.030321375,0.2525944,0.025833903,0.11261861,0.030351974,0.783341,0.544073,1.3946102,0.3404606,0.24098702,0.19145852,0.018829526,0.63670623,0.39419568,0.027542049,0.051664546,0.23246881,0.2718072,0.37356097,0.8999375,0.5450369,0.459297,0.09717294,0.056182034,0.11320634,0.054815937,0.024934418,0.025257062,0.19446504,0.046855398,0.03027566,0.073785566,0.021325909,0.10681152,0.067586936,0.047615584,0.30740365,0.019084884,0.0040178876,0.06729709,0.6197867,0.074282534,0.22823268,0.124286145,0.06446892,0.27872613,1.3671677,0.00267781,0.35780525,0.047425162,0.4396088,0.28861374,0.17511718,0.073962525,0.005995522,0.15604472,0.038974345,0.22344358,0.20121664,0.10160169,0.0026966766,0.052652188,0.13410643,0.041351814,0.23800057,0.10809912,0.26296103,0.2071166,0.07928226,0.026138157,0.009224508,0.2484716,0.010078937,0.12838769,1.7005821,0.12062369,0.16662465,0.66427934,0.046324372,0.12559974,0.669786,0.30036575,0.13541603,0.17727184,0.0140348775,0.87374365,0.03493015,0.34454066,0.11546984,0.8839486,0.19162914,0.06702048,0.70639694,0.025989233,0.88038725,0.15776879,1.5140307,0.17429017,0.0237374,0.0,0.10174913,0.3640712,0.28350434,0.42478025,0.2712013,0.19935265,0.1123598,0.015642991,0.23695482,0.02409194,0.053883873,0.19056588,0.19983439,0.122671075,0.17646614,0.30371857,0.7213491,0.011810659,0.043436002,0.013332743,1.1260775,0.26112062,0.5166539,0.16012207,0.14838931,1.0140898,0.79863,0.12503023,0.19236763,0.017050285,0.120126605,0.0,1.2114877,0.15579878,0.016265675,2.2360954,0.027480803,0.07454072,0.437901,0.1285646,0.7363873,0.7550523,0.69842434,0.22451545,0.45200458,0.2859165,0.03999898,0.28332502,0.119399756,0.32527572,0.94029355,0.62934494,0.022849469,0.5354643,0.2104989,0.0054516713,0.14185181,0.1402105,0.0010521632,0.05573153,0.13747016,0.22113262,0.27297303,0.027647238,0.022365257,0.05938594,0.23681882,0.007998312,0.026069097,0.0009643429,0.026621217,0.09326735,0.33759433,0.246947,0.050463982,0.3853514,0.14067566,0.3787513,0.8162372,0.11460887,0.07037939,0.2564336,0.25951642,0.75049555,0.5476957,0.05420631,0.34494305,0.050535977,0.22204453,0.3841697,0.08400641,0.019277543,0.32680318,0.0725302,0.21476775,1.0354466,0.02243987,0.1631271,0.12854071,0.0025001848,0.18304455,1.2005587,0.49421182,0.9384431,0.04035613,0.26892683,1.1159561,0.20996645,0.041469313,0.79685503,0.69810295,0.4254191,0.48466113,0.37377658,0.53585917,0.37014467,0.07861155,0.1996368,0.2496583,0.0005125149,0.36727333,0.20255342,0.18931548,1.0084112,0.0,0.07524301,0.02511489,0.38731545,0.17539053,0.6644795,0.49363762,0.35128284,0.3071257,1.5497518,0.0634263,0.17682889,0.14284708,0.88636935,0.0,1.022083,0.8003891,0.24262622,0.62305886,0.21264017,0.5521346,0.0,0.03464591,1.1181142,0.091630675,0.26167357,0.36137548,0.07219852,0.116680585,0.12553674,0.119868666,0.67773616,0.43827784,0.018479109,0.13540728,0.02313794,0.35226172,0.47896636,0.031489544,0.490151,0.5058299,0.84775925,0.32489014,0.6014708,0.59919924,0.15840271,0.07282273,0.09461832,0.39356035,1.3623111,0.57810193,0.3346526,0.10956572,0.23002458,0.048112296,0.25803462,0.28354055,0.56509244,0.132588,0.070470914,0.5559149,0.8516502,0.2842763,0.20992002,0.0021873428,0.17366211,0.061049953,0.019858891,0.06078221,0.34385985,0.048836347,0.69592315,0.048430018,0.28942668,0.1807507,0.5472788,0.28116393,0.13410664,0.2301541,0.10551352,0.13031906,0.6135189,0.5626984,0.10109359,0.07209791,0.10934124,2.1909966,0.43425006,0.7802655,0.45619616,0.05986742,0.047285996,0.010623633,1.0993466,0.079365104,0.54830503,1.0475844,0.021984918,0.1034195,0.88704616,0.22289294,0.1939535,0.008433305,0.32681483,0.4046338,0.034379262,0.009285754,0.23027688,0.00534459,0.0,0.09264323,0.3284583,0.21678331,0.08163941,0.16203646,0.53890955,0.21591976,1.0192448,0.007375226,0.19078946,0.111396685,0.11067581,0.46327764,0.0021981944,0.24910706,0.29873115,0.15280873,0.03307326,0.6862004,0.049972996,0.63190997,0.2801787,1.8682033,0.5458862,0.1932202,0.4901651,0.39402908,0.0805873,0.1131646,0.030187417,0.25567004,0.22234085,0.12266344,1.0976644,0.80094725,0.12386532,0.13676473,0.13612553,0.435696,0.60929465,0.24766636,0.008666402,0.017803254,0.83676684,0.1979267,0.070663616,0.020800147,0.22045061,0.5070033,0.0429765,0.09203688,0.24048099,0.20721021,0.018515345,0.38869083,0.1327214,0.62167865,0.21100795,0.11876263,0.0626709,0.58994055,0.3420619,0.04168222,0.45534495,0.029684983,0.07206179,0.05695261,0.7708923,0.2788975,0.032585308,0.440869,0.01708283,0.3556761,0.025606364,0.36549887,0.08917877,0.3731175,0.2003896,0.115091935,0.12894556,0.03140209,1.423008,0.012454197,0.10284567,0.0016301284,0.6471873,0.2329337,0.05659118,0.014883789,0.018555693,0.0,0.08601661,0.6505201,0.0005413574,0.21379203,0.8028655,0.6544304,0.10690077,0.3366158,0.27429414,0.21076748,1.0441821,0.23586638,0.030775048,0.013139481,0.09079081,0.01800606,0.10576886,0.57746994,0.3273023,0.38431388,0.57557416,0.10258764,0.14442068,0.047929153,0.06985857,0.39792955,0.3880552,0.009205001,0.42151296,0.86919963,0.9160843,0.15760797,0.002731295,0.03501805,0.25624862,0.5944648,0.08813278,0.1572868,0.08566764,0.06863994,0.028862491,0.18626936,0.05024411,0.045486595,0.1295732,0.7663034,0.34403765,0.04725389,0.028002732,0.46416777,0.2707039,0.02886335,0.04190153,0.0023601528,1.0435784,0.0005745765,1.187846,0.19780925,0.14461105,0.30140954,0.04332792,0.13025606,0.14716628,0.10967943,2.1270888,0.06392227,0.056023486,0.1518606,0.4670463,0.010068121,0.21583325,0.79350364,0.09499883,0.13593015,0.03541471,0.19883348,0.55537134,0.18854871,0.17089222,0.08163386,0.38383257,0.46780688,0.97564965,0.5732013,0.59401053,0.5320953,0.009384975,0.11109948,0.10973314,0.35603657,0.0021512532,0.3857482,0.41777164,0.0,0.24580067,0.19708355,0.14832965,0.399679,0.07724011,0.28769037,0.014793898,0.072984174,0.08549979,0.4669751,0.31338346,0.019146167,0.2880075,0.1802967,0.12157377,0.37833488,0.75359535,0.1496683,1.292999,0.47033986,1.7532117,0.06609581,0.062353376,0.6922746,0.53909093,0.34486228,0.30253968,0.5049789,0.76742214,0.48770827,0.17416093,0.8559268,0.07497205,0.4196012,0.005226994,0.2150347,0.10938331,0.0053974018,0.23882955,0.446916,1.652241,0.43814114,1.511651,0.41812974,0.4128144,0.4127296,0.039119303,0.123163395,0.26103318,0.69725543,0.4133421,2.034802,0.8984035,0.5262902,0.24981642,0.036154494,0.55464673,0.24156624,0.07790179,0.9881512,0.3068179,0.100824654,0.22873057,0.62178504,0.59436303,0.05694404,0.2182985,0.12796164,0.66876686,0.31701308,0.4498722,0.32592008,0.23153886,0.13965234,0.1731892,0.107140236,1.1585436,0.057599567,0.22771034,0.28980792,0.4928706,0.76962215,0.09449802,0.04283298,0.050439768,0.33922273,0.05023749,0.068592936,0.08862942,0.36420846,0.4978283,0.3687564,0.82765377,0.45385498,0.018956192,0.86593825,0.23829404,0.025281247,0.10158254,0.0072238473,0.006788473,0.16460839,0.12989478,0.118805625,0.35741508,0.32368082,0.40382153,0.27503955,0.003113362,0.2697026,0.8395749,0.03289418,0.24423839,1.0657651,0.09123673,0.44341743,0.1121281,0.34737405,0.5483228,0.27394873,0.6642828,0.66340387,1.2588487,0.3574209,0.2107574,0.41947407,0.1800856,0.17431095,0.2391787,0.7043658,0.80129564,0.9360411,0.555236,0.19651426,0.18814027,0.541772,0.29389656,0.14730027,0.5439707,0.10315054,0.33709228,0.25690866,0.10339146,0.29109406,0.20489317,0.36493438,1.1879809,0.64094424,0.17368528,0.6869904,0.1868902,0.0,0.3422289,0.27920696,0.2913211,0.87528694,0.13554832,0.32676226,0.18351199,0.050427794,0.42669827,0.002225989,0.110512614,0.173164,0.7067286,0.19512099,0.59080386,0.1303173,0.25582716,0.5889354,0.03182794,0.2621656,0.074908994
0.26909196,0.036641877,0.39694604,0.16641466,0.07553864,0.10528387,0.70583904,0.39712,0.3477261,0.21355213,0.18627551,0.21226987,0.11563819,0.30186746,0.16089395,0.12877798,0.14151262,0.6162241,0.29344416,0.2836641,0.2332817,0.1507079,0.11911501,0.02352653,0.031209663,0.1601488,0.23140444,0.21817678,0.1981058,1.2676247,0.037439097,0.40185678,0.06801273,0.057066284,0.42463833,0.15475556,0.155662,0.21807247,0.15109874,0.07525258,0.30725133,0.30041385,0.2292259,0.18954208,0.051866952,0.062298544,0.43068326,0.15372398,0.25369215,0.26486808,0.5720093,0.23776609,0.9524033,0.34444743,0.09389514,0.13915332,0.29909515,0.11392045,0.09342426,0.7924386,0.6281854,0.35765463,0.26053953,0.21858573,0.3337649,0.04382641,1.0010686,0.54516697,0.085144125,0.03059259,0.16861065,0.080705404,0.40324548,0.28178513,0.30568776,0.18647574,0.1149514,0.5046668,0.52643216,0.33364475,0.13754183,0.20282924,0.05628091,0.055617552,0.037166692,0.3212931,0.30467188,0.70896506,0.19449562,0.04582978,0.29728347,0.018082831,0.75498366,0.13402584,0.22469154,0.10748877,0.08336274,0.21147193,0.108036436,0.09302262,0.06922709,0.68543524,0.09786315,0.6724254,0.09700516,0.26976925,0.4515459,0.65611166,0.06484713,0.060169138,0.052424125,0.063110605,0.07014363,0.33962792,0.2482529,0.028181726,0.0176837,0.10917094,0.49031085,0.19352478,0.28419706,0.10441539,0.07910967,0.11637428,0.08707995,0.23240876,0.044815216,0.23635907,0.16035959,0.5072332,0.52501893,0.3404053,0.10354798,0.1732492,0.3162642,0.05507429,0.6464347,0.08328458,0.6374282,0.25111994,0.34585923,0.19940156,0.24306099,0.13094258,0.8674183,0.102272585,0.2584644,1.5037919,0.020033909,0.34114963,0.0044912975,0.110835195,0.056269694,1.0079795,0.40427047,0.6143812,0.12151796,0.057974517,0.92774665,0.13543525,0.44275266,0.32452092,0.37725624,0.20428398,0.04924842,0.28582427,0.2250838,0.16351804,0.08859852,0.20439851,0.047646694,0.6167795,0.09889083,0.2580828,0.15586293,0.13398433,1.2766435,0.18654382,0.20457649,0.36052352,0.52418983,0.61027235,0.13136125,0.0675433,0.15299249,0.06344509,0.11653857,0.25816828,0.46764973,0.3685416,0.015249766,0.0054436303,0.034934927,0.60069644,0.016427416,0.13798293,0.32604158,0.14932904,0.26478025,0.41951793,0.38011333,0.14621098,0.1607498,0.06961023,0.11650112,0.046294913,0.37318152,0.29568243,0.35930246,0.11114428,0.11296193,0.14244956,0.037076347,0.66803575,0.19326727,0.05299023,0.14839323,0.036217786,0.087633505,0.010020164,0.32020694,0.7742549,0.25970238,0.08987331,0.041718923,0.16554709,0.105336234,0.1167092,0.5624062,0.52830887,0.02978807,0.5208426,0.42925856,0.08643632,0.043539353,0.13804516,0.2611817,0.0932849,0.2580024,0.0763407,0.20237368,0.053025477,0.15292257,0.143565,0.1832403,0.18256292,0.48782435,0.059610043,0.62202203,0.4840277,0.40284917,0.24706534,0.05290529,0.27214772,0.5386257,0.015284233,0.04835123,0.24508223,0.32506144,0.41553867,0.5405568,0.32300198,0.35222334,0.8147304,0.11874442,0.13510779,0.28799695,0.13532637,0.33570594,0.2179273,0.3376361,0.1487572,0.10782497,0.27964327,0.30473632,0.6467291,0.15095548,0.15828055,0.12886928,0.24868472,0.063823685,0.5851819,0.19659752,0.35217458,1.951329,0.028736569,0.17401169,0.2509099,0.22734138,0.22459865,0.025160462,0.3791222,0.31515783,0.16696155,0.28543606,0.45263493,0.16481039,0.6308562,0.071448,0.4497924,0.15702026,0.4835475,0.33199573,0.21243683,0.7943014,0.18687642,0.19885725,0.15178928,0.28495282,1.1760962,0.18694174,0.24363583,0.4453807,0.28879952,0.29533622,0.12228901,0.05396229,0.007989914,0.37708348,1.8501631,0.32327312,0.29005885,0.14242388,0.11681858,0.044399,0.20407198,0.14721452,0.10231222,0.16674706,0.07102267,0.49931398,0.18834752,0.035426155,0.077022575,0.09415269,0.53556275,0.031114427,0.14719374,0.088985614,0.09184375,0.0,0.39527506,0.3561582,0.24262258,0.2365122,0.04585656,0.29112145,0.32762495,0.051406376,0.07905696,0.058042366,0.292474,0.0007192113,0.23349065,0.4226113,0.07051823,0.062686056,0.045172155,0.25783938,0.3004235,0.29427308,0.04302611,0.43738067,0.030263426,0.030236298,0.72513485,0.31605557,0.5652808,0.5021052,0.38326848,0.18451165,0.04716783,0.13547356,0.022132939,0.106239624,0.19842966,0.12993558,0.055041462,0.1139934,0.19491257,0.26448256,0.06995763,0.3449794,0.22405666,0.057275318,0.18828353,0.18229815,0.24861625,0.08033626,0.10771409,0.32864925,0.1764101,0.18984996,0.10309343,0.06771298,0.15759477,0.10238738,0.47841838,0.12660696,0.31564736,0.08867061,0.03471857,0.13017485,0.18946008,0.1349762,0.23815206,0.14289957,0.09950101,0.29594705,0.09668694,0.7515551,0.37619787,0.21718979,0.06798197,0.5376427,0.2439684,0.15217206,0.2468317,0.11809713,0.28802854,0.29627994,0.23798107,0.08873301,0.05682025,0.41910553,0.07942199,0.18333298,0.08515526,0.3541369,0.05687216,0.0009288686,0.061866328,0.11241507,0.11504724,0.09760001,0.020221125,0.2455692,0.014534742,0.40276152,0.018943189,0.04596521,0.23275676,0.19728962,0.07124399,0.10034363,0.30253583,0.23765339,0.018640542,0.16247708,0.11528933,0.16433401,0.32502407,0.20645481,0.017155338,0.45435035,0.4277434,0.66621256,0.2650033,0.3206666,0.16385031,0.0,0.075047605,0.0451805,0.33486417,0.24973221,0.018518325,0.4609667,0.40841466,0.10050673,0.13697818,0.33801657,0.059661917,0.24061963,0.15324005,0.114377044,0.07967443,0.29635856,0.12012218,0.4504585,0.1558429,0.10102935,0.1471178,0.10235117,0.033257082,0.097303204,0.11402647,0.056285143,0.31282115,0.4185169,0.14971566,0.14489731,0.52123207,0.037622236,0.5387603,0.040889658,0.4963684,0.094962135,0.24851471,0.09061277,0.18726017,0.16892007,0.10567926,0.25005275,0.15776658,0.14258318,0.043792307,0.22287981,0.14139685,0.34447992,0.13943583,0.32480973,0.31223965,0.37046045,0.0891687,0.38141802,0.09002243,0.96097624,0.27928716,0.1549207,0.23520407,0.08748283,0.17241845,0.19695409,0.15054445,0.04768683,0.27838826,0.21988326,0.13361757,0.31422254,0.27724305,0.0077961637,0.16554323,0.15451494,0.22612071,0.3101678,0.47938937,0.24037874,0.2750181,0.061474323,0.19360578,0.1826047,0.12151703,0.2904926,0.10222265,0.11508105,0.0023953302,0.42253047,0.06910498,0.034394875,0.31614608,0.16675153,0.2473281,0.07695856,0.09745468,0.1904002,0.13448645,0.39784196,0.053811494,0.23378935,0.011253076,0.2174595,0.38082105,0.08526219,0.20006648,0.39593536,0.20213595,0.14429805,0.17412314,0.6479314,0.12051211,0.18656124,0.5458466,0.053334024,0.005319374,0.2416031,0.03588319,0.17586821,0.113136984,0.17929235,0.017095763,0.17709644,0.06600473,0.10526821,0.11446044,0.20022058,0.13487165,0.22221968,0.11866392,0.047453843,0.36987194,0.09997295,0.027121838,0.22084156,0.05756484,0.27942392,0.10388709,0.02825099,0.16785002,0.14413208,0.07577962,0.17230329,0.2359421,0.3423422,0.11714731,0.13274679,0.072429806,0.05895626,0.0074089384,0.3486772,0.08134312,0.020482158,0.07154834,0.33448672,0.076422475,0.2484501,0.42977253,0.06371474,0.05180224,0.011853915,0.22614878,0.13827589,0.45473474,0.0011456165,0.12499017,0.05477597,0.21534123,0.14132321,0.19100876,0.02827875,0.4633894,0.09553446,0.18408853,0.08037472,0.12822512,0.18396696,0.3149289,0.11268706,0.06278974,0.024091562,0.0077249175,0.05906734,0.67579246,0.35311395,0.31291264,0.07071033,0.56447446,0.09624811,0.5956385,0.11750816,0.2732889,0.093983255,0.20838828,0.4387573,0.19662026,0.59932375,0.07879557,0.04726433,0.09668404,0.05235177,0.024592707,0.10645926,0.28364912,0.0968316,0.4073099,0.053063773,0.11915119,0.4910902,0.28215992,0.1561712,0.21497713,0.15387039,0.33578956,0.0,0.19905138,0.19084913,0.10696823,0.37529242,0.6259974,0.121018305,0.120999135,0.5312047,0.06416051,0.55021286,0.38709655,0.089009345,0.23555806,0.07055898,0.026349436,0.43111163,0.12368627,0.17986634,0.20219469,0.10909255,0.38045824,0.01168013,0.22461903,0.3380709,0.26240873,0.071197964,0.22779405,0.0856464,0.17638884,0.28440595,0.14187936,0.023108367,0.17235187,0.064847186,0.24335289,0.12686363,0.22890753,0.14218636,0.2983816,0.11819023,0.25932735,0.15583959,0.3440396,0.2101223,0.016714277,0.12027791,0.42663416,0.41982323,0.26430833,0.07002673,0.03218387,0.0808257,0.12812029,0.083888516,0.04600545,0.24541596,0.07502114,0.09814353,0.13132095,0.14552537,0.3727641,0.33156678,0.12413192,0.124459386,0.03197918,0.12401055,0.9247195,0.023160782,0.076070756,0.08919287,0.20711185,0.093369626,0.037197687,0.35508794,0.1754767,0.15655649,0.30986837,0.14842916,0.24883017,0.46490005,0.7504941,0.33225194,0.23799397,0.1849745,0.23092787,0.026959332,0.07456456,0.29869953,0.46895427,0.13064277,0.11031975,0.102769054,0.10610316,0.8214184,0.32734218,0.41550577,0.14657137,0.1561545,0.2937107,0.18452957,0.019803457,0.2741342,0.024866845,0.0698658,0.028912744,0.31897908,0.10216691,0.1512702,0.29703587,0.44353294,0.34576166,0.15360324,0.6383512,0.15575846,0.16973813,0.11945727,0.59480846,0.2531001,0.41280288,0.54804075,0.39209372,0.2569101,0.19823349,0.34303805,0.2917341,0.16635539,0.09460019,0.28431737,0.47201723,0.2255331,0.22080937,0.104401946,0.119251385,0.24001598,0.12192025,0.095269375,0.016699445,0.08433486,0.22885531,0.19721507,0.09999134,0.11815539,0.26552165,0.61078,0.35547855,0.017776495,0.37036136,0.09188306,0.22356555,0.45693603,0.077404946,0.09026827,0.03927145,0.04682535,0.63352644,0.372652,0.113425925,0.24912062,0.07617323,0.22149383,0.2293908,0.27698782,0.12323075,0.10414779,0.21099721,0.38031965,0.2943649,0.04067401,0.17031474,0.009759074,0.024288803,0.77779126,0.21844833,0.19490242,0.6446984,0.13597383,0.13370132,0.04751925,0.24134266,0.19876565,0.15123674,0.24838182,0.4354948,0.19368309,0.443958,0.17345555,0.038470894,0.124165654,0.26829395,0.030602096,0.26055843,0.04142368,0.1523337,0.9480549,0.06910488,0.1836851,0.44876453,0.00605249,0.108787455,0.17325151,0.06799511,0.34051067,0.16446428,0.20286101,0.13711737,0.02705438,0.24677247,0.18972167,0.3657315,0.29148504,0.5754286,0.24419484,1.1573966,0.021804847,0.17993319,0.23927498,0.2338734,0.40210688,0.0518898,0.031246439,0.19628496,0.21953733,0.3364678,0.07921961,0.12572038,0.13471039,0.13431564,0.25395137,0.10863396,0.2249096,0.06219423,0.0555557,0.073546685,0.12044444,0.68457544,0.070025675,0.15221399,0.05843426,0.18267128,0.7205154,0.15202217,0.1341139,0.13134727,0.16868845,0.11879625,0.49710196,0.11899763,0.17150965,0.3599809,0.17620054,0.19846675,0.18763357,0.3759797,0.2932251,0.044320397,0.15491709,0.18673114,0.28827924,0.4885232,0.12937325,0.15261677,0.17846188,0.5136118,0.21470658,0.22050282,0.07983519,0.20242777,0.10359566,0.02200082,0.23628399,0.09501701,0.46766704,0.39965263,0.06350204,0.14873284,0.36222103,0.23171683,0.12121516,0.16602254,0.11706112,0.17969292,0.37639,0.30318767,0.37878826,0.31009597,0.051785648,0.47194338,0.17704251,0.1854925,0.19554448,0.11871298,0.25365955,0.14279583,0.42192292,0.27988452,0.21417591,0.15522078,0.041196395,0.2238398,0.11762264,0.27309012,0.12355664,0.34760356,0.22297962,0.35561916,0.36712253,0.021736484,0.27082697,0.24167553,0.2307618,0.07708208,0.16273579,0.1642001,0.14646962,0.27407876,0.09751415,0.09479987,0.3008256,0.20383526,0.11535752,0.14129663,0.016464546,0.19077253,0.1733078,0.11797258,0.15554315,0.27497524,0.5452577,0.2705714,0.16468756,0.38138795,0.30526614,0.12202773,0.1016919,0.029054552,0.2930528,0.5384302,0.05753079,0.114030644,0.22011238,0.04293518,0.0867496,0.15788513,0.039804086,0.4644158,0.16272023,0.50306904,0.5319354,0.21491317,0.08233047,0.054896474,0.6428578,0.3093115,0.047083616,0.20591319,0.36439854,0.80686677,0.14685461,0.44136158,0.6820191,0.63248694,0.5526493,0.06134758,0.14238478,0.13855949,0.17314586,0.16376837,0.36751962,0.06110251,0.26150882,0.09381087,0.8137208,0.03398986,0.2882072,0.21868017,0.16318658,0.039610907,0.28089035,0.22753444,0.3718344,0.08218172,0.30493885,0.103387564,0.3303312,0.29921725,0.22037098,0.14829454,0.32117504,0.046322957,0.14417844,0.021208674,0.57806116,0.27687967,0.10720734,0.37206185,0.11267286,0.02079716,0.0,0.47913167,0.2865853,0.1186652,0.17929731,0.17759904,0.12026889,0.12960255,0.13693437,0.08276659,0.2069997,0.21745333,0.1797725,0.33231843,0.48622668,0.15265279,0.15129042,0.2130218,0.18322128,0.4452314,0.31490836,0.34477782,0.2502296,0.1859032,0.41227397,0.17408986,0.318819,0.12441161,0.012186934,0.42922518,0.19111818,0.21560867,0.2481645,0.11452845,0.5216352,0.113216996,0.19021586,0.4863034,0.35183752,0.097141705,0.15236743,0.29522574,0.47392398,0.1300837,0.5576575,0.072333604,0.37660724,0.058173448,0.007966668,0.112802655,0.042698797,1.2570202,0.7677459,0.31889844,0.17819962,0.06499455,0.03922315,0.21518621,0.23158392,0.19103329,0.291373,0.08726346,0.14838769,1.8449689,0.25926754,0.57658195,0.22208402,0.14354292,0.017735893,0.29160205,0.09638354,0.042861667,0.07495217,0.1660661,0.049645435,1.0553691,0.1336699,0.14775345,0.19345862,0.4799967,0.43055484,0.30678123,0.17523335,0.7635558,0.013409462,0.3445437,0.0,0.03588889,0.18681553,0.04631757,0.30515394,0.3788731,0.26079538,0.7007707,0.12008697,0.9120711,0.18155816,0.009993622,0.3504497,0.87407315,0.46659324,0.26216406,0.007428656,0.1744512,0.29695496,0.16777027,0.46509778,0.5708403,0.33108675,0.31174684,0.7081438,0.2558762,0.2109086,0.6271214,0.14304629,0.05712785,0.14293483,0.27633685,0.083060995,0.16844127,0.15907902,0.10986169,0.8402575,0.3336003,0.014599473,0.184351,0.43012017,1.5940168,0.07304118,0.43455455,0.9734053,0.1351802,0.22774251,0.09356274,0.2997097,0.72617507,0.9070381,0.36614192,0.14168884,0.21618524,0.07727182,0.30000973,0.1759327,0.31395864,0.016482517,0.19760345,0.09188996,0.031050412,0.589741,0.02452524,0.38327456,0.2555449,0.058909345,0.35935724,0.04446016,0.23574555,1.5942882,0.69992113,0.21708961,0.85456675,0.09972477,0.61241907,0.54134566,0.030807765,0.7696328,0.4220694,0.49987814,0.06384983,0.035280652,0.1167617,0.094817325,0.23150253,0.09277298,0.06609146,0.05923571,0.017673455,0.076717004,0.54665756,0.20942195,0.18196176,0.10143384,0.44307846,0.14441761,0.035691977,0.26146233,0.34774372,0.165304,0.19140828,0.087384716,0.040388532,0.29369417,0.43096024,0.2725919,0.28557518,0.31397307,0.50499773,0.38020486,0.09355322,0.6344615,0.6287406,0.1049926,0.19253358,0.019504786,0.3360769,0.33801788,0.58436644,0.090557694,0.04867337,0.07823067,0.49453822,0.063910335,0.10273499,0.4618331,0.007639239,0.185435,0.2716371,0.14036602,0.16235542,0.16884042,0.06470838,0.10325053,0.8687379,0.51240647,1.4232293,0.59746695,0.11758873,0.093468085,0.14587781,0.25571457,0.5152308,0.35371593,0.9593314,0.014768076,0.1147363,0.023536384,0.5288177,0.53147817,0.043198608,0.2411493,0.15459472,0.013834668,0.11164887,0.69001716,0.24936202,0.37387958,0.4775433,0.13626012,0.08473628,0.3786208,1.0028672,0.1288766,0.45608848,1.0999136,0.07449269,0.13665381,0.030660449,0.18530679,0.11952232,0.28034884,0.22545406,0.4716745,0.19507784,0.20991445,0.16901219,0.0071211713,0.39697313,0.23731925,0.0007430681,0.022677364,0.07105844,0.1331352,0.3966135,0.16547258,0.3373205,0.42493898,0.1789219,0.6827398,0.23852506,0.21418901,0.54506147,0.12167573,0.0040109484,0.14038625,0.23200555,0.23212205,0.20537049,0.011122099,0.16761439,0.043954078,0.1374142,0.09356576,0.56165993,0.34907198,1.3807193,0.5326824,0.210574,0.32731503,0.050168324,0.34741378,0.116508156,0.13272253,0.1035349,0.41876727,0.3571802,0.35716495,0.8653151,0.44535187,0.42473736,0.39181763,0.019418906,0.02618286,0.09410018,0.030993763,0.019174034,0.2060422,0.09685443,0.0017896913,0.0736071,0.035025965,0.103664085,0.00286047,0.14699997,0.20574197,0.027665988,0.049728833,0.049706444,0.513198,0.071685806,0.14249754,0.11630225,0.044607487,0.43668076,1.5685784,0.0016186659,0.17875096,0.0300752,0.34595895,0.11670434,0.17052266,0.17365518,0.0,0.4204831,0.094089806,0.18336429,0.09672262,0.26465854,0.0015917167,0.13187972,0.5099813,0.19655883,0.53606415,0.3961221,0.1902158,0.45600522,0.06572162,0.005526085,0.04814545,0.3531055,0.045430794,0.25762156,1.1808342,0.19339013,0.17573926,1.0518941,0.038667813,0.13841918,0.6492053,0.43436927,0.29723728,0.05498687,0.008824923,0.7634958,0.17367575,0.22008765,0.26103908,0.9591019,0.09779102,0.107181296,0.690574,0.06906434,1.1426917,0.17591214,1.7829978,0.05677318,0.013338856,0.0043864734,0.12259373,0.62208706,0.1978966,0.36613625,0.42621812,0.16779186,0.20767182,0.038855057,0.34708267,0.05292049,0.03080773,0.14935072,0.11737249,0.17763554,0.10457334,0.34946793,0.5607313,0.05974158,0.052473348,0.054876253,1.0492976,0.270491,0.4693429,0.085498445,0.12626311,0.94096136,0.9228524,0.20270467,0.48519093,0.0,0.10175394,0.08751951,1.3793172,0.19695036,0.04231045,2.0747733,0.009773409,0.0956679,0.55054605,0.20928708,0.65260214,0.55807996,0.7593834,0.37394372,0.4429168,0.43165094,0.14581719,0.2514995,0.16451061,0.3835395,0.7110088,0.6833744,0.016179154,0.46102947,0.4536463,0.059050336,0.22251922,0.14183131,0.034350142,0.055023883,0.21007642,0.17552239,0.2823564,0.056282423,0.012164548,0.019853175,0.15257522,0.0056554954,0.00014600225,0.003988046,0.0,0.0052942317,0.23886189,0.2170903,0.2713068,0.38773707,0.2151787,0.670046,0.51403254,0.0983292,0.01678639,0.25194326,0.1697568,0.82550263,0.69309163,0.20691308,0.009961427,0.18598379,0.35227597,0.31167632,0.13943613,0.013894383,0.28607208,0.13764787,0.10893273,1.6885598,0.0012035086,0.17496654,0.031448063,0.010621797,0.24839614,1.1691744,0.34608522,0.5047394,0.06732206,0.22252575,0.9521605,0.09587886,0.030337494,0.83418286,0.46768552,0.23365977,0.28165668,0.093875125,0.37129557,0.4859725,0.15858424,0.33887994,0.35597634,0.06772354,0.2567539,0.28946337,0.1259983,1.0461842,0.036751464,0.049406283,0.088492505,0.4238814,0.10309428,0.59574044,0.5856864,0.45425192,0.24094142,1.697653,0.052421663,0.295174,0.08190593,0.68551373,0.0038976076,0.7077613,0.7303215,0.38562483,0.4405089,0.14525108,0.4066537,0.0,0.1599835,1.1232221,0.091661975,0.19013254,0.27190655,0.08203475,0.22070894,0.19911599,0.12427981,0.630791,0.41109544,0.004968814,0.13469157,0.14451514,0.39559966,0.50854427,0.00022648633,0.26491463,0.5012187,0.7761073,0.21306176,0.5857692,0.61554337,0.17208472,0.17554247,0.23787221,0.19888371,1.432709,0.56050193,0.30252078,0.18970901,0.30932835,0.26050228,0.10173833,0.15433645,0.5114715,0.15228415,0.028049506,0.5437221,0.6647288,0.16120607,0.26818395,0.053983737,0.13157424,0.27112108,0.011525129,0.15381622,0.55037844,0.14984855,0.72784233,0.03054387,0.23160343,0.15902469,0.6520237,0.27283978,0.30311528,0.35016003,0.03950638,0.18884577,0.5986317,0.44296384,0.15193182,0.2866161,0.1841704,2.6768985,0.43832403,0.49157667,0.36948532,0.15225911,0.07766606,0.0,1.1880975,0.122401714,0.9990786,0.8806075,0.0024986605,0.12558872,0.89237255,0.12065989,0.20452823,0.00048348092,0.40669063,0.4995504,0.0,0.020240812,0.2331201,0.060907636,0.008987631,0.02101948,0.32444936,0.07656324,0.21321887,0.22084792,0.6666751,0.04149277,0.8593551,0.038541783,0.29503143,0.10896693,0.09414472,0.31515682,0.020423176,0.2649482,0.3610839,0.3375426,0.0048263194,0.59112424,0.06653476,0.77726626,0.21537241,2.3891454,0.6863317,0.4992113,0.44611895,0.79687786,0.06982946,0.2525658,0.020899016,0.13148847,0.2594242,0.09619562,1.0059582,0.8704257,0.35601446,0.13495252,0.050576452,0.4814422,0.5680858,0.4806806,0.0,0.040017277,0.50018495,0.21722424,0.015889617,0.060343333,0.2853604,0.42274028,0.0107171405,0.3760549,0.096168555,0.47685954,0.059785493,0.36094278,0.18738243,0.5870167,0.26755828,0.34291935,0.06198492,0.534343,0.34864187,0.049644355,0.5809783,0.04191077,0.12543425,0.09753965,0.66883165,0.4742939,0.00052605453,0.39752042,0.028947119,0.34257823,0.007621252,0.5075435,0.050550357,0.35692102,0.10452108,0.19754623,0.055493694,0.021799054,1.0673125,0.0387441,0.09954919,0.0051107127,0.78727484,0.10351017,0.23214835,0.021896545,0.071935855,0.03466287,0.1183312,0.6560681,0.0012214592,0.47008434,0.8437437,0.81733,0.18401113,0.585413,0.2367874,0.07557636,0.9497051,0.28665656,0.0064977794,0.04638157,0.23728576,0.005742456,0.23814121,0.2586912,0.36831087,0.4448797,0.7135541,0.11643319,0.121963054,0.03411427,0.055210736,0.535437,0.31130475,0.04045053,0.5706694,0.84202075,1.277586,0.296427,0.042139016,0.09304986,0.4205916,0.6903182,0.1863314,0.217134,0.2037148,0.24355729,0.021467188,0.22601877,0.12786685,0.001686659,0.2828118,0.84589314,0.43717927,0.056927048,0.024592614,0.5810119,0.07763868,0.10257278,0.07801351,0.0020679021,1.133318,0.041775413,1.5128319,0.25444606,0.2492593,0.2791267,0.038365163,0.076939836,0.26213092,0.027331509,2.2021334,0.47173724,0.11520153,0.45422626,0.4976068,0.003846028,0.16246113,0.7599608,0.1502685,0.1632348,0.017420067,0.12959276,0.47623506,0.019543396,0.13084744,0.18182296,0.20526095,0.31163883,1.1264224,0.5849339,0.563453,0.43518555,0.05933985,0.14405435,0.059608754,0.34124792,0.0,0.34445056,0.29764193,0.005545213,0.58202076,0.1596243,0.23367855,0.35771653,0.086790666,0.15646708,0.010138033,0.06192925,0.08292414,0.40003565,0.13149032,0.055081293,0.33811003,0.4463483,0.17597646,0.20963737,1.41646,0.0687,1.6604888,0.39233813,1.6023656,0.005464429,0.22556299,0.73380923,0.62007254,0.14439361,0.11580034,0.64697886,0.81344694,0.47595453,0.024212338,0.79582876,0.35022122,0.4353224,0.06883927,0.15821168,0.114620045,0.04786463,0.22726254,0.542647,2.0282454,0.25485495,1.3307481,0.3618127,0.41758463,0.3355788,0.02422371,0.18442905,0.39720792,0.6167906,0.26166654,2.0460587,0.9210837,0.7106072,0.060977653,0.07821441,0.65789837,0.25256097,0.14275083,0.91354805,0.32428813,0.12863076,0.16199666,0.69707215,0.77820283,0.03625426,0.2435826,0.17036372,0.7031704,0.43969616,0.39441055,0.38070834,0.18653093,0.096294284,0.08519342,0.15526843,1.1022986,0.06521189,0.20105696,0.3363489,0.6464993,1.0374591,0.09532218,0.059636556,0.041337475,0.38900685,0.09348466,0.106455885,0.19511425,0.47738734,0.71603084,0.5059565,0.5127702,0.4758908,0.14458238,1.0227962,0.15727055,0.00063832087,0.25138426,0.0077566872,0.042404234,0.16881923,0.23303589,0.038049884,0.28339028,0.15920338,0.46106476,0.21690029,0.009447763,0.31113094,0.586287,0.17333299,0.16405953,1.1049726,0.10498289,0.27978748,0.23955806,0.44096285,0.3869068,0.471421,0.33831084,0.71325886,1.1542437,0.4163255,0.2413754,0.4111944,0.3137561,0.101285815,0.31077665,0.88692313,0.68780553,0.9786799,0.20743106,0.5153396,0.107043415,0.84729546,0.2483778,0.18277952,0.19290769,0.018701315,0.15230821,0.22299422,0.13435064,0.20021883,0.15386792,0.3275129,1.6578153,0.84155715,0.3241481,0.74354017,0.14311841,0.0055533918,0.34619346,0.41445762,0.16221361,1.1116891,0.14949954,0.2549023,0.16548976,0.00044962266,0.69835234,0.011733334,0.30989426,0.077867046,0.8637904,0.14128107,0.5553417,0.116037756,0.21696718,0.4241028,0.03186526,0.57660604,0.017612949
0.24219769,0.045698468,0.29077232,0.14694539,0.12303519,0.24031311,0.9050504,0.6399898,0.24531083,0.26029715,0.24649327,0.22005932,0.1267192,0.18957445,0.08336444,0.18236391,0.049285445,0.4389208,0.22374442,0.24724424,0.2726689,0.16925676,0.07492722,0.006549415,0.031445924,0.2920187,0.1517351,0.16063948,0.21774752,1.0183725,0.0935479,0.2894711,0.04855702,0.1733159,0.39876103,0.13146742,0.21294597,0.13347137,0.19600022,0.08304898,0.32681715,0.38445458,0.2587682,0.12051694,0.19079478,0.0600075,0.32685143,0.10512384,0.24137434,0.4440744,0.63209593,0.3985363,1.3221034,0.51902604,0.04846821,0.15854988,0.3515113,0.21602967,0.10919063,1.01454,0.51057965,0.43533176,0.27017573,0.47054148,0.35775965,0.09076452,1.075165,0.9775244,0.06882526,0.02751399,0.18414524,0.2886516,0.27862957,0.33344695,0.23137043,0.16445756,0.08843468,0.3400079,0.73106813,0.320215,0.21744062,0.26160097,0.114636496,0.4253576,0.15005647,0.22039601,0.41797936,1.011799,0.18070729,0.050506983,0.35529852,0.020023588,0.8436098,0.079428285,0.19952974,0.021401307,0.092369616,0.26052982,0.102506116,0.056341223,0.050833806,0.5023676,0.23734693,0.46601596,0.035235986,0.18455571,0.2475104,0.81328756,0.03139595,0.1256305,0.089695305,0.051413093,0.053950872,0.33658025,0.3898599,0.035166413,0.02331284,0.07105162,0.5233263,0.2751894,0.43150008,0.100198105,0.18232761,0.07016254,0.18409953,0.2772953,0.11351265,0.25841743,0.19639486,0.8470279,0.6894431,0.24322361,0.105011486,0.22983739,0.43050596,0.019853739,0.64422446,0.2537006,1.0349681,0.25836676,0.40415466,0.28520906,0.11122602,0.17990582,0.59147346,0.10874331,0.22497922,1.5577954,0.07926519,0.20879015,0.013085242,0.18309025,0.08392125,0.9996503,0.8052739,0.6104818,0.10265821,0.030121583,0.70299786,0.08315504,0.33561975,0.32539326,0.28737885,0.24307506,0.02389574,0.21961169,0.09905011,0.1960073,0.096900634,0.4011008,0.07345859,0.73045695,0.084322885,0.30415004,0.16519555,0.33732355,0.92540276,0.7396861,0.1423144,0.3669343,0.5240496,0.37392953,0.1366691,0.06205559,0.3851427,0.069430426,0.11408573,0.36847225,0.50963926,0.34438628,0.11740859,0.009186767,0.073433794,0.59217757,0.05160805,0.110448085,0.2527032,0.24989471,0.46999916,0.605813,0.28929985,0.10137727,0.19092736,0.0,0.11401316,0.0570634,0.501379,0.30965453,0.33903712,0.10194823,0.113303766,0.21833053,0.011917105,0.56827366,0.038884662,0.03072982,0.15677205,0.049106903,0.107344,0.040053565,0.4163856,0.8888632,0.2774025,0.14068991,0.06564756,0.095869854,0.15112269,0.037403196,0.531371,0.5925262,0.018414427,0.76827496,0.28872317,0.08358548,0.075675085,0.21178888,0.39913988,0.44868428,0.38510674,0.047723882,0.18924212,0.040624265,0.10041958,0.27197975,0.15715012,0.11591327,0.55774826,0.068912506,0.5503604,0.4018899,0.44953123,0.1907801,0.034880497,0.18192011,0.5842959,0.04629069,0.037994407,0.30311286,0.27992368,0.55227435,0.36348295,0.16766721,0.7615543,0.755803,0.2749223,0.094782814,0.24703324,0.08192015,0.1942836,0.32296273,0.45374942,0.1320368,0.07897577,0.2484385,0.23379481,0.44062513,0.27125037,0.19686034,0.07785384,0.31549746,0.037943967,0.7902693,0.21750754,0.3772007,1.8346411,0.16053596,0.31774175,0.24057561,0.21649218,0.31415185,0.047976706,0.29201132,0.46739146,0.23825689,0.26391408,0.37835008,0.41566235,0.52834123,0.019211916,0.2813673,0.20590825,0.9127873,0.46398133,0.3427508,0.65951884,0.14162636,0.16314605,0.18489832,0.1644328,1.135927,0.23999757,0.18205673,0.6276613,0.35215867,0.25652638,0.22090694,0.074009396,0.024950465,0.34725726,1.7337489,0.35794452,0.6064422,0.13649741,0.14922087,0.13497816,0.35041246,0.22345394,0.22420245,0.065794796,0.0,0.49190605,0.40583387,0.15933082,0.32867444,0.053801112,0.6174185,0.18549922,0.028460165,0.30965528,0.08044067,0.0,0.26829404,0.32086566,0.17261186,0.27424404,0.06346249,0.20726445,0.0801393,0.03905993,0.04827159,0.12526518,0.3578583,0.06037923,0.27623817,0.24663323,0.16252638,0.14594309,0.069105566,0.2207997,0.10016978,0.4141894,0.033912078,0.21034051,0.013199501,0.14837766,0.14592126,0.38347793,0.86093503,0.48485014,0.43957084,0.31440997,0.6566792,0.14728379,0.04460256,0.1255488,0.11953044,0.07005381,0.010041091,0.41354293,0.16264258,0.16895455,0.10081503,0.32617897,0.25861356,0.084043846,0.30151945,0.36816856,0.29277903,0.08001408,0.1815064,0.12317454,0.2715722,0.20995986,0.13051757,0.036540948,0.22830373,0.058210716,0.46596536,0.40883142,0.38944745,0.21493775,0.014377751,0.07000971,0.30363527,0.2328021,0.23146757,0.1432914,0.10971964,0.22189385,0.080278754,0.88899064,0.5460222,0.3879019,0.3184922,0.24999723,0.348526,0.20660368,0.22223425,0.23386055,0.5663153,0.16946125,0.9309706,0.047625586,0.14312261,0.073522,0.46935084,0.2132576,0.59929,0.4747068,0.059414055,0.05040409,0.085147426,0.20345026,0.664619,0.30159605,0.047550313,0.32526717,0.16142173,0.44797224,0.1446067,0.023185067,0.20832424,0.12409621,0.14637381,0.05333692,0.118521474,0.37956905,0.14587684,0.43476623,0.15648061,0.18998045,0.28369057,0.17099375,0.27450472,0.16602376,0.6215645,0.3886832,0.39482814,0.4520648,0.18969873,0.03356158,0.25112718,0.07014662,0.38822785,0.31372073,0.2642238,0.316059,0.8311882,0.13092053,0.16408256,0.45809105,0.35596806,0.20982598,0.06382004,0.07972913,0.3944057,0.35368013,0.30386785,0.38022864,0.17668965,0.11062433,0.27802998,0.09558679,0.027813949,0.11270322,0.45727742,0.099795155,0.330674,0.6328941,0.23989186,0.17865302,0.563634,0.08849615,0.3272818,0.009725586,0.28812796,0.34585798,0.1720997,0.16887471,0.29249918,0.33318087,0.26393074,0.39359105,0.12142366,0.36126226,0.07963877,0.1732308,0.1227363,0.44136074,0.05306159,0.18472153,0.72532785,0.86214197,0.053816102,0.60178286,0.14776482,0.97901094,0.21251997,0.2314401,0.66968864,0.15852457,0.13322523,0.318988,0.10592174,0.17754543,0.72274876,0.22180739,0.13519529,0.49219108,0.17994046,0.008535132,0.2897635,0.18784949,0.18236208,0.51229715,0.609903,0.07930966,0.6623228,0.06164917,0.22626168,0.06601098,0.16803677,0.40518486,0.03434764,0.28270283,0.0,0.23042569,0.06144618,0.15650862,0.27721015,0.08841568,0.1495549,0.060663804,0.0900213,0.2924714,0.23742954,0.22820422,0.14382283,0.21106939,0.05576153,0.73294306,0.035416417,0.30794287,0.52861774,0.34501597,0.19057615,0.15027173,0.2840008,0.41427606,0.09694579,0.168498,0.9093543,0.21946205,0.07671668,0.67037153,0.1699035,0.14851496,0.24858375,0.12455943,0.045682676,0.23426962,0.24326669,0.09377526,0.39523163,0.476075,0.13793188,0.22523892,0.067517735,0.17129701,0.75591075,0.20031285,0.19989067,0.3301102,0.14601094,0.3280471,0.047948822,0.017148832,0.43384138,0.124934815,0.13611111,0.48794943,0.16732654,0.21345076,0.29443383,0.091570586,0.36322692,0.27823353,0.14101562,0.48341456,0.14359562,0.06914702,0.19323257,0.350183,0.026827758,0.126292,0.2583068,0.09806138,0.18331623,0.036917347,0.23129427,0.21371965,0.2775985,0.021865034,0.2804981,0.1592783,0.3277703,0.40308753,0.16530198,0.034494463,0.13083135,0.29037252,0.32680953,0.08043294,0.09428662,0.3341056,0.28032732,0.20904256,0.13669021,0.03189398,0.40043223,0.19081157,0.6539394,0.39018536,0.35592768,0.07531981,0.99592364,0.21860506,0.7595201,0.13802406,0.36981452,0.14501902,0.35685033,0.19314039,0.07427113,0.2029252,0.022286933,0.07992716,0.18115222,0.057574935,0.1666511,0.39801812,0.6546252,0.7122971,0.3113938,0.034625757,0.34334025,0.305153,0.21177983,0.26089153,0.38803384,0.15390894,0.31420243,0.029441882,0.68331844,0.064853765,0.16647437,0.2779205,0.7437127,0.59763765,0.23258416,0.6048763,0.15186077,0.52205145,0.61462325,0.061243344,0.33020043,0.308886,0.0062027615,0.1607059,0.1174591,0.16064347,0.45874622,0.05861015,0.34863716,0.059817135,0.2412273,0.39327618,0.23102567,0.11642328,0.05545413,0.09657559,0.2978726,0.66002494,0.15004149,0.053460002,0.06567384,0.086105235,0.15422612,0.09063429,0.44335327,0.242614,0.079544514,0.26758677,0.4236772,0.09918107,0.30622602,0.16812147,0.062459726,0.23651206,0.43348384,1.1748834,0.41916943,0.1555724,0.08246541,0.3435947,0.06591182,0.17552808,0.06077655,0.23218411,0.12328382,0.12403494,0.13545161,0.12489411,0.22120023,0.51611185,0.26015,0.20405218,0.01788418,0.09407197,1.2279129,0.09999834,0.11189732,0.27585757,0.23609486,0.1877611,0.12298158,0.53179634,0.100978546,0.25705972,0.13407692,0.015593683,0.0794909,0.52733326,1.1172061,0.23472492,0.34351847,0.04363036,0.3125981,0.03014784,0.07127239,0.6247078,0.745018,0.035506353,0.19765902,0.09037508,0.20045039,0.7924235,0.26549664,0.2812145,0.27929795,0.43240303,0.070479594,0.10442332,0.16178843,0.3031873,0.071032085,0.07808044,0.018535485,0.63062245,0.2692477,0.21694644,0.54775536,0.63340664,0.2425044,0.23617193,0.6721821,0.46496755,0.2885485,0.19676962,1.0204797,0.19454166,0.4791588,0.31118628,0.2746328,0.4747155,0.18239489,0.659562,0.23143256,0.2946294,0.12662023,0.54791397,0.26410842,0.25921315,0.24999401,0.14057168,0.46353954,0.43938005,0.53298604,0.16773501,0.07516547,0.10207072,0.31910455,0.036842782,0.26486477,0.4620167,0.27599448,0.4622715,0.52640873,0.20955585,0.27762866,0.048067987,0.26155904,0.560635,0.10941457,0.46645454,0.08965422,0.12037888,0.7465659,0.5143057,0.01538114,0.63741076,0.21798337,0.3258517,0.14579636,0.35114354,0.30993086,0.16372973,0.2823645,0.21136862,0.33435142,0.02613524,0.11890637,0.13672838,0.20562752,0.94913405,0.16225065,0.2067157,0.44723773,0.30221203,0.10841304,0.0629305,0.40787777,0.5924847,0.10174197,0.37833777,0.8243443,0.12840945,0.43643123,0.11002006,0.05267819,0.113112636,0.36431107,0.06742862,0.3222604,0.03703392,0.31627792,0.6025001,0.19552027,0.04904314,0.25771666,0.1702427,0.035525404,0.21369681,0.035212554,0.14889604,0.10515615,0.019935375,0.042315014,0.08771376,0.226096,0.17220248,0.27711198,0.5690558,0.48458073,0.20305592,1.1330061,0.25231516,0.43473074,0.28020886,0.31897643,0.18932886,0.021979041,0.022548972,0.68921673,0.16431259,0.29322612,0.072666585,0.083083734,0.54812133,0.16378999,0.27212286,0.08242662,0.2245962,0.067130186,0.07936768,0.106714025,0.12718427,0.6061761,0.1931089,0.39297783,0.03834788,0.5649837,0.8598196,0.28873116,0.18289238,0.05493076,0.27949163,0.25876397,0.68645644,0.036316168,0.23413879,0.20086879,0.11956498,0.57695436,0.17378226,0.47877854,0.13897435,0.06995942,0.10870315,0.3592984,0.19564274,0.59673417,0.17533672,0.05988322,0.11990425,0.18627097,0.559893,0.17962007,0.16569342,0.1108384,0.19900176,0.042688143,0.4865337,0.14363375,0.40067244,0.36326826,0.09781047,0.112020425,0.3549235,0.33249575,0.094922096,0.19557323,0.2496914,0.3295637,0.2940552,0.23922113,0.5601477,0.55690914,0.041899245,1.274653,0.4867913,0.16053894,0.23077261,0.11799917,0.17085652,0.38592458,0.50136024,0.2908277,0.05099484,0.04947597,0.052398175,0.25722775,0.16527495,0.18121965,0.29656452,0.24432531,0.2509308,0.24825251,0.46097475,0.20244965,0.13215768,0.34297466,0.40560597,0.18748187,0.2469992,0.24526301,0.47457242,0.5501038,0.105498604,0.13143052,0.5176854,0.45064294,0.30651832,0.03860397,0.0019995414,0.49208772,0.21775591,0.2830525,0.28422928,0.2770217,0.39463377,0.39090785,0.08490417,0.7570555,0.1816442,0.07000612,0.14911413,0.23860824,0.5011273,0.9656491,0.046446398,0.21569127,0.33830404,0.121191196,0.11920726,0.4227459,0.06548067,0.47018093,0.19442284,0.22630493,0.69164276,0.43701923,0.19703734,0.2518395,1.0410644,0.57302177,0.050541393,0.5477187,0.17194968,1.1161427,0.20398098,0.55376136,0.79311013,1.1720767,0.4605376,0.14174747,0.34521657,0.14559205,0.14665149,0.18791237,0.361507,0.112263866,0.6378325,0.099868745,0.44856715,0.2863508,0.19510725,0.40137717,0.29130995,0.021169394,0.3904615,0.41151205,0.32090732,0.16604228,0.30019754,0.118852995,0.6207943,0.44175395,0.89660436,0.31124353,0.6068355,0.07029034,0.2244831,0.023418617,0.77231276,0.30190966,0.12127957,0.24014267,0.0944484,0.03686923,0.029231358,0.36377668,0.5993075,0.6625161,0.21696192,0.19440767,0.09850606,0.30769315,0.22975376,0.039258555,0.19778566,0.06872184,0.5294157,0.20770687,0.53169,0.13732931,0.0819353,0.15056059,0.16873564,0.2852915,0.3135832,0.4760842,0.47882062,0.078667365,0.23520651,0.11534057,0.4852757,0.21518677,0.0018985214,0.34576553,0.2661814,0.19025154,0.09895281,0.049480412,0.54825974,0.096631736,0.20463307,0.46443954,0.25316906,0.088735566,0.23944375,0.4447772,0.6739636,0.18308869,0.28589034,0.039332964,0.4088745,0.06942167,0.0071791606,0.121974856,0.28371224,1.2153581,0.7155811,0.40903074,0.2524164,0.30877763,0.044749178,0.3210652,0.22574422,0.45228046,0.73693645,0.055353303,0.12320482,1.5640996,0.24928603,0.6605831,0.21168596,0.21002212,0.042463675,0.11920951,0.0044965907,0.07351668,0.16755858,0.097952485,0.0133948065,0.9685296,0.04030005,0.15587153,0.099680305,0.30408233,0.28348762,0.21422097,0.16816115,0.7653446,0.06330736,0.13864201,0.0,0.052808255,0.23804042,0.22358692,0.1701834,0.24581139,0.4574607,0.6767427,0.10807495,0.65268725,0.19601105,0.005591265,0.17334527,0.78019357,0.34231785,0.48885423,9.14012e-05,0.16014297,0.5933435,0.30434555,0.36842492,0.292124,0.1351126,0.43653738,0.5705514,0.1491614,0.18754208,0.50601435,0.14067551,0.050564155,0.044659007,0.07400514,0.052612953,0.01291571,0.16350743,0.14275289,1.0392871,0.2972589,0.0012915441,0.07678695,0.49798062,1.4882488,0.11831148,0.13741353,1.1794899,0.20087913,0.32220602,0.11408557,0.19658801,0.9847156,0.7150912,0.14761266,0.25108802,0.20390743,0.07146761,0.33260316,0.22503977,0.22831494,0.08666793,0.26161444,0.40065113,0.0,0.3857141,0.009118492,0.5325098,0.2908886,0.090067565,0.35960364,0.05196047,0.15690951,1.5368931,0.7024621,0.18570724,0.70232177,0.07243748,0.71542525,0.17184997,0.051861003,0.5491165,0.29019567,0.5552447,0.2536435,0.022644557,0.08722829,0.10859408,0.22955741,0.0337597,0.37930107,0.08665483,0.01782886,0.23846878,0.4814126,0.17715563,0.037050575,0.2854067,0.3573313,0.20114261,0.06528182,0.1809737,0.50039315,0.01844301,0.13763754,0.26600096,0.02361811,0.6327665,0.46955392,0.18226421,0.22636224,0.537372,0.6411177,0.250962,0.35562083,0.35201752,0.39205033,0.14656366,0.34811872,0.03984616,0.31760037,0.27572685,0.4592782,0.025563676,0.027148645,0.1083643,0.3485223,0.3507668,0.0990159,0.38411206,0.04362867,0.26208088,0.4008138,0.063131176,0.14134975,0.07581018,0.09489079,0.103610635,0.9174788,0.52818084,1.3304553,0.22549386,0.2406449,0.033441737,0.15260826,0.29465798,0.6371121,0.2287866,0.969024,0.03708197,0.18395756,0.0,0.5937624,0.35799402,0.1538617,0.18478262,0.02903092,0.077286385,0.24715513,0.43044233,0.30364373,0.3929681,0.33275917,0.35692894,0.18475795,0.21162304,0.7699077,0.26833594,0.38616395,1.179156,0.074905574,0.26172814,0.014942142,0.080791764,0.041222557,0.109573945,0.18448846,0.80275726,0.21781331,0.145758,0.088347465,0.027809732,0.120266736,0.21563026,0.011696164,0.053539753,0.17255893,0.06326129,0.4570995,0.12868696,0.18328108,0.33604333,0.058570907,0.71540785,0.33107185,0.17987792,0.40330648,0.09149689,0.014775623,0.28332722,0.18729074,0.2012001,0.069436766,0.0068156803,0.20145625,0.007660858,0.1781493,0.12444213,0.6948844,0.2783987,1.0232444,0.5158512,0.11143862,0.36773968,0.023720672,0.37062132,0.107413396,0.09435728,0.09930952,0.50762486,0.2700727,0.17377365,0.50688624,0.2824876,0.2686917,0.26731253,0.15042798,0.13894829,0.046548203,0.08547634,0.024934622,0.28810915,0.07419583,0.03731952,0.09869381,0.019677572,0.24143068,0.0016652812,0.30500337,0.27162296,0.02081769,0.14056842,0.09085503,0.64438975,0.018083204,0.08342339,0.09676579,0.054392412,0.7543843,1.6019177,0.072328724,0.24797569,0.0046093604,0.2511615,0.20664299,0.22832994,0.22944632,0.005965543,0.3922938,0.20990689,0.2520739,0.154858,0.30404195,0.023012092,0.19115768,0.29993147,0.19504903,0.4122305,0.29947957,0.37977782,0.88750124,0.11946785,0.0056169904,0.042054195,0.29400232,0.09036952,0.15577115,1.3319077,0.19101426,0.039714627,0.6282326,0.01593918,0.2324127,0.4457419,0.17864609,0.18383595,0.20591868,0.03369069,0.6385776,0.19994792,0.31843084,0.26381862,0.9109377,0.02403976,0.061968386,0.43250108,0.067698166,1.1178381,0.27438977,2.0957313,0.12114922,0.11329523,0.010148362,0.017716246,0.17223993,0.07436328,0.2849875,0.5486967,0.31835574,0.21500689,0.1407513,0.21506105,0.05629152,0.048825875,0.16099271,0.06649712,0.35528827,0.16485648,0.31124434,0.52207935,0.0748605,0.042759087,0.009488199,0.9296831,0.20928064,0.53154135,0.24453181,0.044457804,1.0102396,0.9596244,0.13382782,0.53971314,0.0,0.021211585,0.07469618,0.8381328,0.105859615,0.06195616,1.7346064,0.03420862,0.15947437,0.6103245,0.04311146,0.36895564,0.34552023,0.57989323,0.2330099,0.07631037,0.43111086,0.21695563,0.14389431,0.23061384,0.5566642,0.5926869,0.66510576,0.0050924495,0.5849019,0.30498767,0.04392448,0.10648702,0.074128255,0.2792253,0.028049491,0.14101285,0.04718052,0.04498993,0.039826825,0.04633452,0.01059938,0.05381514,0.0,0.019318067,0.036838606,0.0,0.011390168,0.34093124,0.24232559,0.7523359,0.57565194,0.2216488,0.78636014,0.2298443,0.1648726,0.035554856,0.15981817,0.06788074,0.8709826,0.5878948,0.16118348,0.041009855,0.25184506,0.13288091,0.12383278,0.10362784,0.0029288623,0.24421987,0.26447958,0.32595116,1.4516181,0.003684396,0.0737081,0.062337827,0.01368815,0.11920472,0.8002362,0.6901356,0.2796886,0.0026736155,0.1433318,0.6355697,0.10248011,0.031196028,0.78615993,0.79716164,0.336641,0.312941,0.23571536,0.14178358,0.7355479,0.2438083,0.31945124,0.42935365,0.06707781,0.1851025,0.3703004,0.0096476665,0.6631954,0.028524444,0.12593493,0.103550725,0.13228928,0.24531263,0.5160091,0.48423448,0.4701908,0.19529259,1.5450453,0.12314739,0.21630707,0.037608057,0.5735971,0.002518511,0.614008,0.73553646,0.18724602,0.6197217,0.10553725,0.30151662,0.0,0.075385995,1.0216987,0.101195924,0.2894289,0.29710776,0.031030845,0.05395142,0.06327075,0.09542465,0.25153962,0.24866459,0.11803752,0.24695995,0.20610549,0.35347307,0.51100016,0.065758735,0.6692115,0.22884424,0.5733609,0.220513,0.38119933,1.044872,0.14446838,0.20641729,0.19577667,0.2976414,1.4079027,0.3352775,0.32546663,0.18141004,0.3765911,0.123878144,0.15305275,0.2662001,0.42943054,0.35649824,0.26263872,0.23657857,0.44067362,0.12714331,0.34535292,0.016425952,0.29916713,0.24785735,0.011163436,0.18233171,0.4837493,0.31814593,1.1573958,0.082980454,0.47934934,0.18048176,0.3211039,0.23168863,0.54188335,0.46559906,0.078988194,0.1569398,0.49572992,0.61763614,0.40075368,0.11316189,0.37144887,2.5301256,0.27689853,0.37481952,0.40621442,0.13758281,0.104156725,0.006475982,0.88286227,0.2829743,0.94687766,1.1934614,0.027697992,0.2752391,0.88064784,0.09649036,0.12042077,0.012407068,0.29404142,0.45929766,0.017584547,0.04946803,0.4325598,0.31330985,0.25590187,0.08610226,0.17752509,0.17930391,0.35168844,0.4072839,0.6034589,0.08761001,1.0677495,0.11427078,0.43255,0.062504716,0.064752094,0.28723422,0.04025657,0.17534858,0.20058952,0.25343627,0.007795533,0.32222667,0.15057984,1.2011857,0.32463712,1.8642821,0.5132009,0.33571357,0.50300205,0.7366601,0.07787819,0.34401095,0.019997846,0.22039367,0.1636487,0.10658391,0.90200496,0.68287086,0.37537795,0.07575762,0.07052252,0.21516858,0.6894376,0.26143992,0.0,0.021247495,0.42058957,0.05002826,0.007609385,0.011627323,0.3142548,0.534621,0.06863044,0.14273372,0.06455724,0.63377607,0.00094919367,0.22924905,0.07743504,0.36265755,0.22766247,0.33328044,0.109797984,0.593863,0.18675864,0.028071217,0.5900489,0.18426037,0.14197284,0.10362834,0.65763104,0.48751923,0.0007134708,0.18688998,0.003150738,0.3394899,0.016766557,0.37475637,0.06481524,0.34234285,0.21230054,0.25332898,0.14751202,0.2723745,0.8483583,0.004913661,0.24107394,0.0055692624,0.7985022,0.26942354,0.21170674,0.06264924,0.037247993,0.040536746,0.37112236,0.900406,0.043828085,0.55459225,0.64078355,0.5743275,0.23817657,0.19441816,0.2675361,0.14243776,0.7153974,0.18337433,0.028640304,0.005601429,0.42663208,0.03288418,0.20141885,0.27409822,0.41133827,0.5518362,0.20668074,0.22288996,0.020394454,0.1087036,0.00874443,0.6817273,0.31918055,0.06951749,0.24029869,0.7423277,0.94347084,0.45708084,0.063831344,0.041050207,0.3291464,0.5574313,0.14709094,0.3006239,0.5014782,0.16790271,0.06480317,0.048446134,0.36955535,0.0033647856,0.17376737,0.9412526,0.22952875,0.13023216,0.21448109,0.14718693,0.049399853,0.21451831,0.030892016,0.035809774,0.91519654,0.07399442,1.4013156,0.5755945,0.051355317,0.45493072,0.06032365,0.31310916,0.3097295,0.14381357,2.4906607,0.73805153,0.15669876,0.14579427,0.7257155,0.050328657,0.39467,0.8839465,0.1685,0.12718496,0.15448405,0.24582157,0.29387438,0.001748302,0.04803261,0.17745034,0.130562,0.5758141,1.1099205,0.5966338,0.668064,0.36395872,0.047132537,0.23411033,0.1655468,0.4834025,0.0029558013,0.5825561,0.33542,0.0054320297,0.60440624,0.19749162,0.27309972,0.5068948,0.053228196,0.27074683,0.016134216,0.19874991,0.037666403,0.5605076,0.13256525,0.042311296,0.3524559,0.3189953,0.08930818,0.2985795,0.83905154,0.15518036,1.5749943,0.66128874,1.828785,0.0921012,0.07314615,0.6023426,0.44649917,0.30060455,0.10076659,0.707119,0.79644954,0.42181605,0.0019673682,1.7923379,0.48327836,0.31605658,0.034565486,0.25760537,0.34374496,0.007892901,0.18693486,0.34061998,2.2132616,0.30461386,1.0488319,0.28571182,0.644341,0.5589998,0.04785254,0.0761972,0.45970076,0.42437547,0.14477445,1.5779487,0.9472189,0.7252261,0.28555018,0.015937436,0.864096,0.12976882,0.42599797,0.57120013,0.4820888,0.12707292,0.07338154,0.23359998,0.5010557,0.11850193,0.13426398,0.13802919,0.67923534,0.3976503,0.26854432,0.18082793,0.15317923,0.08402452,0.13231093,0.28788906,1.2343333,0.072220095,0.14307748,0.24407241,0.61323446,0.7487434,0.36010396,0.09287834,0.13672274,0.93338686,0.05370808,0.1778349,0.22212473,0.67402613,0.6631116,0.24809727,0.81229407,0.7505914,0.11655073,0.9425726,0.23953158,0.00024092196,0.21708831,0.0019991857,0.1440491,0.022107454,0.40174016,0.25476527,0.22033364,0.29507118,0.32077953,0.2564832,0.0,0.77608943,0.7138269,0.002180662,0.21500179,0.8502281,0.14366183,0.5335665,0.13560086,0.62288725,0.6534939,0.31857643,0.1594944,0.35754734,1.1742128,0.3485737,0.2000379,0.49323058,0.15063015,0.1509797,0.1971134,0.7069115,0.61411977,0.9717492,0.33658868,0.40569037,0.17942917,0.93080825,0.4229899,0.19633073,0.108146474,0.11585152,0.3432595,0.3417098,0.10714946,0.2443083,0.06406295,0.23114794,1.4105849,0.87006766,0.40426177,1.1125319,0.16046429,0.0,0.32228503,0.60685307,0.68006974,0.78518784,0.1630685,0.20379063,0.3226604,0.0,0.48408395,0.028577369,0.28755623,0.1682143,0.76217705,0.06383246,0.60459715,0.2822653,0.42268106,0.50965714,0.0024717343,0.61961305,0.048222255
0.3023076,0.03794474,0.29953238,0.119529575,0.11132503,0.1699604,0.8557633,0.66433275,0.25809187,0.28003907,0.20525122,0.1928182,0.14002195,0.17604451,0.070102505,0.20638734,0.031071294,0.44170034,0.22222397,0.23928988,0.29559982,0.16716856,0.07456989,0.00043104752,0.027858097,0.31875423,0.12691312,0.14029105,0.18838203,1.0247592,0.10301031,0.31243932,0.065201335,0.16389912,0.43873286,0.11706717,0.2548163,0.12607184,0.22573097,0.07343765,0.34945032,0.36396676,0.32452953,0.12763748,0.22830728,0.07302762,0.33265418,0.13228388,0.24646217,0.4390831,0.6801629,0.38763794,1.2635074,0.5373797,0.03877384,0.20264077,0.36533895,0.2433607,0.15050407,0.9725138,0.4194062,0.462031,0.26889735,0.38428313,0.3551788,0.09084982,1.0464127,0.9193889,0.069749415,0.03006725,0.19806038,0.30378327,0.32355484,0.34593284,0.21442117,0.15821141,0.10056838,0.37195116,0.78254575,0.3102971,0.24428868,0.27578175,0.11576983,0.42763168,0.1154619,0.21272537,0.43539506,1.0186063,0.18756442,0.046224132,0.3859426,0.012326015,0.7850746,0.064521186,0.17010301,0.025031593,0.09490645,0.26352954,0.09187258,0.055638082,0.04959719,0.5872114,0.25763333,0.41151088,0.052677453,0.20751688,0.27966514,0.76051235,0.025434744,0.09716125,0.08594547,0.062018797,0.059911165,0.32379073,0.38338634,0.047941446,0.01912406,0.05232508,0.5502376,0.25873274,0.44542307,0.08356352,0.18103579,0.056689106,0.16429052,0.29211438,0.11512203,0.257316,0.17837891,0.85505486,0.7030412,0.23250934,0.10016078,0.2402448,0.38272125,0.01918548,0.67268556,0.28355807,1.0520507,0.3169939,0.42964748,0.31994382,0.10455255,0.16853845,0.66211885,0.10318958,0.19572505,1.4187889,0.07799953,0.23380327,0.024289034,0.17959918,0.058816805,1.001787,0.68362015,0.581765,0.10805619,0.030131059,0.7730179,0.08004196,0.29048383,0.31909257,0.28413582,0.2558404,0.013915732,0.19361621,0.115343004,0.23190752,0.10041304,0.44869667,0.07727128,0.6755925,0.10875295,0.3624158,0.16141877,0.3080999,0.92221886,0.73102725,0.13942549,0.40428206,0.53396606,0.34721914,0.14358006,0.07687059,0.3711762,0.060165595,0.11133727,0.3850224,0.56847656,0.32802197,0.10943054,0.010678285,0.07346763,0.5823454,0.065407425,0.11262781,0.31738696,0.2647558,0.40685153,0.6083327,0.28849423,0.09144738,0.16800204,0.00011032253,0.11115373,0.054787032,0.4910341,0.32200554,0.37950543,0.068265066,0.13681398,0.2699017,0.015961755,0.5975185,0.028304594,0.029323315,0.13959464,0.0475153,0.12667835,0.04219644,0.39693028,0.8443179,0.26057833,0.14749062,0.048167102,0.10276474,0.16649862,0.04903444,0.55020547,0.5634807,0.022800922,0.7152798,0.26927057,0.06647275,0.08585599,0.20771703,0.3539996,0.440391,0.41861796,0.023289306,0.24933304,0.05705665,0.096546054,0.24793014,0.13633713,0.16250226,0.5403974,0.089129895,0.59796154,0.43914002,0.48264772,0.22810355,0.034462065,0.18679,0.54554445,0.032407485,0.030356653,0.27407244,0.2386899,0.59107625,0.28236678,0.15872446,0.8041911,0.7615526,0.27800453,0.11057595,0.2541975,0.06674637,0.23997426,0.31625813,0.45646018,0.11482465,0.0770873,0.2948801,0.2239961,0.3926906,0.21496508,0.15559544,0.08626199,0.33491057,0.044036105,0.7726847,0.17495292,0.33589917,1.8574259,0.12761338,0.28886196,0.2210267,0.21501726,0.31417075,0.040698864,0.2960437,0.55105823,0.2773855,0.27668715,0.39557266,0.44619155,0.5647675,0.02438927,0.26752073,0.13917407,0.9529666,0.4909018,0.31989717,0.6851567,0.13194758,0.16039118,0.14709464,0.11576636,1.1218321,0.20485035,0.18719433,0.5908704,0.3405906,0.24838768,0.19876891,0.060913168,0.03016949,0.3646855,1.7573776,0.3501774,0.6141028,0.13048555,0.13992664,0.12610719,0.39767617,0.20433164,0.24369043,0.14106908,0.00049293175,0.5805675,0.38133752,0.06906697,0.3156232,0.053555947,0.68599534,0.2645809,0.019002277,0.3963502,0.06251138,0.0,0.2864246,0.33459365,0.2050856,0.21748069,0.051989418,0.21313506,0.07559435,0.022758527,0.067933686,0.11661103,0.32489464,0.018868387,0.2581702,0.20362198,0.1632312,0.19738403,0.068335935,0.2360307,0.14494194,0.3736223,0.051157597,0.20456605,0.024584774,0.12896046,0.09648082,0.39734164,0.9292213,0.4626752,0.4074325,0.34773755,0.8008377,0.17004785,0.031054415,0.15012018,0.08135892,0.09519313,0.01965318,0.41577452,0.13866732,0.15908557,0.081915155,0.4243297,0.29254538,0.12671156,0.27342394,0.34775668,0.2442027,0.07501216,0.16724059,0.12767214,0.25797606,0.19451675,0.1103617,0.052190244,0.13879195,0.059059028,0.48213857,0.42712757,0.4327455,0.21082017,0.013796369,0.07527883,0.37162322,0.23608148,0.254882,0.17690472,0.11588497,0.21753868,0.05877249,0.94151103,0.5308505,0.32167697,0.24022776,0.23271999,0.49226022,0.24013235,0.24794358,0.25442988,0.57085764,0.11890336,0.97246736,0.094488144,0.11945128,0.0870412,0.47434136,0.23624694,0.6966654,0.43364984,0.07742162,0.06046882,0.095694825,0.18055147,0.72937363,0.39493507,0.046022095,0.31796274,0.24239442,0.42879605,0.16228075,0.015760917,0.19673063,0.12062274,0.11386689,0.049387947,0.15862852,0.3098876,0.14510785,0.41494387,0.16946085,0.22555351,0.26172078,0.16867286,0.21204925,0.09792075,0.6178843,0.39144224,0.5031297,0.43109268,0.17580132,0.038369924,0.29969886,0.09395806,0.35346386,0.2964216,0.22236726,0.29492995,0.7526373,0.16688024,0.15181994,0.41760066,0.38299206,0.20881082,0.05601497,0.10549827,0.3419374,0.3043002,0.30221686,0.31705534,0.18593231,0.13269362,0.30114347,0.12027691,0.016200397,0.08493542,0.4383086,0.12374811,0.3230577,0.6402956,0.25373,0.15478888,0.5165517,0.088037565,0.33611214,0.012574451,0.27886486,0.37900853,0.18288419,0.15930627,0.3891797,0.3766494,0.27705154,0.42916197,0.1241338,0.39648926,0.013245596,0.13166428,0.08372034,0.4814462,0.0602607,0.14561471,0.75322694,0.86140937,0.05237153,0.61070156,0.1379315,0.9309248,0.15267976,0.2550556,0.6655445,0.17895404,0.1280646,0.2403519,0.12109934,0.2145371,0.68348247,0.18027014,0.10208692,0.52802145,0.1147024,0.00013627564,0.42299953,0.17299941,0.1328991,0.49394986,0.60000205,0.08162926,0.75802815,0.050847504,0.3762489,0.09613712,0.18688649,0.39907855,0.07882199,0.30809438,0.0005170926,0.20681672,0.07554681,0.10026333,0.31092054,0.07494963,0.104962245,0.039141256,0.09382404,0.2844506,0.2789007,0.16822784,0.09449288,0.20855859,0.041187063,0.7963583,0.017538369,0.3297416,0.5568544,0.40730092,0.2271589,0.22132942,0.28870904,0.41453296,0.07328216,0.15566179,0.93857425,0.2043075,0.07267338,0.6690806,0.14019892,0.17877035,0.30650368,0.1778965,0.0402235,0.14075328,0.26486626,0.09639998,0.3686481,0.48405963,0.123408794,0.20115404,0.045398615,0.096196786,0.7428649,0.24080017,0.17863958,0.30413717,0.11145433,0.21135071,0.03319795,0.029296078,0.42214227,0.12200416,0.19728345,0.48742166,0.17883794,0.2165136,0.23368703,0.09625878,0.39373097,0.40848497,0.11792244,0.48685443,0.15300953,0.054259628,0.2702901,0.35217887,0.017629467,0.13428211,0.25238445,0.14366923,0.1953698,0.03840327,0.22584246,0.14896102,0.20994149,0.01606057,0.33811054,0.19454679,0.25172618,0.41693756,0.17498568,0.03378235,0.05848946,0.31238443,0.34772846,0.07702503,0.075282104,0.32676685,0.32080048,0.18991677,0.15726745,0.039154973,0.41850117,0.18426281,0.6469687,0.3616373,0.43227172,0.06982617,1.0849401,0.23341578,0.808992,0.10232599,0.41152993,0.100907885,0.35549438,0.19813725,0.11191021,0.21891916,0.012233373,0.115245566,0.16800115,0.060283948,0.20109795,0.36222607,0.50571406,0.74605,0.30143225,0.039921872,0.39009976,0.25410762,0.17993061,0.24456546,0.31590933,0.17127895,0.35506693,0.033113178,0.68589664,0.047119163,0.09194084,0.26169536,0.82038414,0.58185434,0.23847449,0.5336414,0.19663785,0.53016424,0.5930389,0.084864,0.27822158,0.28857303,0.0069522983,0.13687181,0.12152328,0.13337867,0.33531743,0.060025923,0.3536635,0.032753937,0.20826529,0.41246748,0.27163583,0.11457277,0.06829235,0.099122494,0.2865332,0.7952563,0.15310863,0.07338037,0.033993147,0.070563465,0.17541522,0.09764806,0.44589347,0.21539524,0.070678264,0.23813471,0.39303726,0.07618319,0.2894417,0.20145482,0.03704027,0.13568667,0.44737273,1.1337793,0.42600453,0.20377567,0.14853173,0.29473782,0.07178778,0.1808672,0.0939271,0.24779986,0.07135048,0.1465295,0.1589606,0.1778073,0.19402131,0.5720567,0.2916399,0.2184179,0.023035098,0.09100793,1.2996993,0.07958551,0.1274236,0.3613611,0.22525315,0.2257243,0.049194567,0.6033775,0.09483631,0.21411826,0.14775449,0.008414805,0.101660915,0.5495571,1.1239265,0.19498485,0.29086274,0.04664185,0.38060158,0.022786397,0.054149643,0.64777297,0.7096528,0.013707928,0.19960618,0.10194892,0.18248667,0.7236256,0.33061683,0.22738218,0.301117,0.38566083,0.12762742,0.09753905,0.20603837,0.3078237,0.0690556,0.10217987,0.018784635,0.7444782,0.23742902,0.15916575,0.6368313,0.65639913,0.21277249,0.20343608,0.55056834,0.45013297,0.3205993,0.22722685,1.0502577,0.20735863,0.52373815,0.3029186,0.22487424,0.4769767,0.18663132,0.7482307,0.20933172,0.2310752,0.11436427,0.6777344,0.22690593,0.29049718,0.30644816,0.1321846,0.55956304,0.55267334,0.46724302,0.21482003,0.06830437,0.09147643,0.3220353,0.06437275,0.2716971,0.4245472,0.26915026,0.51959616,0.5486213,0.17256078,0.23550521,0.041375887,0.29643804,0.50372195,0.10919523,0.38363364,0.06077999,0.12583664,0.819797,0.48603067,0.019978024,0.6320605,0.14580761,0.2922723,0.14225855,0.3609773,0.22228384,0.16246891,0.21738043,0.2643393,0.27874622,0.018195894,0.07665883,0.16911101,0.15567985,0.9635855,0.18928888,0.21637216,0.5579659,0.27826333,0.11540457,0.07480926,0.46961617,0.5882685,0.11840993,0.43309635,0.80266094,0.10773304,0.40085736,0.08403765,0.036616955,0.13659546,0.34300703,0.011290362,0.3052525,0.032307833,0.40671843,0.5666411,0.23677166,0.06392075,0.20818985,0.12321971,0.03595549,0.17445302,0.056271996,0.14071165,0.110412285,0.011734547,0.034927342,0.11753233,0.19769263,0.18286888,0.30219948,0.5419294,0.5118551,0.1861588,1.2018285,0.27144802,0.50345314,0.27731097,0.27337953,0.12048757,0.025700338,0.021112699,0.75527036,0.100889824,0.21433017,0.03206425,0.08542506,0.5361075,0.15603429,0.28687558,0.11901759,0.15998256,0.07784348,0.08175506,0.09758792,0.09651356,0.78508925,0.21729445,0.4622703,0.074078314,0.62592256,0.90802693,0.26047316,0.1842893,0.066230305,0.27893168,0.26004046,0.77122086,0.033905663,0.26061225,0.22680736,0.10132654,0.51117665,0.11542807,0.50243306,0.074964896,0.059407096,0.14617027,0.35354048,0.18808855,0.63653547,0.19946325,0.05362058,0.11000503,0.14882533,0.60954916,0.15606067,0.13783324,0.100861385,0.17120795,0.04370594,0.5034174,0.12595508,0.57862544,0.3091042,0.05608828,0.15171385,0.37426504,0.3583275,0.11961102,0.18568555,0.24308091,0.3035335,0.31234762,0.20324567,0.5223191,0.66259456,0.009828099,1.3204458,0.5133163,0.15367156,0.2510523,0.08384436,0.15819268,0.3483482,0.48337045,0.31591627,0.05752078,0.061047167,0.036731612,0.20566948,0.2032873,0.12787643,0.2842483,0.23172621,0.231849,0.23591317,0.45962626,0.17200765,0.19709176,0.34075484,0.48231992,0.1772456,0.25026837,0.28606772,0.5860452,0.59397507,0.064160846,0.11030954,0.48962942,0.5236767,0.30744457,0.023982387,0.0,0.49283817,0.25156498,0.3451971,0.1656174,0.22582868,0.42299914,0.51600844,0.10642117,0.8124856,0.18767297,0.044466265,0.18736367,0.17575696,0.46673584,1.1249886,0.033700395,0.256518,0.36415657,0.087091014,0.09928705,0.39371395,0.0421088,0.4808538,0.23851563,0.28175306,0.7500832,0.35441914,0.21779382,0.1915352,1.1631032,0.71685094,0.0510939,0.55041957,0.19935958,1.224216,0.21219257,0.4452455,0.8294126,1.1313097,0.47365266,0.13410851,0.3159247,0.1409907,0.14153269,0.18166304,0.28896105,0.10632333,0.6806179,0.14339939,0.38850176,0.30406064,0.18671395,0.38136354,0.31696826,0.031797633,0.3700661,0.4308278,0.3200701,0.1309993,0.278785,0.13939416,0.5480834,0.4968409,0.91842914,0.24291982,0.5770286,0.061743654,0.23620263,0.027608927,0.8114383,0.3554074,0.11691578,0.26142448,0.07861367,0.015514394,0.010026596,0.40108332,0.49716234,0.68666625,0.17541242,0.16145211,0.14768337,0.25758183,0.20170403,0.04441449,0.18553472,0.07289377,0.6536032,0.17663006,0.47102886,0.12096237,0.09082168,0.15523377,0.110802755,0.38879123,0.23902689,0.4284296,0.3464519,0.061832953,0.26924103,0.06614223,0.40890527,0.15197492,0.0,0.32654566,0.27504122,0.11658493,0.11793961,0.021573164,0.4560225,0.10337258,0.19440988,0.3640413,0.2197966,0.07591126,0.21321712,0.45424622,0.6745889,0.101852044,0.36238062,0.0219104,0.38125086,0.04590145,0.0059194057,0.104054905,0.26916376,1.2036977,0.60523885,0.42542997,0.25266582,0.30212033,0.05013544,0.25250795,0.30258653,0.41072297,0.6948985,0.087824635,0.08792006,1.5782473,0.20522413,0.708246,0.20864482,0.17528829,0.04299862,0.16212578,0.013291318,0.063311726,0.14067203,0.08612159,0.021509495,0.9639246,0.10398865,0.10767036,0.067872785,0.24517596,0.31363454,0.2153753,0.14055446,0.7892508,0.03684979,0.12368767,0.001650291,0.08299481,0.17971334,0.15048192,0.14103058,0.27444273,0.4488536,0.71924627,0.096773654,0.56244624,0.16611534,0.015866697,0.24501324,0.848628,0.29531193,0.4623231,0.0,0.16752172,0.50043523,0.20650718,0.29764536,0.2261236,0.14654051,0.42324787,0.49320364,0.146332,0.20164481,0.5529494,0.127433,0.03604929,0.0626555,0.05756417,0.119691715,0.016572664,0.15021527,0.15229979,1.020501,0.3080003,0.0,0.07080373,0.4643585,1.528086,0.1217343,0.18818712,1.0536809,0.2321229,0.30705658,0.122952126,0.20765363,0.9823213,0.7228848,0.17521468,0.2463282,0.16450983,0.048144996,0.39759874,0.22916201,0.16877365,0.071078144,0.2845836,0.53149354,0.0,0.3987132,0.024719883,0.4394015,0.24976464,0.08468799,0.31358683,0.02765831,0.13216984,1.6180034,0.61813354,0.17487314,0.84207547,0.06322237,0.75766265,0.16884783,0.03511898,0.5581833,0.31758565,0.58633834,0.19108924,0.031959705,0.11048056,0.077825256,0.2104484,0.037409585,0.38451922,0.081685826,0.018585082,0.279705,0.3630432,0.13956267,0.038570665,0.25627163,0.35202113,0.1561183,0.03249674,0.123348504,0.53890693,0.023938501,0.11943155,0.2272725,0.021854911,0.58521795,0.52671194,0.17784652,0.24993113,0.5184042,0.6043234,0.24849379,0.29458553,0.33765614,0.3565629,0.10957566,0.32550022,0.023260506,0.28822142,0.30294544,0.4401624,0.043033827,0.019937094,0.09710117,0.38853893,0.2811777,0.06258727,0.44134474,0.03855513,0.28916484,0.3550372,0.102168135,0.1029128,0.057407286,0.109180525,0.09624958,0.99444,0.50240165,1.3519801,0.24033804,0.1786944,0.015983496,0.15170541,0.2695552,0.67219675,0.21253474,1.0648315,0.04049878,0.2229033,0.0,0.5738419,0.3198916,0.14759016,0.17139313,0.07580837,0.049826317,0.24951625,0.39000958,0.3636064,0.27562594,0.29828617,0.35093316,0.09173396,0.21687631,0.71781737,0.19902423,0.40196407,1.165524,0.09631747,0.16950741,0.006252623,0.10595147,0.024900218,0.07706919,0.14424744,0.76946235,0.25058854,0.14354736,0.050793603,0.03134254,0.1437879,0.20034626,0.00226085,0.041576527,0.1783024,0.05366153,0.43497002,0.13776635,0.15633821,0.3030913,0.051092044,0.7300353,0.30326223,0.19544646,0.41282517,0.09812187,0.012337458,0.22846091,0.22868936,0.1715813,0.06402819,0.0028674714,0.18308905,0.0049942224,0.1923732,0.11114295,0.6552653,0.31219313,0.9097281,0.4606378,0.06120247,0.32609433,0.009660388,0.2805897,0.093318,0.14083299,0.07017363,0.48809156,0.2702499,0.17477968,0.5712938,0.2514904,0.13509941,0.27430785,0.14633302,0.0956764,0.042596824,0.09984035,0.012180948,0.32369688,0.098268285,0.03942518,0.13553871,0.0060545173,0.19112866,0.001060157,0.27239957,0.168965,0.0042747366,0.1007627,0.12958539,0.5616784,0.016197026,0.09027465,0.09358699,0.0704223,0.76224995,1.5467907,0.0752445,0.22976902,0.004371703,0.31176567,0.19919173,0.16690971,0.22723418,0.0038901085,0.36593038,0.1787245,0.21415594,0.15880817,0.29567873,0.006566856,0.1636096,0.2194688,0.15441602,0.4787061,0.26522642,0.41085875,0.7612258,0.060433514,0.000912862,0.04522585,0.29354066,0.048032247,0.18480963,1.3516811,0.21263081,0.05611015,0.6430498,0.03141808,0.13396782,0.37206262,0.17908369,0.1473324,0.14033899,0.01371545,0.6993085,0.20203549,0.31741476,0.21378711,0.96568704,0.009996397,0.072525546,0.45568052,0.04961013,1.0645337,0.30525312,2.2148802,0.077458404,0.091677815,0.011481152,0.015914813,0.1755875,0.082614645,0.22063795,0.5295258,0.22716068,0.23091245,0.17206053,0.1754137,0.077533215,0.045037985,0.18767416,0.09190523,0.39808583,0.105492584,0.3473168,0.5703735,0.09951663,0.032232832,0.0046790023,0.8607189,0.2298657,0.43989557,0.23348427,0.038175814,1.005595,0.7938628,0.12771423,0.66721386,0.000109348184,0.017014954,0.041957468,0.9053078,0.10878223,0.047309548,1.6719627,0.02302082,0.06641788,0.5900854,0.01840441,0.3765732,0.38229507,0.52830726,0.22304739,0.0870461,0.33557534,0.16470441,0.16123429,0.21481097,0.45447344,0.6190749,0.52904487,0.0013975949,0.5716831,0.29726785,0.03597348,0.08674717,0.04342086,0.1991227,0.03258791,0.15122122,0.04646723,0.06678944,0.01582262,0.032859754,0.015642397,0.021931097,0.0036666887,0.014231712,0.014517917,0.0,0.032839745,0.3204295,0.2153355,0.74069303,0.46578017,0.15106773,0.69781715,0.2732072,0.13820049,0.035903748,0.23047578,0.03534749,0.79588926,0.5543446,0.16018602,0.0404825,0.22439581,0.10307187,0.18328777,0.10343471,0.015422395,0.27188128,0.19964841,0.3776929,1.5570883,0.0020985068,0.109537676,0.052542496,0.0035656758,0.12698998,0.7495874,0.66127896,0.2766027,0.006706404,0.15288942,0.59996116,0.11118922,0.022922263,0.7553807,0.8460523,0.3615256,0.3208379,0.19120365,0.19167167,0.6513575,0.31344986,0.30905223,0.37276897,0.05794896,0.20763633,0.3607114,0.0028660735,0.62656707,0.013405818,0.17189384,0.08406271,0.07787043,0.25073558,0.4796629,0.52501625,0.486377,0.16475403,1.4752927,0.14023325,0.19527803,0.045678545,0.5814986,9.292301e-05,0.60182434,0.71284455,0.16922109,0.65713966,0.14446671,0.29318202,0.0,0.092649534,0.90174794,0.13676856,0.25110406,0.24339333,0.005017198,0.064468294,0.053481176,0.037828945,0.2812526,0.33260036,0.118536726,0.21575561,0.23987561,0.29930887,0.47066677,0.03687654,0.52697074,0.26601797,0.576704,0.27287674,0.29812944,0.87881815,0.176175,0.24485658,0.23167613,0.20623395,1.3591112,0.2971954,0.3232019,0.15436426,0.29433376,0.10907834,0.085241206,0.22013012,0.39525425,0.46065247,0.25891972,0.21403539,0.44637743,0.16785058,0.2990632,0.008944209,0.32399786,0.2381055,0.028871208,0.05798891,0.40873688,0.31668156,1.1539772,0.04484342,0.51421535,0.2007479,0.38982427,0.24984095,0.5495964,0.38415632,0.0980843,0.18170522,0.5936572,0.4704985,0.28846595,0.09509103,0.27401543,2.4795227,0.2709093,0.39892778,0.5232564,0.1593562,0.0878195,0.009401733,0.95855975,0.25024578,0.8837997,1.1669331,0.023143094,0.28630653,0.87565905,0.11116397,0.08523006,0.010932597,0.24301548,0.49734715,0.007737163,0.060967505,0.47680986,0.23349556,0.21034469,0.05850566,0.10459692,0.18893707,0.3359538,0.38590378,0.5719179,0.10703735,1.0630872,0.12238877,0.3311079,0.042265195,0.053665705,0.27294338,0.028667066,0.15480496,0.16089846,0.29471356,0.0023891358,0.28505313,0.13499832,1.1437299,0.26975507,1.9314637,0.45885935,0.3889439,0.5152699,0.7214566,0.1260415,0.27172047,0.021809846,0.18123043,0.1772044,0.097519666,0.90661055,0.68684906,0.35130048,0.09642061,0.044718817,0.22160274,0.7109183,0.2483441,0.0,0.008536184,0.4696288,0.04051086,0.0016170978,0.011348568,0.25975752,0.5989287,0.09793162,0.10558283,0.02314822,0.5892879,0.009802176,0.25009543,0.10973705,0.37945122,0.23814523,0.18097752,0.10650289,0.5870793,0.17069334,0.06323441,0.53557223,0.17086151,0.1357409,0.10331981,0.72857213,0.5142792,0.0,0.15772435,0.004657058,0.3919427,0.0020520384,0.38083062,0.041358538,0.45111448,0.12997037,0.17103061,0.18999335,0.22642176,0.8522912,0.0056556067,0.23512486,0.011964893,0.8018551,0.22314106,0.19626199,0.03628456,0.035307992,0.020061556,0.31772888,0.8454673,0.058791175,0.5216188,0.5914827,0.7079218,0.25484133,0.19862649,0.2806937,0.14932819,0.7088468,0.17142321,0.04356776,0.02558788,0.36130667,0.022510875,0.18703067,0.23993883,0.44357508,0.4820544,0.15767515,0.24777713,0.017221065,0.019018635,0.008001242,0.6021647,0.22633463,0.03400344,0.31939763,0.70678306,0.94792044,0.40760842,0.057171356,0.032403342,0.33998257,0.4604492,0.1220577,0.2625239,0.4169942,0.20118994,0.028294098,0.03854239,0.24621917,0.0045194644,0.16160649,0.9963888,0.20683871,0.1309925,0.21557002,0.13869582,0.06645742,0.1453951,0.006838043,0.02844749,0.90069425,0.09358724,1.4016901,0.50372005,0.06001789,0.41548437,0.055106178,0.34146947,0.2427305,0.15724671,2.5190935,0.71241426,0.19143009,0.13734436,0.5829716,0.062190186,0.4290604,0.9417618,0.081495985,0.04788017,0.12452124,0.24433771,0.29710162,0.0009156562,0.055159908,0.20200086,0.12035329,0.5501212,1.1746228,0.524126,0.590812,0.34548467,0.087127775,0.2532713,0.09318799,0.62201834,0.014087511,0.5574288,0.3067487,0.0016982674,0.6534289,0.171415,0.36573058,0.5164637,0.06704597,0.27288097,0.019919792,0.16689712,0.03970253,0.61986226,0.12877408,0.01862793,0.40976351,0.30344307,0.08390799,0.38451582,0.8632415,0.16908333,1.4553404,0.5906234,1.8774815,0.16545698,0.07598862,0.62126654,0.45208502,0.31195673,0.061369453,0.66460717,0.7782874,0.39325815,0.012145156,1.7124665,0.45940194,0.2739074,0.034514666,0.29023486,0.27996245,0.008810089,0.1442165,0.34070706,2.1932254,0.26718011,1.0891527,0.2361277,0.64292014,0.55128384,0.059294045,0.080491036,0.4635268,0.38559747,0.15108049,1.496379,0.958986,0.6557748,0.23546451,0.015701884,0.95908135,0.11089644,0.3975618,0.70546234,0.47013652,0.09274629,0.08051593,0.23408568,0.43900636,0.097880304,0.09158386,0.20387042,0.7355814,0.4341704,0.27761817,0.31437302,0.19870529,0.039821096,0.10614785,0.2883248,1.2927097,0.060850017,0.15089443,0.2660783,0.58753514,0.72444946,0.30983633,0.049811356,0.17834213,1.0129913,0.06370541,0.23891203,0.24925998,0.6764935,0.5996491,0.24934745,0.92352974,0.8175912,0.1001475,0.9505137,0.25401807,0.0,0.1677327,0.0,0.16168153,0.020893006,0.460508,0.20521934,0.23053946,0.32138267,0.30658713,0.31204242,0.00063891534,0.7047081,0.5578833,0.00067800144,0.2073153,0.93287086,0.16181324,0.5664791,0.09790803,0.6083113,0.76072925,0.33461326,0.16924262,0.42693564,1.2145904,0.35513973,0.2397431,0.52151614,0.12006918,0.15113491,0.20357648,0.6998743,0.53526413,1.0108886,0.4505712,0.42682225,0.1873193,0.9374455,0.44801998,0.21978356,0.066059746,0.11166982,0.4641073,0.311589,0.14551325,0.21895671,0.084556654,0.2419325,1.4449149,0.8097795,0.42650014,1.1481354,0.15752542,0.0,0.32755977,0.55021644,0.7577604,0.89365923,0.16493365,0.23677382,0.3234725,0.0,0.5388434,0.037047826,0.28924888,0.22183537,0.68492675,0.054205313,0.6938225,0.26895,0.40095168,0.5196502,0.0109964805,0.6476393,0.050308418
0.29519624,0.011781605,0.30793548,0.08109543,0.24548562,0.15470827,0.65732825,0.49131274,0.14281783,0.26972288,0.16467278,0.10904517,0.048020013,0.18836102,0.026964879,0.24266136,0.029361187,0.7517597,0.122996554,0.17216265,0.47476697,0.17748575,0.087548494,0.010175999,0.013924576,0.3620996,0.22636375,0.09120947,0.21396457,1.0494491,0.06926952,0.33933508,0.09045904,0.056180898,0.45012376,0.276846,0.15483029,0.26769105,0.14987996,0.052339323,0.34165815,0.20900133,0.18396431,0.1670767,0.21684626,0.13598764,0.35650197,0.13573556,0.17289808,0.27138513,0.7134825,0.44679797,1.0660455,0.47398072,0.13587683,0.24590477,0.56454635,0.2633793,0.07270395,1.2500422,0.653997,0.36398602,0.36828914,0.16111058,0.18623629,0.052871868,1.1709452,1.3075718,0.06985429,0.056702968,0.15436521,0.09282819,0.14813992,0.13539468,0.170776,0.14373855,0.12492708,0.8352996,0.41395962,0.34500927,0.47797948,0.38076174,0.06437884,0.31448817,0.38503563,0.0617913,0.7736905,0.8069428,0.2597992,0.007156046,0.41209581,0.013330042,0.6029147,0.07888523,0.100155585,0.053672925,0.16635703,0.18403322,0.13283758,0.06892293,0.037324037,0.6183685,0.13497159,0.2584646,0.04688604,0.46183,0.3257249,0.6538765,0.10532647,0.08515926,0.06283281,0.06257899,0.060404364,0.4371818,0.40150875,0.075838834,0.036906432,0.19612284,0.5021883,0.06493605,0.3774543,0.09959237,0.0594732,0.1624338,0.21922864,0.31313542,0.24740809,0.060316075,0.11928713,0.25201738,0.5556568,0.27533072,0.20953876,0.22459152,0.48712415,0.019721571,0.51338065,0.09913793,1.0737305,0.087985896,0.5433986,0.2817789,0.17763987,0.120985135,0.43300277,0.12372299,0.14621097,1.5330114,0.1775049,0.24029514,0.0141640995,0.039675742,0.109370515,0.97511375,0.56860507,0.4460409,0.08968657,0.007920655,1.0773659,0.11103133,0.3729789,0.33761385,0.37767017,0.2138198,0.016382629,0.19127443,0.18449768,0.09749949,0.16866127,0.29595762,0.049273156,0.738751,0.0751115,0.16369978,0.114754796,0.13102324,1.1007562,0.5869611,0.3067705,0.45125157,0.6084124,0.3904741,0.11879019,0.10303255,0.3759086,0.022016434,0.16603345,0.17445737,0.63128525,0.34203398,0.123047344,0.0,0.0,0.28650793,0.06342325,0.14235288,0.2578751,0.28701687,0.1033034,0.4934938,0.25309297,0.27682605,0.22696595,0.00070687174,0.17445469,0.0861979,0.27001,0.3095733,0.4547073,0.12112753,0.06823301,0.23052178,0.05038349,0.7525232,0.05410935,0.064500846,0.21751761,0.012946034,0.10768127,0.029673848,0.37330836,0.59026027,0.23844317,0.26114824,0.025053067,0.09727311,0.2731204,0.09086339,0.9408648,0.54059577,0.03863676,0.7852771,0.60826844,0.09977688,0.09096968,0.28337055,0.33763754,0.18504322,0.44976485,0.048926495,0.22018854,0.08289355,0.019980986,0.29843146,0.13198927,0.10013646,0.6845535,0.036918126,0.5719477,0.46671203,0.4780761,0.22661981,0.052969467,0.28526556,0.5192056,0.063842766,0.052911624,0.1943363,0.12938593,0.40320492,0.42226923,0.1496662,0.67252064,0.9676554,0.23785937,0.106168054,0.24203752,0.04655197,0.44777906,0.11286157,0.34504837,0.1867587,0.08617905,0.20866075,0.227481,0.39875713,0.20809084,0.18897888,0.06785697,0.5651619,0.055317596,0.770342,0.18910244,0.33388153,2.0997987,0.066706315,0.3561599,0.290439,0.25842726,0.25459874,0.026629254,0.32811397,0.32505518,0.0379444,0.26129907,0.44535607,0.13189447,0.61540776,0.0071012457,0.08219885,0.10882963,1.030678,0.30270427,0.14352429,0.55345094,0.20949078,0.17258665,0.12004598,0.14118852,1.0285385,0.2808169,0.28663373,0.63428503,0.39189756,0.1788571,0.26761404,0.026016919,0.014921878,0.3370197,1.6355968,0.44991422,0.44175494,0.058182057,0.069872364,0.110043615,0.12930942,0.1693525,0.085926384,0.2302263,0.019257778,0.51340574,0.42202106,0.06004954,0.1358762,0.13865636,0.4405262,0.24359381,0.10697192,0.06892074,0.037898514,0.01923937,0.3863416,0.2399735,0.1413301,0.048896138,0.0922268,0.16463634,0.12269681,0.09557818,0.0625047,0.114051685,0.27194887,0.01739166,0.20196319,0.34825218,0.29749072,0.16601226,0.021155644,0.25724098,0.15668973,0.17115314,0.027281327,0.44109315,0.01947577,0.046418887,0.21077684,0.09286107,0.6615126,0.3943662,0.42180532,0.3246655,0.1290651,0.14841555,0.010115667,0.11409552,0.106163055,0.061993483,0.039391156,0.06960799,0.11362365,0.21206456,0.28659147,0.20833385,0.32585007,0.054538958,0.11547724,0.13264309,0.086703904,0.1685424,0.030240273,0.18048626,0.32435465,0.25532782,0.019208558,0.038473938,0.12159689,0.10959473,0.1439749,0.15576383,0.19749378,0.04132075,0.08290552,0.09344788,0.13010414,0.1687916,0.21633263,0.20550767,0.11894369,0.28140402,0.053933345,0.22134845,0.18807077,0.3568294,0.38501832,0.11953932,0.33442914,0.10779256,0.11491692,0.17463468,0.3486531,0.03599336,0.270462,0.018206647,0.123639986,0.09650326,0.07036336,0.25834447,0.2605446,0.035519823,0.19721349,0.19999288,0.08703511,0.12005158,0.019457398,0.1167099,0.024761695,0.050358627,0.040075146,0.067101486,0.005471625,0.014234389,0.084499076,0.17152582,0.13641517,0.10634428,0.092527196,0.044396706,0.07520293,0.45417315,0.05812467,0.15352118,0.31543973,0.05606553,0.080586605,0.09980078,0.23698089,0.62401223,0.08040267,0.22264752,0.29919147,0.0064122896,0.15478234,0.070802025,0.3130087,0.17314424,0.09116482,0.7064659,0.38344872,0.059533834,0.18760508,0.40701753,0.17264855,0.14706211,0.07018688,0.020681154,0.053020164,0.16616799,0.07882106,0.5320415,0.09419303,0.13601792,0.28519017,0.1212582,0.10014887,0.17744353,0.18144633,0.10257534,0.24747327,0.38464725,0.1975325,0.25343913,0.5484961,0.06890003,0.28669676,0.0048033455,0.3185728,0.24232101,0.119335905,0.15174846,0.28834042,0.25155067,0.15075828,0.31179234,0.112442076,0.38779458,0.004164049,0.11048737,0.1729924,0.17862965,0.05413572,0.4263891,0.17787653,0.3012554,0.12329054,0.077703126,0.12837404,0.65577227,0.20435742,0.17267203,0.19566089,0.2097702,0.25150752,0.18056269,0.09526594,0.10060313,0.2374073,0.1746541,0.186013,0.4287844,0.3402282,0.05130311,0.14524075,0.27755988,0.16531745,0.18107827,0.48919886,0.24604516,0.53300476,0.1358668,0.1891272,0.06472023,0.20656642,0.11384687,0.057073563,0.11820793,0.0048919385,0.08429896,0.07556069,0.05626581,0.18851665,0.122310005,0.09776731,0.06722214,0.059785966,0.22593607,0.28309196,0.015902286,0.09876549,0.12517172,0.035540745,0.26987028,0.099160835,0.1225527,0.12925617,0.2605164,0.27277833,0.2240003,0.2503573,0.3179544,0.03744368,0.28686795,0.119736806,0.15610507,0.06251916,0.35524648,0.05268756,0.24951999,0.23626213,0.14439055,0.030942012,0.29667735,0.18181023,0.033673365,0.17885044,0.1554215,0.012207253,0.021191511,0.22438434,0.08295685,0.23440951,0.16196746,0.117024474,0.254167,0.25039262,0.12445876,0.087474525,0.13118577,0.26699516,0.04062945,0.18241617,0.06471266,0.22623484,0.28403032,0.0673328,0.058158852,0.11582856,0.11890456,0.049096048,0.3125318,0.07679607,0.054578215,0.23127882,0.11821197,0.01931732,0.12833261,0.1838011,0.067582965,0.17172797,0.039011955,0.15029405,0.13716982,0.1570628,0.0,0.13828224,0.08257972,0.12005676,0.20398125,0.16990708,0.023898479,0.09485678,0.049026597,0.13850987,0.22523804,0.13020211,0.14597134,0.23603727,0.17555192,0.15846592,0.044346355,0.1367512,0.007122707,0.6276058,0.076748215,0.15092877,0.01830042,0.03150551,0.06575967,0.4561486,0.14178495,0.21302617,0.08417815,0.25950432,0.15103918,0.212763,0.26039177,0.17971103,0.06816486,0.21057397,0.11971853,0.071602836,0.38033113,0.17669669,0.17706421,0.04360047,0.11722252,0.091575876,0.1739839,0.17805687,0.18247709,0.23664048,0.25588164,0.12553917,0.15476894,0.31166828,0.15791067,0.013828928,0.13908823,0.040582523,0.41140413,0.033947695,0.7891339,0.090579465,0.3334109,0.33710578,0.12213595,0.16341497,0.006365624,0.04998862,0.19707385,0.22958109,0.09607746,0.25308186,0.0591626,0.2634238,0.04661947,0.12690154,0.3884917,0.14910433,0.097623095,0.19177356,0.03073006,0.3190487,0.12828326,0.16211878,0.11656181,0.07523944,0.03188818,0.33042067,0.1489003,0.24099429,0.24313743,0.18972513,0.16128983,0.39338335,0.07331556,0.19409232,0.23901133,0.084599495,0.10206508,0.42193395,0.06486119,0.27590716,0.058611386,0.1210065,0.10734391,0.105912514,0.03856251,0.13000453,0.24916694,0.17111212,0.073268086,0.022677574,0.1584608,0.0065158433,0.04984554,0.29234535,0.15422732,0.06868872,0.14892435,1.1157488,0.14855984,0.051930375,0.26126164,0.16461816,0.21352589,0.044643156,0.032800134,0.092966355,0.31576487,0.053531613,0.07219862,0.16854054,0.2390901,0.54667175,0.258993,0.051341057,0.06443431,0.30285898,0.00943222,0.013701036,0.37179595,0.39463493,0.123806976,0.16481353,0.06258506,0.1916095,0.5315504,0.30564058,0.083399445,0.27301896,0.22256202,0.17322314,0.31990963,0.029605407,0.2066701,0.040130984,0.07615639,0.05303061,0.35124224,0.12115835,0.106488936,0.5755917,0.07463056,0.28149217,0.118452,0.53187513,0.19064608,0.27931613,0.09750989,0.6369994,0.1142301,0.3491483,0.32814503,0.21214457,0.25342253,0.108412154,0.2482758,0.17340621,0.22999713,0.09796135,0.08588229,0.4003422,0.27523696,0.2101728,0.13403927,0.110763766,0.13376348,0.34242696,0.054655302,0.052458163,0.14470875,0.11547057,0.16438533,0.32680646,0.2312387,0.11193051,0.23250087,0.33275378,0.05803972,0.15569496,0.06532812,0.17962687,0.3707279,0.010346756,0.14779307,0.008164212,0.07174775,0.7616345,0.21575324,0.019291181,0.21424627,0.09525346,0.26948604,0.20121929,0.24540298,0.1562197,0.12797874,0.22181122,0.40032643,0.13965575,0.0046053347,0.16988958,0.24549334,0.12117599,0.1636287,0.13705032,0.15590647,0.7883271,0.04546161,0.17914464,0.086475894,0.49232087,0.35023278,0.046774443,0.10738705,0.14829159,0.15127945,0.2267595,0.15323286,0.060335454,0.09530483,0.14352036,0.04182744,0.45380288,0.04595486,0.08644152,0.33239746,0.20082635,0.028417412,0.29106194,0.083138585,0.035137467,0.04987401,0.00633309,0.07997316,0.1837492,0.03550709,0.03195911,0.0034513834,0.14428677,0.118626386,0.037409596,0.36205053,0.18784231,0.24675459,1.0618837,0.11412717,0.098238975,0.092030436,0.16177097,0.13497017,0.021953477,0.026731696,0.49412256,0.15138695,0.2384417,0.0,0.17094769,0.3482347,0.088009566,0.13487451,0.07442789,0.053862087,0.100115195,0.034932256,0.082271755,0.04393226,0.073004484,0.09939577,0.08165291,0.0278571,0.6378875,0.2835752,0.20010407,0.09343377,0.075112104,0.25667816,0.13804165,0.10216682,0.031062463,0.22602214,0.17530563,0.10771605,0.28228852,0.21191937,0.27224848,0.08167894,0.0,0.22763033,0.23227261,0.12305315,0.4431066,0.08958782,0.08679673,0.1986515,0.14582662,0.34698018,0.13424191,0.23159811,0.03995946,0.0929122,0.018438205,0.32867476,0.07963972,0.6002546,0.22891745,0.02057276,0.15371346,0.21170026,0.2550224,0.19837609,0.120643795,0.09876982,0.27096593,0.27590716,0.20689201,0.42851055,0.29981086,0.015446192,0.063759096,0.18424045,0.11101779,0.12785874,0.060142823,0.0703197,0.15327704,0.107884124,0.1705192,0.072666034,0.03552458,0.04153876,0.26751208,0.23249017,0.2117467,0.066072285,0.20862406,0.26003116,0.25144184,0.25312203,0.05127144,0.33767903,0.051951814,0.11154802,0.014371288,0.19151975,0.15797804,0.23889084,0.41615254,0.068141825,0.0435371,0.20555958,0.38317752,0.12828748,0.07282159,0.0,0.15410945,0.031896606,0.18711855,0.0803974,0.37882704,0.51806927,0.1552462,0.15738317,0.4051618,0.18455423,0.029130023,0.12751567,0.04782346,0.47974354,0.36260998,0.11093316,0.18615614,0.42208284,0.16957787,0.015544022,0.27111405,0.021709582,0.098767474,0.1642358,0.41106546,0.4182551,0.1171969,0.18179117,0.29402882,0.29441667,0.33334446,0.037119098,0.4391608,0.3036443,0.9072624,0.12877955,0.3143802,0.6997808,0.68170553,0.4332866,0.1334512,0.29550833,0.099246666,0.053132977,0.04079745,0.3734628,0.035135537,0.33180004,0.096559465,0.3469349,0.2605403,0.2827444,0.641085,0.19287694,0.1565144,0.1965649,0.19726963,0.12019464,0.12235903,0.21714678,0.09766445,0.43937588,0.27651855,0.5539051,0.17527431,0.57350105,0.033966318,0.2685113,0.103079066,0.6856046,0.25465852,0.08499893,0.29739267,0.10443772,0.09759408,0.0022029444,0.34860206,0.18546537,0.24507728,0.12148354,0.18217817,0.08343913,0.039537884,0.13872926,0.09144614,0.18702994,0.0956424,0.33496672,0.23729311,0.3758145,0.09611855,0.051955465,0.113847785,0.05616168,0.16645505,0.29792845,0.45684272,0.14658944,0.054799702,0.102180734,0.1930065,0.42771786,0.05773868,0.0,0.43639672,0.23780966,0.3532092,0.04681699,0.11353636,0.5445487,0.16766584,0.116708696,0.27260426,0.3939423,0.022657927,0.25239068,0.19402072,0.8736914,0.329904,0.30112928,0.119774155,0.4794098,0.14739168,0.046596635,0.13859247,0.0478384,1.4198686,0.3833918,0.35252118,0.020161774,0.20285068,0.05887345,0.22241113,0.59847593,0.49870348,0.41106027,0.061089274,0.02866967,1.3720481,0.20789467,0.64916766,0.08249383,0.11773938,0.04487318,0.32397678,0.054520562,0.017368972,0.39981365,0.041518994,0.04177172,1.1512171,0.015073704,0.090561524,0.13286443,0.3030074,0.85871804,0.2183613,0.0049204463,0.4664467,0.07306275,0.057583604,0.027587552,0.124031216,0.18631417,0.04212202,0.2975731,0.17741835,0.351502,0.6784754,0.20022386,0.43138343,0.16286688,0.04227928,0.22640131,0.84535545,0.21981046,0.51059717,0.00038927767,0.03032726,0.5456163,0.33685637,0.15468769,0.41348404,0.026001107,0.27270946,0.36483657,0.08975608,0.056147926,0.5401746,0.38803363,0.050592504,0.005565707,0.06718837,0.09284555,0.024328075,0.08695029,0.0972196,1.1439452,0.52253306,0.0010395679,0.064197615,0.4396456,1.4735045,0.0008323467,0.08779628,0.7952566,0.19449903,0.51547843,0.059628367,0.13913901,0.7037902,0.5702369,0.27516317,0.19565192,0.053665336,0.06388223,0.2848644,0.052762844,0.22565949,0.07935934,0.12847507,0.5904748,0.0040932773,0.3540571,0.041718073,0.5297955,0.4236474,0.024733758,0.2620152,0.04531087,0.1624701,1.8156347,0.7681102,0.14420289,0.6744732,0.011716015,0.6202965,0.59469795,0.03182114,0.5797389,0.15899971,0.94412357,0.18395281,0.051770292,0.13284351,0.11320453,0.29314774,0.057325795,0.26315987,0.13067867,0.07878813,0.23872182,0.7010685,0.07838855,0.05380186,0.36205897,0.40711948,0.17033179,0.041380707,0.07949773,0.66239995,0.06826542,0.22993882,0.21235947,0.022387177,0.43879926,0.27708626,0.07213217,0.07493107,0.5035395,0.5818856,0.35600582,0.3787391,0.4538754,0.4349118,0.15304556,0.07669724,0.08778998,0.34363332,0.6126635,0.31618193,0.19182473,0.021518584,0.054908946,0.58926964,0.042168267,0.07329244,0.49630326,0.017664213,0.18506579,0.3859609,0.21280387,0.01698132,0.025715187,0.04246557,0.021892805,0.9770885,0.6052486,1.4910272,0.24949622,0.28386825,0.022748932,0.17260842,0.17767778,0.5151937,0.46484694,0.694356,0.054862376,0.23040424,0.0032526064,0.4592399,0.3705937,0.10968378,0.26327312,0.17532107,0.053988762,0.035888508,0.24460791,0.40080562,0.24514703,0.770764,0.35093707,0.03805109,0.16260087,1.1525655,0.2012236,0.27751005,1.0791447,0.096437305,0.48963746,0.0074270517,0.281267,0.36302155,0.11200688,0.08066133,0.7143972,0.0819731,0.1645145,0.17686316,0.12818454,0.108350046,0.20958646,0.008939713,0.013034073,0.37847036,0.077401415,0.2451411,0.2970533,0.24440989,0.55368835,0.059197586,0.48547116,0.24235922,0.18777569,0.41668716,0.33441034,0.013635652,0.22702625,0.44136482,0.14607543,0.14170316,0.0,0.27560303,0.019166835,0.22189802,0.022002462,0.4400432,0.25119364,1.1532463,0.35151228,0.022190787,0.24807839,0.021450482,0.27231023,0.15644464,0.044863272,0.05868125,0.4321419,0.21738708,0.08586135,0.8326809,0.7696358,0.25305113,0.18834935,0.20609505,0.08743105,0.14111492,0.020328663,0.06282987,0.3043043,0.13368677,0.03743831,0.062424447,0.015623539,0.37970942,0.0018860815,0.3665563,0.23118314,0.061730042,0.023344,0.25215122,0.9041702,0.022645764,0.13774143,0.12424566,0.19903864,0.51726604,1.699223,0.070162274,0.1557518,0.022556951,0.5023818,0.33341563,0.20682001,0.24886377,0.0,0.26411608,0.35957897,0.32853612,0.29322562,0.25806957,0.09220483,0.18006265,0.17287622,0.14726159,0.14938584,0.13289598,0.3541289,0.64653313,0.004910855,0.0,0.012095038,0.09222699,0.05694433,0.08906204,0.78585994,0.31102842,0.078285135,1.2872024,0.03592795,0.0448976,0.15954216,0.2627769,0.33948588,0.23198706,0.07432857,0.63048327,0.088334695,0.27796847,0.16932024,1.1744859,0.21409345,0.293548,0.43230173,0.05110562,0.7746836,0.46876186,2.06214,0.059281096,0.17104514,0.008479612,0.0,0.18497285,0.15362448,0.18353902,0.28216285,0.22125736,0.27420372,0.16603391,0.19978899,0.0116907,0.015050737,0.17754772,0.24067505,0.111624636,0.12067104,0.1527862,0.9103646,0.15137799,0.02660703,0.024230642,0.8440548,0.25517428,0.5019975,0.27307796,0.020746004,0.78277266,0.6928489,0.16057092,0.53539526,0.0,0.061345853,0.0695474,0.6070847,0.07247941,0.021658592,1.7254345,0.13624564,0.067108296,0.79420924,0.01812442,0.29204288,0.44343618,0.29208943,0.42449325,0.5685819,0.49474698,0.025231946,0.4555009,0.20244996,0.4855999,0.5508222,0.6253402,0.0,0.697629,0.39859647,0.06610234,0.13618577,0.015879326,0.04641626,0.012435837,0.25822356,0.05552696,0.11731285,0.08844861,0.0015062353,0.059793413,0.2233891,0.09207904,0.023801427,0.114833474,0.0,0.0022995907,0.23945639,0.14787865,0.7404085,0.41684335,0.22911218,0.5873518,0.40660265,0.018685073,0.053844094,0.3328327,0.0024802475,0.61484706,0.4928568,0.067324005,0.1206935,0.24526891,0.056592613,0.13165484,0.12543415,0.003685463,0.18669225,0.027484838,0.13889126,1.306395,0.010249305,0.023538532,0.14194123,0.023350172,0.06675263,1.118238,0.53459823,0.21379307,0.058442216,0.37775642,0.5748065,0.048688795,0.0037817718,0.30840066,0.5675418,0.09921487,0.5988641,0.22228763,0.138588,0.4612334,0.17359978,0.24009797,0.4568005,0.05485779,0.15179792,0.54879934,0.010814812,0.69344777,0.01973989,0.15132856,0.09715955,0.14308386,0.26070464,0.41750437,0.20375995,0.2274991,0.2878194,1.4557533,0.20776615,0.12483553,0.0110702785,0.43537226,0.0120333135,1.0145035,0.8888374,0.08189836,0.77380085,0.16761318,0.17120351,0.0,0.19618028,0.6073147,0.047775336,0.4110211,0.12909797,0.022378514,0.059037708,0.099999666,0.27863693,0.30335793,0.23579106,0.0795999,0.41892993,0.1247903,0.3884436,0.3944693,0.044901494,0.73618823,0.19950134,0.45990944,0.4345156,0.21952474,0.6774901,0.17626756,0.25350568,0.23648782,0.14925234,1.3070526,0.4414771,0.35702336,0.06779994,0.1742261,0.14828596,0.11689789,0.26220715,0.41195345,0.24832237,0.085212685,0.34852678,0.7240904,0.26289675,0.42754266,0.0049506873,0.19989124,0.117413834,0.004774057,0.08367437,0.28093052,0.31191343,1.3246697,0.002387341,0.30297816,0.2500912,0.49065512,0.2008132,0.45227537,0.55412126,0.06686024,0.2429697,0.74629974,0.6227208,0.17395526,0.20964435,0.1752766,2.1680713,0.3414181,0.3936888,0.20582566,0.28847075,0.06190142,0.008871136,1.378814,0.21689506,0.6956084,1.4174967,0.0026709817,0.1400676,0.9157367,0.001707797,0.27219903,0.016760288,0.22476922,0.5632266,0.024097089,0.0006542708,0.1682258,0.2539863,0.068557404,0.014855448,0.1216426,0.04936245,0.004366852,0.841233,0.56277514,0.03058575,1.2325217,0.0696939,0.19694321,0.4350525,0.22308362,0.28250846,0.012443827,0.15312998,0.15068182,0.28163075,0.0001267711,0.2081372,0.08224211,1.1569073,0.38905802,2.01781,0.4268117,0.55372643,0.18223734,0.5474726,0.13211259,0.19976112,0.028408952,0.28148842,0.17232518,0.081358224,1.3214302,0.5372318,0.5777588,0.23219875,0.059419837,0.27864814,0.7005464,0.24396439,0.014082754,0.019778157,0.15278085,0.04755169,0.026152257,0.04529944,0.17459157,0.5939265,0.06647813,0.081658885,0.0007527489,0.5756545,0.014349891,0.15133685,0.018454086,0.38952625,0.17383228,0.24402751,0.0437505,0.7823192,0.41448718,0.11127302,0.5504918,0.22291744,0.17965797,0.1050398,0.45958796,0.7502283,0.057429664,0.13790914,0.044285614,0.36062896,0.03328851,0.035869047,0.08385344,0.2605064,0.22485884,0.18033266,0.1804746,0.12728402,1.0993907,0.028589197,0.3035496,0.027803656,0.6985367,0.083268665,0.08040722,0.022588193,0.012086628,0.034446467,0.3784003,0.870132,0.0019746604,0.39184725,0.5691228,1.0482552,0.4016617,0.23074943,0.38218996,0.34700572,0.62883633,0.15274194,0.22082835,0.04008097,0.24188259,0.007930647,0.21581519,0.27735832,0.34713304,0.5291854,0.12405364,0.10550506,0.19044659,0.032333314,0.093008734,0.4670205,0.0845251,0.13067067,0.30821943,0.74688625,0.78249717,0.41094998,0.06534314,0.082502514,0.22419325,0.48552895,0.14099416,0.64363086,0.5189289,0.19260463,0.022261221,0.10555883,0.33294278,0.0381852,0.18611364,0.91575736,0.32218444,0.15723431,0.14153466,0.3145137,0.0037854682,0.005038039,0.050138637,0.013582692,1.353586,0.00403407,1.4451416,0.691686,0.16539061,0.29641575,0.0270074,0.31250298,0.32052445,0.11505821,1.9432604,0.33728564,0.08923392,0.09284699,0.5802068,0.039552946,0.2807522,0.6000666,0.1596726,0.041049197,0.15060261,0.19966461,0.15115415,0.011729024,0.113823056,0.18104488,0.19395357,0.27988642,1.6295338,0.16716081,0.44613117,0.11827144,0.02558818,0.22270285,0.17159358,0.64860797,0.039244045,0.717803,0.23396951,0.02292088,0.7782583,0.30095673,0.103856266,0.48435605,0.08971612,0.37180868,0.057493865,0.1177599,0.0107421465,0.4336374,0.1924648,0.05312837,0.3741468,0.27508217,0.16000745,0.61116016,0.97817826,0.2058791,1.2857325,0.6901294,1.8186837,0.04571711,0.09857015,0.76479495,0.6806442,0.31003022,0.006280512,0.665866,1.1905003,0.22115189,0.053442825,1.3514726,0.3709054,0.30332845,0.09316676,0.43281543,0.123632215,0.013216562,0.3018486,0.46377754,1.6038951,0.33534682,1.1004832,0.5974899,0.9789828,0.6074072,0.031115254,0.064921424,0.60107857,0.4995891,0.26095745,1.7585866,0.617609,0.95233476,0.15448272,0.20369193,0.68401307,0.04863877,0.34789765,1.0575609,0.18095243,0.20821515,0.10749117,0.5045023,0.6357829,0.43490624,0.0907576,0.090620145,0.118552946,0.08226823,0.3046626,0.11932885,0.20185664,0.30674398,0.046616,0.049699172,0.8545819,0.047465347,0.12334782,0.23829518,0.4234563,0.72215414,0.5734011,0.031326182,0.13715833,0.513545,0.07900567,0.3236943,0.281316,0.19753286,0.69777787,0.46532536,0.44663313,1.1584204,0.085308604,0.8213589,0.44031906,0.0,0.28290895,0.0,0.07790452,0.13906634,0.733217,0.07094082,0.14342748,0.4060008,0.78905356,0.6388576,0.020417519,0.65558946,0.5725673,0.05088375,0.22335638,0.7974827,0.22105442,0.71156657,0.31800908,1.2476623,0.87084174,0.3927825,0.41730994,0.60569143,1.0901239,0.52234805,0.36052752,0.4239955,0.32587507,0.16074497,0.16655508,0.97076064,0.29732218,0.9154946,0.41108724,0.42572346,0.13839646,0.85122406,0.34736723,0.14356786,0.08973299,0.15971409,0.33134767,0.1458163,0.12651417,0.417051,0.077760726,0.13854562,1.1828535,0.6792014,0.5998842,1.2964648,0.28840354,0.0,0.34645057,0.63899875,0.9291922,1.0346736,0.19690324,0.35403076,0.39184922,0.0,0.31762135,0.018991914,0.4933497,0.071420625,0.8502975,0.12369862,0.813875,0.20117483,0.23013806,0.5888942,0.014823774,0.38833603,0.19171354
0.28863567,0.023425024,0.31889993,0.07987882,0.24087185,0.18247198,0.72773314,0.5477642,0.1838147,0.30316317,0.16931894,0.1204008,0.05277108,0.17477196,0.018321339,0.2500665,0.031424187,0.7042286,0.16537124,0.18260592,0.45471814,0.19416343,0.10218179,0.005031501,0.034507554,0.2893811,0.2104893,0.0947756,0.21629784,1.0072298,0.078214526,0.38190925,0.107142806,0.05059669,0.5298187,0.27612698,0.14486833,0.25040385,0.15592925,0.06272569,0.36530212,0.21378876,0.2028375,0.10869788,0.2599159,0.14261577,0.35000414,0.14937939,0.18249269,0.29250014,0.6299403,0.42094263,1.1768897,0.51799285,0.17508668,0.27401295,0.6485476,0.28627783,0.08327827,1.3551884,0.5924343,0.33558822,0.32266366,0.1716254,0.23196784,0.046363093,1.1990193,1.3212585,0.073680654,0.05144552,0.17515859,0.09582424,0.15657616,0.16767228,0.15365866,0.11068089,0.08451475,0.8678222,0.45151722,0.32576102,0.5135088,0.34784812,0.07255651,0.3607901,0.38938645,0.061623625,0.65362144,0.81248724,0.28007638,0.005552066,0.40863758,0.025004845,0.60586673,0.064738765,0.111593,0.05739109,0.1552801,0.18002416,0.09630916,0.0758896,0.04545236,0.61565787,0.17625168,0.27439722,0.044800043,0.39127982,0.36751145,0.6738978,0.120537095,0.07872082,0.055124845,0.05735541,0.07044511,0.41390365,0.41530943,0.055174686,0.07272003,0.18096218,0.4877082,0.06396784,0.39792305,0.076968476,0.06465339,0.15146206,0.25098696,0.26274624,0.23780048,0.07926729,0.13999757,0.29465896,0.58781886,0.30690646,0.24860787,0.2371363,0.42331105,0.016770475,0.53151983,0.12191167,1.1002162,0.11108747,0.4908116,0.3049949,0.21753097,0.123401776,0.54827505,0.09941013,0.20157906,1.5440747,0.22225074,0.2002105,0.03269587,0.053616486,0.10746569,0.94550794,0.53242147,0.447774,0.09497692,0.00023298673,1.0468024,0.11169129,0.4227112,0.3350836,0.3997624,0.20442925,0.018917043,0.18914056,0.18130861,0.11314932,0.19247374,0.35185578,0.045493342,0.6795328,0.052392617,0.16869032,0.12684304,0.1352509,1.0821955,0.6350813,0.2903203,0.45340937,0.5963459,0.37669432,0.13497898,0.15233517,0.31423905,0.018834118,0.14294498,0.18456092,0.6065403,0.3580923,0.1532717,0.0,0.00011255199,0.20810089,0.08617655,0.12526478,0.21461353,0.30931342,0.08978489,0.44331145,0.27190703,0.22554877,0.22214714,0.006964895,0.17243758,0.06813863,0.25702655,0.2896403,0.4152811,0.123454146,0.07512039,0.21506083,0.052321732,0.6421926,0.056123294,0.08055292,0.24611677,0.024409931,0.11512663,0.02824874,0.40354386,0.5495074,0.23028854,0.23453721,0.030258365,0.117579825,0.23081174,0.1131473,0.9098697,0.6257645,0.03260477,0.78079045,0.5712264,0.10716379,0.05999843,0.28027362,0.30948272,0.16163126,0.44946668,0.044578157,0.2094335,0.08272074,0.010836741,0.29206598,0.11124202,0.09068012,0.6752006,0.03609515,0.59360576,0.45013553,0.52655154,0.25451916,0.042790122,0.31753466,0.512724,0.065003395,0.074949995,0.1729166,0.16954944,0.390076,0.43011093,0.15093198,0.63759553,0.9801588,0.23520581,0.11376115,0.23362845,0.06201733,0.46540564,0.1551179,0.39700013,0.18321443,0.070648395,0.20496856,0.25197124,0.31925133,0.2940743,0.22564965,0.06015126,0.56516707,0.046544533,0.73705846,0.19263765,0.34044695,2.103063,0.05204806,0.3151995,0.2890792,0.25689185,0.23893031,0.029849863,0.307462,0.32295632,0.016930591,0.24884367,0.41379833,0.14138226,0.6204221,0.009329263,0.064488165,0.12698348,0.98934555,0.3396393,0.11554097,0.48139697,0.20133217,0.15852213,0.18727438,0.12904283,1.1548343,0.23427245,0.27586135,0.62994325,0.3899198,0.17028816,0.29007554,0.024175175,0.013522918,0.34027252,1.630598,0.3053826,0.40807065,0.079052486,0.06149823,0.10638514,0.13236842,0.16483386,0.064687856,0.26579207,0.023655776,0.4855272,0.3264225,0.043645944,0.15038314,0.1292706,0.5958196,0.24621274,0.069251366,0.045548633,0.07873733,0.029980013,0.33444378,0.19077377,0.19156735,0.062404223,0.106275424,0.21226805,0.205624,0.0967956,0.039954066,0.060045056,0.22119708,0.027496714,0.21481559,0.40833548,0.3662927,0.25725156,0.027063707,0.3756287,0.116972074,0.17535129,0.027460653,0.49394953,0.010515707,0.030925477,0.25972772,0.06225781,0.6127467,0.293192,0.34365228,0.30564275,0.15397578,0.19813925,0.01651249,0.15137595,0.115123555,0.0626705,0.04432845,0.11286583,0.06310747,0.1955935,0.40068343,0.17478813,0.26890904,0.070912726,0.08982831,0.22353968,0.055094976,0.14056547,0.051689643,0.2411462,0.35046422,0.2756911,0.051067464,0.08210255,0.04944234,0.12889448,0.08230308,0.13815834,0.20526157,0.03185,0.05153194,0.12654679,0.13447326,0.10253713,0.21482377,0.22926417,0.17076927,0.1909005,0.047422364,0.21190515,0.14021876,0.39716423,0.33900857,0.13824971,0.3217001,0.22947827,0.15849517,0.18045104,0.31195888,0.021156982,0.20139548,0.05517166,0.15397397,0.11421297,0.052364722,0.28191835,0.21334521,0.061514262,0.22022691,0.24093829,0.04858903,0.099670544,0.018626701,0.16001733,0.032009773,0.02203838,0.024602588,0.05537581,0.0023823008,0.05383568,0.083333224,0.2208137,0.12575358,0.06971602,0.078761704,0.018414922,0.119836375,0.41619968,0.067027934,0.17736125,0.30914807,0.07587558,0.081641,0.13892539,0.25872308,0.48162556,0.11880194,0.24438778,0.35742384,0.0052212,0.1405408,0.084104106,0.26383054,0.18284671,0.08150842,0.74746376,0.39443713,0.028379926,0.13287085,0.35286075,0.15697871,0.15449557,0.089199424,0.037863005,0.06522907,0.16442388,0.11651276,0.60039294,0.11021484,0.15714955,0.2563025,0.16275552,0.110234834,0.14611027,0.19057907,0.10946424,0.23254228,0.35649723,0.202304,0.17563355,0.60932976,0.105925865,0.29737177,0.0,0.2810369,0.20397173,0.15499383,0.062436853,0.24537806,0.22654915,0.1447641,0.28825432,0.07917935,0.32305378,0.014082408,0.12955981,0.15935004,0.116829336,0.041988313,0.44961104,0.17678194,0.32263517,0.1258034,0.09240261,0.111913145,0.68090075,0.17147985,0.17984015,0.21953654,0.16550511,0.21118368,0.19660498,0.07023989,0.09695297,0.2299277,0.09811834,0.19103575,0.34398234,0.3655124,0.029247902,0.080302864,0.22674844,0.20476285,0.21665074,0.48336542,0.35321474,0.56069857,0.13401629,0.14353698,0.076694414,0.17170903,0.18887518,0.058343045,0.102500655,0.0040151128,0.13543837,0.06295765,0.03816026,0.17642486,0.08521902,0.12672432,0.07596977,0.034945782,0.18126416,0.2806618,0.024595737,0.10748837,0.085099906,0.07384694,0.36500192,0.09680751,0.10771958,0.20122772,0.3231103,0.34852988,0.24444652,0.32216418,0.2617838,0.03517537,0.2473582,0.085948795,0.10755795,0.06380244,0.32208657,0.11972217,0.28745475,0.19997394,0.29745907,0.0531381,0.31511566,0.18232939,0.04346464,0.13539626,0.12468846,0.0041680494,0.061943423,0.20222752,0.1233404,0.22230501,0.15966895,0.14928322,0.17106357,0.31437457,0.13786112,0.096922666,0.123197615,0.2345717,0.027708702,0.13957892,0.055037595,0.21600364,0.25108758,0.067433864,0.043013804,0.13506664,0.17421655,0.048801985,0.32719833,0.09069327,0.11637972,0.20386744,0.16644555,0.052867837,0.189221,0.22388412,0.06662947,0.16866264,0.02203479,0.13856441,0.10196264,0.10231438,0.0,0.06356421,0.11016989,0.15746024,0.18091047,0.23271991,0.023508176,0.06566414,0.050833173,0.115049556,0.20997578,0.074738555,0.2091874,0.28159198,0.13858598,0.1568074,0.082699925,0.17000811,0.03804244,0.5220271,0.11144666,0.113940775,0.032148406,0.060391843,0.09722106,0.4189378,0.19903825,0.17096236,0.14875787,0.26396346,0.16396412,0.27150255,0.21441987,0.13618182,0.08713571,0.20007579,0.11644918,0.024789104,0.29972145,0.14274278,0.19555342,0.05769727,0.11472554,0.108125284,0.1179955,0.20311114,0.18387875,0.25976294,0.33022538,0.114653304,0.089558646,0.26935723,0.18146193,0.022579696,0.10231488,0.050878588,0.3558895,0.020577598,0.6370025,0.12717074,0.2962969,0.2554216,0.09059964,0.1841834,0.020402692,0.09886718,0.18091927,0.122981235,0.148985,0.13824226,0.07378471,0.24409568,0.020996043,0.16653319,0.3706996,0.15210187,0.07981797,0.28700233,0.063157424,0.34206155,0.16924365,0.14707875,0.10085188,0.13475992,0.071870804,0.35939896,0.14839828,0.23093414,0.31979734,0.19104016,0.14660402,0.30799842,0.07315883,0.18973136,0.16300681,0.10905015,0.12613982,0.549577,0.095334865,0.22594392,0.10069273,0.10948503,0.10389855,0.11287988,0.050898924,0.08707906,0.24930638,0.15466443,0.057930663,0.015804147,0.13767253,0.0049441545,0.077236004,0.29462516,0.14033037,0.06582613,0.184517,1.0004094,0.18622507,0.084784776,0.23505297,0.14186409,0.14082855,0.056386795,0.046878997,0.08339061,0.33476636,0.04243706,0.06830643,0.17564653,0.27547622,0.42673987,0.21579374,0.039946835,0.05888486,0.3149336,0.036058884,0.08157282,0.36770037,0.30788845,0.18803866,0.1674284,0.05006349,0.23445214,0.57573843,0.3127136,0.18331364,0.24511091,0.24592726,0.19749215,0.37237015,0.042236984,0.34317952,0.13963033,0.09739785,0.07636857,0.38077345,0.15263693,0.08604686,0.50188035,0.11470586,0.25881857,0.08895743,0.5608934,0.27918506,0.22069833,0.11295193,0.5501244,0.09773517,0.3117589,0.3057158,0.3041647,0.29162234,0.15326852,0.29921547,0.17261481,0.22811233,0.106610306,0.06777352,0.32210898,0.31634125,0.21134779,0.14580145,0.10292354,0.08994418,0.2599483,0.07415278,0.047143783,0.23095241,0.16805422,0.13367689,0.31856233,0.22035342,0.051695675,0.18511324,0.35596788,0.04740745,0.124816306,0.06623654,0.20767184,0.37055522,0.05969423,0.16303962,0.013098651,0.11123849,0.5660754,0.13790347,0.11530454,0.14234927,0.11953756,0.2127828,0.196608,0.10890529,0.16337234,0.08812076,0.24166,0.42634982,0.0965597,0.004186893,0.20576552,0.27776515,0.11051847,0.14477438,0.10510059,0.114679605,0.74929994,0.029021908,0.16447684,0.10501757,0.38273057,0.30798432,0.051363796,0.049373478,0.12945154,0.12783471,0.24243657,0.16175765,0.083277,0.07532034,0.12640864,0.030788558,0.41701716,0.03759937,0.120059535,0.23996393,0.20133813,0.032659218,0.3199559,0.15708339,0.037495945,0.026636798,0.011316997,0.0772717,0.13040373,0.03926734,0.052231982,0.08695212,0.17325455,0.16545606,0.07901661,0.3833573,0.16405943,0.30175328,0.9323442,0.17345472,0.052500818,0.12376757,0.20120221,0.16929677,0.015741339,0.08216867,0.41164297,0.17107633,0.18917526,0.0065525053,0.14605913,0.30769402,0.052178897,0.1757958,0.08669515,0.074307635,0.10639292,0.05771083,0.09996662,0.018226068,0.061543606,0.06983647,0.069727264,0.038657833,0.5360298,0.2213206,0.17045927,0.086956814,0.12716687,0.24602146,0.17357816,0.11395762,0.092439964,0.23404557,0.23357704,0.14651439,0.28460395,0.18934645,0.16146848,0.064324364,0.0014467869,0.13531277,0.2670895,0.103635654,0.40738454,0.12087639,0.083251394,0.21309118,0.15806557,0.29828045,0.08690494,0.2412391,0.072157934,0.078510195,0.033091668,0.27094713,0.05677926,0.47208884,0.14591767,0.013225611,0.12676015,0.17973925,0.28777844,0.2548629,0.121560216,0.063444935,0.24190134,0.3736987,0.23210138,0.35197836,0.24606389,0.026227644,0.07585839,0.15892038,0.0888765,0.16873205,0.059794065,0.06178568,0.19736627,0.10727282,0.22255366,0.06988874,0.023226693,0.06816107,0.2171514,0.2494116,0.25996792,0.063024566,0.14537905,0.21346442,0.28238127,0.26221347,0.06999932,0.30205157,0.10494691,0.10727315,0.021748759,0.2820965,0.19109243,0.1838035,0.34622353,0.058099978,0.049943604,0.17760727,0.31340417,0.16707209,0.029541096,0.010030573,0.11008992,0.06246507,0.22877753,0.05429284,0.36861765,0.46326813,0.115988284,0.12993917,0.4744922,0.23354244,0.031850707,0.14001241,0.033543117,0.4485878,0.34712425,0.10857707,0.18734655,0.33315432,0.09968148,0.021462979,0.27979082,0.03370846,0.08715032,0.10942285,0.41167727,0.48509988,0.1627221,0.11890807,0.2825177,0.17162721,0.31327176,0.021261703,0.41940993,0.35760483,0.8533785,0.15839112,0.19484815,0.60779494,0.68921995,0.44025353,0.124553986,0.22498849,0.12798543,0.06773428,0.035070024,0.303748,0.030167542,0.34205332,0.050544977,0.29856354,0.23697686,0.30824453,0.6112909,0.19919355,0.16465686,0.13433315,0.25389224,0.1679603,0.08389531,0.118054844,0.12675798,0.44507048,0.26373273,0.44917268,0.19424477,0.45526052,0.04549359,0.20806703,0.08302929,0.5647614,0.2063722,0.07506193,0.29677325,0.08648431,0.081155114,0.007044513,0.2617939,0.19479355,0.19154316,0.07953562,0.1370208,0.064298555,0.041924775,0.21260276,0.097778395,0.18878901,0.08578121,0.3005277,0.23636732,0.31424266,0.096114144,0.034471784,0.18943188,0.040932637,0.09199129,0.3196053,0.44114676,0.06264358,0.0077382484,0.06277757,0.20165686,0.33033064,0.04383196,0.0,0.43803474,0.20149969,0.34131286,0.03531582,0.10789406,0.49183807,0.1088811,0.10437203,0.23230165,0.42904502,0.025315281,0.3180166,0.2028422,0.8029466,0.22601049,0.2495378,0.08192685,0.44037092,0.13527294,0.03229013,0.122675195,0.050981715,1.4012052,0.4140194,0.33403146,0.0049391445,0.18038362,0.03575793,0.1916937,0.53585017,0.42763725,0.36697012,0.052379385,0.0329937,1.2752552,0.15110296,0.55090934,0.055465907,0.084782906,0.029826326,0.15053293,0.06135437,0.016265344,0.41311812,0.02853654,0.03554213,1.0126414,0.03589195,0.062739536,0.14506643,0.2698111,0.7281301,0.23055117,0.0026068783,0.3871026,0.061606918,0.056086745,0.027358964,0.09715167,0.11380462,0.016265063,0.33279222,0.13906297,0.33252573,0.7103925,0.19535688,0.39149088,0.16919059,0.03106918,0.25539607,0.7750153,0.2143394,0.45479307,0.0,0.00825901,0.42114392,0.33414012,0.1440027,0.41017008,0.013239573,0.29314172,0.37024197,0.085068,0.035326924,0.5525728,0.32583877,0.03701986,0.002582219,0.03097165,0.09129538,0.013258943,0.08522346,0.12632036,1.1226822,0.54194546,0.0069428687,0.03565179,0.35605487,1.3877066,0.005962742,0.048528135,0.75222903,0.1813342,0.50822246,0.057296976,0.16435625,0.5563082,0.56076884,0.25638288,0.19169682,0.042423557,0.07394834,0.2973299,0.08089356,0.19287233,0.09712737,0.06786486,0.56692684,0.0018296435,0.3592805,0.022481484,0.49490672,0.42283273,0.020938974,0.31836632,0.040542603,0.1454752,1.6754744,0.71711767,0.09143002,0.6365879,0.014277948,0.6454104,0.52980006,0.0044075227,0.61338687,0.1565435,0.9770788,0.15449885,0.045764994,0.13264102,0.13174982,0.3139396,0.013643351,0.19955078,0.12953015,0.06750025,0.28805336,0.6809162,0.058509022,0.023135506,0.3033989,0.42165148,0.15406558,0.011940062,0.08284244,0.5987015,0.06577433,0.19097096,0.23765317,0.0209137,0.4341092,0.19384171,0.08182132,0.075241074,0.5568668,0.56431746,0.26416153,0.414776,0.55241567,0.3813877,0.1152412,0.07879442,0.10143626,0.3300495,0.5231364,0.34752744,0.17005458,0.008359171,0.03993705,0.49776766,0.03323544,0.05249469,0.51481485,0.011248843,0.18448791,0.4033786,0.21067865,0.009306077,0.017967105,0.04350315,0.0030722232,0.99350476,0.50295496,1.4980426,0.24938262,0.27228755,0.022137947,0.17640775,0.12595326,0.46282533,0.40434733,0.66698766,0.05287139,0.19173443,0.010973902,0.41839278,0.29926738,0.11769485,0.2303893,0.1535117,0.029209007,0.024703972,0.2414487,0.2996135,0.2116952,0.674812,0.34085983,0.016804568,0.12047717,1.0228784,0.18522,0.2668756,1.0681376,0.13110527,0.54123974,0.013313753,0.32035398,0.31869656,0.0721039,0.091642775,0.66806436,0.102325074,0.15800357,0.096090324,0.12747683,0.11951113,0.20477802,0.005916847,0.008156553,0.42439765,0.0849178,0.3013682,0.2928103,0.21510027,0.55812395,0.04487938,0.4153584,0.21098053,0.19987293,0.4009499,0.30300063,0.034703642,0.22259805,0.40165094,0.10207552,0.081314355,0.0,0.18284708,0.004965542,0.1786253,0.01634883,0.4053502,0.14989483,1.2490288,0.300811,0.010727136,0.23235767,0.05347687,0.20188528,0.11801453,0.046160687,0.046338055,0.37780553,0.16809554,0.083908945,0.858747,0.67126095,0.20810515,0.18741596,0.23528495,0.10846513,0.14737234,0.009169821,0.021500466,0.28682616,0.15437916,0.03224702,0.04618458,0.0124063,0.31905997,0.0013171068,0.35615927,0.23999688,0.07439573,0.02455819,0.28156197,0.9986179,0.016428154,0.11592636,0.099183746,0.16350545,0.51152,1.5868034,0.02941896,0.20615715,0.024056122,0.41882735,0.35845733,0.12635556,0.23637229,0.0,0.33510083,0.37602606,0.29324353,0.2446866,0.2154314,0.07107325,0.1710455,0.15023035,0.084408306,0.28048566,0.106495045,0.38661736,0.6124462,0.0006534646,0.0,0.007372776,0.085976675,0.041811638,0.061701454,0.66947895,0.27598792,0.035684977,1.2884045,0.017740948,0.036675304,0.20069136,0.2974249,0.28755563,0.15548483,0.03444501,0.6796019,0.08570516,0.21960315,0.20640561,1.1178051,0.16668776,0.30022448,0.4003029,0.038323425,0.7006588,0.48706818,2.0342302,0.056510627,0.15225327,0.023166807,0.0,0.1647087,0.14179285,0.16787627,0.25674444,0.19040799,0.2586518,0.15682414,0.17736363,0.0020342509,0.020222515,0.1978601,0.14888042,0.1018303,0.13091648,0.12284331,0.8244759,0.10735677,0.026877688,0.020844517,0.7966869,0.20792028,0.54695415,0.33522666,0.039938502,0.6596867,0.67363036,0.24348432,0.6379622,0.0,0.06552943,0.06460634,0.57739854,0.10308258,0.017345216,1.656618,0.116961576,0.07692975,0.76115984,0.020827666,0.20365441,0.42308414,0.31049427,0.35679454,0.5006639,0.5887636,0.046699535,0.4916165,0.17499453,0.46294037,0.5188392,0.5166104,0.0,0.6960123,0.37862146,0.05331421,0.09151894,0.0050931987,0.037227422,0.008355971,0.29153204,0.018640114,0.13930899,0.13772029,0.0,0.093570046,0.11321621,0.11117657,0.054963805,0.1455564,0.0,0.0030128707,0.26729584,0.14541896,0.77891636,0.34440827,0.1891915,0.56483805,0.3448081,0.009713618,0.073051035,0.30344787,0.0,0.5951016,0.4997195,0.073770426,0.11355527,0.17406872,0.06343876,0.12969753,0.13988751,0.010340487,0.18388623,0.01298982,0.11869416,1.2508869,0.0029148,0.013438238,0.18295546,0.0,0.08204445,1.14969,0.64062583,0.16652575,0.03569892,0.33458486,0.49185616,0.027219541,0.0,0.29024464,0.5669477,0.07560377,0.56004614,0.21028891,0.07101424,0.36158162,0.16594978,0.24900576,0.36648822,0.058493778,0.118123695,0.4818672,0.001041397,0.6185795,0.0076299068,0.10833084,0.12357163,0.10410056,0.17846921,0.42893988,0.16162165,0.12543821,0.2796762,1.4834883,0.13683403,0.082431525,0.0096610915,0.3542824,0.0,0.9673612,0.8072939,0.08717934,0.74124175,0.18604827,0.11550602,0.0,0.19459839,0.5662422,0.05053427,0.41242224,0.09519617,0.02319576,0.08025713,0.09854543,0.18498017,0.21377046,0.27863708,0.051698714,0.3948313,0.124570064,0.42335624,0.3580576,0.017705258,0.61579716,0.19078183,0.42926154,0.3958342,0.23091245,0.5829055,0.15125167,0.23396052,0.36398715,0.16331148,1.2635491,0.46690965,0.41299316,0.045291204,0.15281156,0.15516633,0.038673185,0.30941594,0.35758638,0.2044452,0.03912909,0.25116125,0.6188866,0.24427757,0.46562144,0.0009140237,0.18786931,0.11857233,0.0051629124,0.09844243,0.20100453,0.23702383,1.2344939,0.0020534717,0.29287118,0.22741184,0.43144858,0.13982986,0.34090954,0.402479,0.04089451,0.21875659,0.6586622,0.58571875,0.107989535,0.22399098,0.15555051,2.0683992,0.3251288,0.42461035,0.18556571,0.2736826,0.04218525,0.007554578,1.455741,0.25561145,0.6789438,1.4171649,0.0021275044,0.12791973,0.8145992,0.0018308563,0.31506896,0.020875085,0.21136016,0.597653,0.019197937,0.00027626654,0.13473696,0.25426173,0.027621895,0.010452583,0.09664117,0.062990874,0.0037047027,0.81102395,0.52019024,0.02595122,1.310029,0.0747939,0.19891524,0.40337414,0.25180075,0.33392978,0.013219788,0.09651269,0.13290145,0.23663718,0.0021469663,0.20786607,0.021284888,1.122288,0.32835567,2.1151738,0.39165646,0.600799,0.21791473,0.5755352,0.12738253,0.2082184,0.00915443,0.2863818,0.13634962,0.133842,1.3126268,0.5007164,0.6656832,0.2110923,0.056046866,0.22912073,0.6099895,0.19163275,0.00844874,0.0056317574,0.13625614,0.049560875,0.0068400605,0.03449218,0.18878487,0.52700686,0.043342426,0.08037481,0.0027561432,0.61739755,0.0031791565,0.13693118,0.018051557,0.366397,0.16852684,0.1869627,0.04053925,0.8798978,0.36811602,0.113788605,0.5558073,0.2342005,0.12975883,0.14855693,0.3274799,0.8071495,0.053397402,0.105469584,0.07755065,0.32574084,0.032463904,0.043047596,0.07746514,0.29947805,0.23571818,0.09724788,0.13608927,0.16626969,0.96513486,0.030183047,0.3403609,0.076242715,0.6352123,0.055976927,0.07749053,0.018627377,0.0095989695,0.035679255,0.3593613,0.74723315,0.00017462224,0.31966484,0.6125419,1.1419656,0.4827709,0.23792753,0.47266388,0.29421318,0.5819919,0.12750971,0.15983045,0.045760717,0.26036406,0.0031284802,0.21074635,0.22187735,0.27726784,0.46299082,0.040537655,0.08824523,0.19529372,0.01450986,0.058466107,0.45282978,0.07029119,0.10769688,0.27428883,0.67429185,0.6666494,0.45462322,0.032618877,0.098100156,0.16530779,0.45935634,0.13827237,0.794838,0.44947803,0.15709212,0.012113523,0.10055202,0.3454461,0.059701663,0.15236367,0.94477385,0.30249536,0.13478832,0.2232068,0.30781126,0.00035783535,0.0071608955,0.03833285,0.0048992457,1.377506,0.0072932597,1.4666553,0.73099244,0.13393287,0.28379554,0.0100284945,0.28193292,0.31629658,0.062993795,1.8905547,0.33919317,0.11250506,0.08350296,0.45752794,0.033740904,0.2416065,0.64783245,0.111726105,0.0069298954,0.09053806,0.15692425,0.13907054,0.008622571,0.10598469,0.09892499,0.15761127,0.25120404,1.5954074,0.1592955,0.43388817,0.09210366,0.014599004,0.25702858,0.14009748,0.6368778,0.026331885,0.7670518,0.23116788,0.0322086,0.68170214,0.2897963,0.16102412,0.3790149,0.06551559,0.43869108,0.092087835,0.082404345,0.029250344,0.46504092,0.17590594,0.047414012,0.3793636,0.19827446,0.1288676,0.55125743,0.9516913,0.1696423,1.1807408,0.63434887,1.7462025,0.015413579,0.0623264,0.679474,0.61428225,0.34376442,0.009853173,0.71764255,1.1894264,0.19369644,0.045563877,1.3479552,0.49184573,0.3796448,0.08501695,0.38219535,0.123259686,0.019219099,0.30284005,0.41906556,1.7169952,0.3541692,0.98294437,0.5656969,0.9726709,0.7798157,0.036879458,0.057119243,0.5397736,0.47006288,0.23945424,1.6719235,0.5611248,0.88397837,0.21992743,0.20340335,0.6776318,0.08415534,0.32140905,0.87357867,0.21318287,0.17110598,0.12414659,0.48674324,0.7079469,0.47071487,0.09075809,0.10709493,0.12067156,0.091849804,0.41741264,0.08361655,0.16661322,0.34202892,0.05933979,0.07700213,0.86473256,0.042696536,0.13490562,0.22343488,0.42117408,0.7056544,0.5698637,0.030616127,0.19349962,0.54620713,0.08548207,0.25731078,0.33594775,0.19926631,0.7309248,0.5424601,0.44478112,1.1926312,0.091216005,0.8794474,0.4831992,0.017184552,0.26509607,0.0,0.08652635,0.115248956,0.78865635,0.062231034,0.08185291,0.4072537,0.7850291,0.62611043,0.022529826,0.6381811,0.6162107,0.057022303,0.22155997,0.8682543,0.2337379,0.787616,0.29370388,1.3579065,0.70664954,0.45659983,0.46890765,0.5113992,1.0513186,0.4842972,0.34610766,0.4731133,0.24044731,0.17598048,0.21456128,0.96341896,0.37536192,0.9436832,0.4983853,0.5050268,0.14149174,0.9109044,0.3079341,0.14018649,0.072792165,0.19885832,0.30130124,0.16092609,0.08590887,0.39046827,0.0865951,0.13053824,1.0931259,0.8063919,0.64574564,1.3349718,0.28426853,0.0,0.32292944,0.548169,0.9774873,1.0851263,0.16041932,0.39548445,0.32903528,0.008148357,0.30775934,0.03569596,0.58253276,0.08329349,0.7420409,0.13240302,0.7854924,0.21869217,0.30665928,0.6112604,0.024516942,0.4503007,0.16895628
0.22091936,0.019185524,0.28685066,0.26195705,0.10061632,0.16209833,0.8805843,0.381317,0.20089903,0.27002123,0.20054403,0.1464055,0.043550912,0.23469862,0.016405813,0.1686066,0.038620822,0.92106134,0.13728696,0.23048356,0.3179701,0.13433337,0.13111016,0.031725314,0.07637089,0.45114994,0.33855367,0.116048574,0.11419347,0.9190786,0.15761979,0.25032642,0.084934756,0.025249701,0.5585427,0.1268304,0.061534364,0.27353817,0.18970686,0.2245028,0.3695479,0.48319256,0.36608565,0.18957675,0.34924668,0.12130371,0.31465656,0.12127052,0.15750256,0.25008085,0.66369534,0.31603432,0.88502616,0.4476782,0.133522,0.27107564,0.5305896,0.48762095,0.15540327,1.3479421,0.58330584,0.39098,0.20310906,0.23287728,0.22676727,0.08554734,1.1152681,0.9368777,0.27352986,0.034096304,0.23580655,0.17453451,0.19236527,0.15231806,0.21721579,0.14635846,0.05087572,0.48984262,0.48896334,0.3602665,0.46456426,0.2242434,0.05600801,0.4340027,0.5016439,0.10603006,0.6816664,0.9529601,0.20386547,0.09058598,0.28865975,0.021659719,0.6710602,0.11489354,0.18589036,0.06633578,0.052451275,0.2995347,0.17587484,0.06597127,0.048453033,0.3734411,0.15678234,0.3666286,0.052023552,0.5029576,0.19619162,0.4025812,0.028806984,0.07196959,0.14605278,0.05835307,0.08871928,0.39397156,0.33998471,0.068447165,0.045086246,0.07818576,0.39766175,0.15837182,0.34684634,0.08834258,0.08021009,0.18193336,0.18184127,0.37537378,0.1872358,0.017439242,0.1306454,0.3359698,0.4335389,0.4010943,0.20782892,0.33657146,0.30851537,0.055250607,0.49058837,0.34686008,1.2724297,0.11652592,0.7136563,0.15930042,0.16578466,0.11512502,0.74096054,0.13777545,0.17239214,1.7483382,0.24406494,0.078893095,0.02658061,0.15193024,0.0813841,1.0660019,0.6854963,0.56200075,0.09465693,0.005436651,1.2201704,0.06265976,0.23347783,0.24937177,0.5741054,0.2026701,0.027717948,0.16640621,0.14995122,0.14745885,0.100124985,0.4319424,0.04974064,0.6080897,0.08346891,0.27702317,0.143732,0.21589541,0.7624648,0.620162,0.16134772,0.32788792,0.65270674,0.28299618,0.11247812,0.12694903,0.28919348,0.06490102,0.034163877,0.6085094,1.0300715,0.18213396,0.10518366,0.03319938,0.12279636,0.24860662,0.06493209,0.11728,0.27733213,0.15722696,0.09580773,0.52772737,0.2861042,0.3056023,0.31553903,0.0036888719,0.16926998,0.066667296,0.2058903,0.2518285,0.24312152,0.16716853,0.09221819,0.25324517,0.027451871,0.5233518,0.08775208,0.085858196,0.17713149,0.08444293,0.14277196,0.042462245,0.3864495,0.8086298,0.5167953,0.36724937,0.06397294,0.10019981,0.3303854,0.080555245,0.6027275,0.5217783,0.014041191,0.9384255,0.48042965,0.114950426,0.17846689,0.21299815,0.2809648,0.33051667,0.7086576,0.03357172,0.3491605,0.09681369,0.039292894,0.32752508,0.059181854,0.16355145,0.6829072,0.019072749,0.41244918,0.420403,0.5482616,0.14837958,0.06129343,0.23658708,0.58064824,0.037638694,0.17756775,0.29665738,0.18879206,0.4168999,0.46188155,0.15021162,0.7303456,1.0541203,0.1709863,0.059691805,0.19336566,0.2436831,0.53544724,0.32249373,0.28871238,0.16454113,0.071894266,0.18191037,0.19674459,0.3396569,0.08930681,0.20115021,0.05311629,0.5841904,0.082690164,0.666273,0.1340164,0.22404605,2.000583,0.0970022,0.2668999,0.42360955,0.18204035,0.25396854,0.044757083,0.18609494,0.46349165,0.15013191,0.1807238,0.40426877,0.132359,0.5637767,0.011480309,0.15096179,0.14245084,0.8710662,0.28980547,0.29215616,0.4523718,0.20061108,0.21349342,0.32099462,0.21613249,1.0132983,0.28331763,0.31682408,0.86302614,0.47149298,0.2586154,0.19035956,0.03436219,0.00819228,0.30340675,1.746872,0.40108788,0.37808418,0.12943718,0.05900979,0.08561187,0.117523186,0.12930946,0.05518375,0.23740189,0.011918821,0.3948132,0.7790711,0.035502005,0.15139824,0.10043317,0.2763679,0.21796584,0.06526497,0.067355454,0.12510535,0.03488355,0.28582108,0.38621193,0.19998008,0.010517907,0.09864581,0.13700503,0.15063234,0.14012927,0.11118157,0.05695717,0.10695927,0.009710056,0.09301749,0.21646145,0.28257793,0.15949896,0.15494049,0.17755173,0.080631785,0.18850198,0.018479722,0.32751942,0.010697254,0.0079566445,0.34197643,0.03490991,0.6061623,0.17945781,0.2793398,0.32019436,0.21619672,0.16390213,0.022888225,0.21415955,0.17478049,0.054717302,0.023677127,0.057965316,0.110285446,0.109089755,0.1634729,0.21559404,0.43997443,0.071019515,0.1431039,0.12990752,0.050163478,0.13071062,0.14482313,0.2656069,0.16769671,0.33755967,0.06725566,0.14114715,0.06511586,0.12460581,0.05413829,0.074491255,0.25056386,0.04825613,0.37784111,0.09725889,0.23748496,0.04883276,0.3400561,0.37884846,0.105962045,0.15514416,0.027552849,0.27683544,0.37209597,0.19206741,0.6505539,0.27118698,0.19082949,0.09586902,0.25871095,0.20836937,0.23805903,0.047347985,0.16762361,0.05091497,0.040214185,0.09932351,0.04774139,0.23056827,0.3695987,0.33764866,0.22065823,0.17668761,0.04149113,0.15228708,0.04317163,0.25456363,0.01391919,0.026241206,0.0,0.1060352,0.013402151,0.120945096,0.15925778,0.21811543,0.026029158,0.1256918,0.12678723,0.06583145,0.1624257,0.41289738,0.044077728,0.17390239,0.27227578,0.08553889,0.06830572,0.17388552,0.25151867,0.4727713,0.20276166,0.2910277,0.22920811,0.02616772,0.15849033,0.26927707,0.17483178,0.23059997,0.027530659,0.6108484,0.37466973,0.08161013,0.15127017,0.19371937,0.15882961,0.20031571,0.0974627,0.045247927,0.06690576,0.27128574,0.069853,0.431677,0.21291961,0.20187488,0.40828025,0.12010306,0.13390684,0.12888713,0.17015277,0.2760818,0.301227,0.40293324,0.2103745,0.23595668,0.46437445,0.13301314,0.40650105,0.019181674,0.3393686,0.2319312,0.14300372,0.059953995,0.1447143,0.49167895,0.090151116,0.30088285,0.22098005,0.4808303,0.04190074,0.17423168,0.1112448,0.11799718,0.058139455,0.3046852,0.1657836,0.45312753,0.14454547,0.08908454,0.32006937,0.57271117,0.22285259,0.3514808,0.15744412,0.14619227,0.24018198,0.159943,0.4745327,0.09825901,0.24861436,0.18280046,0.13375354,0.24299067,0.3180979,0.012087317,0.07183406,0.17605963,0.1861643,0.07064438,0.39905164,0.08769006,0.5672569,0.2365301,0.1575214,0.10001135,0.28988832,0.1545276,0.03896276,0.27447703,0.021583058,0.115933485,0.096323326,0.12724724,0.13512553,0.06548327,0.034643926,0.13845931,0.039313108,0.10083148,0.3879389,0.165349,0.13446496,0.24528457,0.21127254,0.17504457,0.12772402,0.038688455,0.089774646,0.2609866,0.3258017,0.21090457,0.25458193,0.30306715,0.031139892,0.30578437,0.093146876,0.11852079,0.0072987154,0.32240796,0.08138125,0.3490126,0.3130131,0.20385675,0.07922256,0.27882826,0.3067572,0.06882667,0.06157764,0.044900775,0.051443946,0.14164448,0.051300667,0.068293914,0.24366504,0.049978543,0.17898566,0.26878536,0.21435204,0.26200357,0.25724566,0.10346921,0.14791185,0.10060507,0.11450049,0.06936249,0.24230608,0.3353722,0.09183952,0.015099,0.38133055,0.3176819,0.03366529,0.40748698,0.08492494,0.23259252,0.25892478,0.18882522,0.041728303,0.019092035,0.14127691,0.28835335,0.0672815,0.109542854,0.11356005,0.32825744,0.22869979,0.0013040757,0.05119756,0.11555353,0.096971735,0.26468498,0.29204735,0.026201582,0.08890003,0.06793437,0.08381314,0.19791102,0.09702593,0.23448297,0.24180812,0.1850113,0.2119092,0.021893611,0.16479096,0.008117374,0.46230772,0.15449505,0.20733377,0.05064684,0.0,0.13594186,0.4044925,0.2020413,0.09045256,0.05659722,0.18840007,0.24277866,0.1511946,0.16454026,0.14104676,0.048649304,0.3015151,0.12261089,0.025849406,0.15031752,0.2141594,0.22748508,0.2179441,0.16057363,0.07033093,0.271174,0.14990549,0.2622793,0.35841143,0.21625257,0.23293008,0.050091505,0.21193144,0.1896383,0.07408778,0.12638819,0.076563336,0.44688535,0.11494252,0.46269518,0.1158648,0.20241664,0.28386214,0.27053836,0.111418486,0.06260946,0.04211324,0.14285924,0.12987247,0.18100147,0.19584447,0.10010432,0.274349,0.050867416,0.23152697,0.4054379,0.19662602,0.12842299,0.05673259,0.09530051,0.30765882,0.22710124,0.24014607,0.09666445,0.054074008,0.11698197,0.2492019,0.14377001,0.10463821,0.50552917,0.22736889,0.082080565,0.34610122,0.1275104,0.11044991,0.18154815,0.177133,0.06020322,0.44471925,0.13307184,0.22393343,0.0916813,0.10489048,0.14496395,0.07782075,0.051041257,0.14119884,0.16950469,0.1261881,0.064078495,0.0041958927,0.18127969,0.17878664,0.08368264,0.34037304,0.3102828,0.018961115,0.112500675,1.4744716,0.068577915,0.09570946,0.33650437,0.08282722,0.1954306,0.0265606,0.028196301,0.03137563,0.3010848,0.056202203,0.1587787,0.22422245,0.40783614,0.47506836,0.15462661,0.06434594,0.03777034,0.62416506,0.10425924,0.010344571,0.4116032,0.34384602,0.07625234,0.09855501,0.0621358,0.145562,0.4888117,0.23636596,0.1606363,0.21822725,0.30450556,0.100331336,0.3245022,0.0147550125,0.14293875,0.1131899,0.1263725,0.1526707,0.43337566,0.19305232,0.071410164,0.685756,0.11321768,0.36237356,0.117242366,0.45225525,0.29463464,0.39869642,0.17074646,0.657194,0.113036536,0.41199666,0.39442068,0.34055305,0.45170388,0.115662664,0.22368827,0.12248026,0.21247378,0.08056272,0.12817267,0.34389994,0.2269184,0.25771147,0.08397094,0.11436768,0.103071555,0.22943372,0.0538548,0.06343086,0.18871844,0.10722704,0.17735712,0.29908538,0.25974417,0.10698136,0.36265975,0.5420279,0.032244056,0.17378601,0.029293127,0.2677694,0.29609022,0.030931493,0.09298083,0.1051956,0.17802131,0.39108843,0.14962229,0.086049005,0.121870324,0.12471567,0.32367468,0.16293389,0.32193932,0.045165278,0.1366027,0.30172676,0.36655164,0.13884258,0.07717885,0.15658331,0.19115865,0.016025763,0.11714178,0.06614895,0.11774099,0.52838457,0.04709828,0.13153791,0.061524477,0.60926557,0.5043651,0.20264165,0.02970501,0.09443582,0.0949157,0.18087675,0.17436829,0.109988146,0.09677039,0.10300088,0.0371492,0.31707215,0.29417217,0.11740905,0.3941039,0.085327126,0.06830563,0.25870925,0.078988,0.018305728,0.024564791,0.0,0.15742616,0.11890586,0.26521257,0.079151146,0.015692111,0.25159082,0.16189362,0.11609747,0.28338712,0.11788399,0.2381634,1.120245,0.068225406,0.15228117,0.22838914,0.5869789,0.22779334,0.05285585,0.05619082,0.6229845,0.12874031,0.20125522,0.046209816,0.19597319,0.18069918,0.07065917,0.077418685,0.024098136,0.065529644,0.18670955,0.09702695,0.1508975,0.04906234,0.09983242,0.07883852,0.22337678,0.057781372,0.6693214,0.40289634,0.14527795,0.1385597,0.112385035,0.17757389,0.561381,0.12565672,0.013696304,0.1669249,0.1586552,0.21720703,0.36646694,0.1693498,0.24980071,0.057476565,0.0,0.27146965,0.16213837,0.08799346,0.33043686,0.1913747,0.07356298,0.25907654,0.085866444,0.22981262,0.087149434,0.11419677,0.14228466,0.07373555,0.032054644,0.21749139,0.06677038,0.7674999,0.29743183,0.050144672,0.0954838,0.28305155,0.17759892,0.105693266,0.22059764,0.112843275,0.43822962,0.24987271,0.13864632,0.47263604,0.26225537,0.021539016,0.057970155,0.18148434,0.026850902,0.16261442,0.015326478,0.04825639,0.1650783,0.10072302,0.04271392,0.21065323,0.018478043,0.16763659,0.1349249,0.15512057,0.19281799,0.030015644,0.1313383,0.20207068,0.21666005,0.28260982,0.10966651,0.45074818,0.107944384,0.21194145,0.040188283,0.11049729,0.18172766,0.16379544,0.24861121,0.0034637302,0.12091046,0.12939116,0.41807675,0.40133563,0.024507094,0.0021312423,0.31307638,0.063415356,0.22253928,0.037155215,0.48469666,0.3488417,0.29596916,0.14854708,0.38623908,0.03813098,0.023604922,0.06686698,0.04424661,0.7572409,0.47494182,0.068784356,0.35255933,0.76412106,0.102413975,0.025388014,0.34563214,0.058870617,0.10349558,0.10340755,0.32810187,0.36822134,0.04694447,0.14093901,0.47495797,0.18222454,0.2651226,0.084605575,0.45018572,0.22719999,1.0569654,0.2018485,0.3710484,0.4246766,0.58439934,0.5842493,0.2589606,0.31586462,0.17774281,0.20076478,0.02418242,0.2943446,0.07096612,0.2672125,0.077636525,0.28817803,0.21831644,0.20365012,0.4995377,0.10167617,0.07161179,0.21530835,0.2394892,0.063293666,0.16181868,0.17756075,0.15081337,0.38096803,0.16322908,0.7176127,0.37028578,0.57941455,0.042030677,0.38283077,0.03606151,0.8017128,0.38516933,0.039690837,0.24058312,0.06811838,0.07803953,0.00059713895,0.43658578,0.1712665,0.26216704,0.15246463,0.16132335,0.12672429,0.16396785,0.45618773,0.06516735,0.39126876,0.03860844,0.28484154,0.2578911,0.3400336,0.04253122,0.17238095,0.2563987,0.029866055,0.13361436,0.23850513,0.38078216,0.12674351,0.10051716,0.109185055,0.24350664,0.24615826,0.06654659,0.0,0.38203418,0.29022878,0.2197845,0.06715694,0.053737458,0.4871636,0.12249063,0.026662596,0.24234974,0.3871454,0.105158865,0.18859679,0.22935951,0.7367172,0.2459772,0.34116995,0.043701913,0.50083023,0.09852657,0.018697282,0.046782166,0.09829739,1.3022146,0.48203644,0.29613104,0.023137027,0.15531617,0.05420488,0.084685355,0.5314653,0.3781852,0.25434422,0.028496105,0.016396299,1.4564984,0.110229135,0.7512462,0.04983939,0.0455259,0.03591004,0.17340553,0.02356979,0.008540005,0.21860358,0.032595903,0.044831168,0.8428078,0.037843693,0.051478248,0.1275835,0.27648556,0.67777014,0.2923776,0.030848686,0.48746115,0.06878248,0.071254976,0.008743042,0.10096258,0.071179524,0.06028806,0.42839244,0.22820936,0.28306705,0.6496916,0.18121397,0.38685012,0.1026527,0.008758803,0.21782118,0.4852383,0.2231206,0.3256698,0.004240835,0.00042871048,0.504586,0.18364707,0.22526771,0.33437318,0.03704627,0.37658173,0.39754218,0.14152515,0.039985117,0.5107119,0.15035132,0.027138958,0.0,0.019949906,0.013759095,0.024600621,0.037034415,0.04695659,1.0463606,0.42895746,0.0,0.14934894,0.52314323,1.3918622,0.0064526224,0.063907795,1.2035034,0.1877447,0.28122962,0.06354071,0.14132984,0.58717656,0.710746,0.25788727,0.072706535,0.039968353,0.028622359,0.19014512,0.054044332,0.17259686,0.11389029,0.11159293,0.43113667,0.0021281915,0.37382752,0.005745118,0.6312992,0.20047301,0.020264072,0.3833822,0.08025831,0.1491114,1.6715648,0.7090279,0.14062157,0.6282289,0.055623807,0.3648923,0.5110898,0.06211441,0.629027,0.1433558,0.85576016,0.14175779,0.025517048,0.07301421,0.12402587,0.22595851,0.05366285,0.2521372,0.10535103,0.060716778,0.25231376,0.7625044,0.0447928,0.045537733,0.43862775,0.281376,0.1405975,0.031673294,0.100772314,0.7402285,0.08409654,0.07636856,0.21020259,0.0086732395,0.5078385,0.1211102,0.081927806,0.032676704,0.52866447,0.55043733,0.27989706,0.48300132,0.48345718,0.30237782,0.09335929,0.09381464,0.09693268,0.3570336,0.4491889,0.33994776,0.17612995,0.012858456,0.085083306,0.5092852,0.06528808,0.008281683,0.28058505,0.10406384,0.28236723,0.41581044,0.19394112,0.02728676,0.011731533,0.041549366,0.0,0.95758694,0.550752,1.6697055,0.2073156,0.20849562,0.012867675,0.2409404,0.09260832,0.5345261,0.38978708,0.88090324,0.060741026,0.17734322,0.0,0.37595648,0.25691146,0.106640294,0.28242853,0.13420486,0.0043551847,0.06692836,0.26593468,0.28551793,0.10338069,0.69767326,0.22766167,0.013303648,0.12497004,1.0040942,0.19915393,0.23278652,1.0795834,0.07823831,0.47338372,0.049078047,0.19657569,0.31346697,0.06492319,0.08765807,0.73251736,0.05963485,0.08463997,0.13849494,0.045731332,0.074251205,0.16748981,0.0,0.0016394253,0.33800256,0.13070497,0.38486862,0.18085055,0.23975253,0.41034088,0.10408015,0.46704406,0.27157754,0.21666797,0.48338503,0.36291564,0.033350147,0.3833272,0.59211147,0.1338079,0.050668944,0.0013712574,0.2805219,0.009485491,0.12512192,0.015246604,0.36353016,0.17425469,0.89658284,0.5994215,0.06610661,0.24643445,0.025133088,0.26696706,0.06808047,0.041900642,0.0,0.33950365,0.0965798,0.13962471,0.8253392,0.75118613,0.11313452,0.108131535,0.22214885,0.070921496,0.18617614,0.023925379,0.05345604,0.44851547,0.096277565,0.017166628,0.098011136,0.047570888,0.25883475,0.008693996,0.26666707,0.1788941,0.09738508,0.028744146,0.30812934,1.1130006,0.0299274,0.10983255,0.06709027,0.14060837,0.5937591,1.6155696,0.048858106,0.3868927,0.005540423,0.4468863,0.22338301,0.075568706,0.13795952,0.0,0.32527488,0.19883858,0.39201024,0.22657181,0.19054657,0.03456827,0.12236428,0.15603988,0.14347023,0.24454457,0.13987613,0.44310388,0.74270415,0.0,0.0,0.004591608,0.16500615,0.058990926,0.18752128,0.6439228,0.38771793,0.029927047,0.95792717,0.023618316,0.01669851,0.12533855,0.17962189,0.2645185,0.18527475,0.0198697,0.59412754,0.047838084,0.20976968,0.25715962,0.99354637,0.15885918,0.2504905,0.4560443,0.12244816,0.6549685,0.55032945,1.9404649,0.008288103,0.17688374,0.00027693226,0.0013711809,0.18131325,0.16648105,0.16865641,0.39967424,0.07889095,0.22767785,0.2086711,0.063414626,0.0,0.016744912,0.19134922,0.14200133,0.1407159,0.14515603,0.17463925,0.8438569,0.18145685,0.029957753,0.009262725,0.7680323,0.23308954,0.42518914,0.1453557,0.026514346,0.84630597,0.64944315,0.13946642,0.57428014,0.0,0.027982568,0.0072985385,0.6640401,0.0070260605,0.0077685066,1.4697716,0.0851897,0.07710448,0.84515715,0.009712481,0.25889468,0.3970965,0.31177914,0.36855257,0.38484597,0.43177372,0.016392354,0.29610628,0.18850884,0.4815524,0.5244597,0.5716748,0.00058190705,0.7224946,0.4265894,0.025820732,0.08729845,0.018342199,0.027397918,0.011838874,0.21676286,0.016759682,0.09143759,0.0035761753,0.006293223,0.00301711,0.045570724,0.06478058,0.019774862,0.17318517,0.004844529,0.0043974966,0.26033473,0.2255957,0.8197211,0.17135753,0.22230928,0.62082547,0.42972887,0.016919838,0.025757374,0.29939213,0.00052277185,0.4120983,0.8018232,0.051734462,0.06208433,0.10432197,0.02916645,0.120198674,0.123029344,0.03304568,0.15739724,0.015394516,0.09430609,1.5541587,0.017724974,0.0027270573,0.080475025,0.003415366,0.12279843,0.877601,0.5759649,0.19149826,0.017003212,0.12575509,0.5707951,0.06554493,0.0016203774,0.4840743,0.5113464,0.093149915,0.58480024,0.043468468,0.09443258,0.6158284,0.07781337,0.15336822,0.37316942,0.061903913,0.21361235,0.5063889,0.0059064953,0.72478765,0.020003907,0.06022335,0.07941877,0.10400123,0.10461567,0.2937529,0.23555157,0.18665695,0.238844,1.3774025,0.2644136,0.14369334,0.0013944443,0.2579863,0.025342472,0.9659885,0.739835,0.07889953,0.49817255,0.1860428,0.12404728,0.0,0.16898313,0.57842225,0.04906282,0.44605923,0.10982603,0.026865847,0.043125417,0.06390484,0.22757953,0.2571106,0.29309288,0.058747668,0.21062328,0.067467436,0.41687626,0.32069972,0.021937,0.3833754,0.17701694,0.38734132,0.37752435,0.42238882,0.6572897,0.16639121,0.17332052,0.44623315,0.05726543,1.2851355,0.22934434,0.36814302,0.018361442,0.16769466,0.14686605,0.11589499,0.24061123,0.1579159,0.22085054,0.06847969,0.38594955,0.51634175,0.29335964,0.34601885,0.0,0.21576309,0.15800576,0.0011894427,0.07196982,0.25952205,0.15857534,1.2757657,0.0,0.24132426,0.1892195,0.60545284,0.14176133,0.317417,0.41426435,0.000112241185,0.072293825,0.6844802,0.55979437,0.1482844,0.10747316,0.16375397,2.061373,0.32886368,0.38657466,0.17019084,0.29144523,0.051309094,0.011210434,1.1705663,0.021413738,0.663674,1.4002105,0.0,0.12129167,1.0241203,0.0,0.15657625,0.020328037,0.1517371,0.46891156,0.044588536,0.0050162934,0.20409667,0.29748002,0.09962127,0.0,0.09224059,0.12648952,0.025858264,0.63796616,0.5134524,0.0,1.1340351,0.07623811,0.15864584,0.40271112,0.14191356,0.29604748,0.013679411,0.12828676,0.16401833,0.28105745,0.00040637355,0.23105651,0.017588198,1.0410793,0.3601247,2.3808112,0.3734661,0.4370495,0.15964769,0.5972735,0.10305293,0.27229542,0.00269946,0.18301529,0.11452808,0.20435266,1.312049,0.528728,0.49113506,0.07963846,0.118180886,0.21269163,0.44739455,0.057631917,0.030981885,0.025559379,0.13660714,0.046302386,0.0,0.01469798,0.22395205,0.48036954,0.07457242,0.043662965,0.0003766586,0.4790268,0.008320624,0.18707699,0.029800594,0.40343684,0.20203598,0.117029384,0.021422274,0.64232606,0.1675143,0.044516113,0.6375633,0.06731394,0.21456015,0.12329742,0.3305616,0.5178054,0.0036090077,0.08688847,0.010630424,0.02781027,0.047424182,0.10991337,0.0881647,0.1545749,0.26465106,0.1509709,0.08803094,0.08922912,0.82406807,0.0018528972,0.30847228,0.04041382,0.6504583,0.096829236,0.13934942,0.026008239,0.0012622715,0.06919856,0.2428179,0.6338732,0.00017614567,0.48552036,0.603587,1.0290711,0.40437147,0.2477363,0.27939028,0.32347012,0.54963756,0.069171004,0.069465056,0.026037978,0.14767925,0.0,0.041930273,0.42973405,0.43862092,0.49553424,0.017968632,0.099328496,0.15019345,0.0,0.04010477,0.40050232,0.052455097,0.04916654,0.26947677,0.6150998,0.5355315,0.25051314,0.027378224,0.015716933,0.34142512,0.44986483,0.06355547,0.48961192,0.46755254,0.05486874,0.020742571,0.14097431,0.39265174,0.07118358,0.06857808,0.90941274,0.12030024,0.055529565,0.099342115,0.26012725,0.0,0.0,0.042071473,0.017397767,1.3384633,0.011022398,1.7340927,0.6377505,0.111480206,0.35973722,0.0051591154,0.28754598,0.2490989,0.034834225,1.9613471,0.3534678,0.17399621,0.04910403,0.38107562,0.007457419,0.24275486,0.5870979,0.18348445,0.020933153,0.12050435,0.116467714,0.13878049,0.06518711,0.322886,0.23690179,0.23886596,0.65816164,1.68693,0.2454168,0.42198706,0.20839953,0.013729433,0.23024938,0.1486648,0.7301831,0.021160953,0.5929654,0.24826041,0.02779557,0.83072466,0.25303036,0.3043663,0.55818975,0.14538015,0.45372307,0.020013161,0.09264846,0.051259063,0.47066158,0.25740334,0.049084134,0.35916692,0.23790818,0.092561536,0.29397178,0.9171337,0.16070135,1.1789572,0.9392291,1.9025521,0.06292171,0.1221154,0.9451194,0.4350916,0.41586107,0.0067401635,0.81896055,0.77103996,0.33523405,0.04505438,0.6290152,0.10944062,0.31719798,0.023390671,0.2565261,0.12918,0.04382656,0.4268181,0.31748268,1.955462,0.22905104,0.5626544,0.36711305,0.55561364,0.20499426,0.035237283,0.09080856,0.36698133,0.4779528,0.4195965,1.7719895,0.68755233,0.7801113,0.09648998,0.23606077,0.46266124,0.12125142,0.472445,1.0350897,0.26370817,0.045800924,0.18623093,0.65101147,0.5535445,0.39441317,0.027035195,0.2564602,0.1662879,0.13207173,0.3184289,0.15739805,0.13494074,0.45494437,0.041994188,0.21208972,0.79865134,0.059589256,0.3487128,0.25234818,0.48064613,0.4896543,0.6022713,0.035627462,0.22152133,0.7143254,0.24567114,0.14246532,0.28031796,0.63011795,0.72976965,0.662085,0.34070235,1.0100396,0.11273623,0.7670599,0.45423907,0.0098110745,0.15334922,0.0051556453,0.088291965,0.06150193,0.50545436,0.08295962,0.162039,0.29253352,0.46956635,0.37328002,0.017566307,0.3465009,0.4181685,0.026607689,0.18497682,1.151758,0.27362806,0.59595805,0.32362568,0.82659924,0.7108877,0.49452472,0.50157773,0.60968804,0.8844912,0.254111,0.38839886,0.41757548,0.36239257,0.22226834,0.367026,1.0444844,0.67417705,1.0767113,0.28183162,0.31579533,0.041646242,1.0607419,0.371921,0.3019272,0.09880912,0.5056451,0.38431385,0.17996767,0.10243045,0.45974186,0.46768793,0.06313056,1.0235212,0.8838488,0.71680933,1.4139822,0.2751531,0.026873361,0.28868413,1.2554954,1.1293592,0.8374888,0.20954396,0.27329668,0.5539366,0.0,0.26377153,0.29393232,0.43897152,0.08641421,0.8353747,0.034309126,0.79144263,0.16076997,0.29195797,0.4026297,0.25784317,0.6309725,0.20470822
0.23479688,0.015385659,0.32834682,0.27294636,0.12269055,0.20040664,0.8577364,0.34010574,0.18335353,0.23377343,0.17622694,0.12122093,0.035559516,0.25036922,0.018965846,0.14798164,0.05875495,0.9454832,0.15314308,0.25490415,0.3179125,0.116753206,0.10997305,0.034012027,0.124899045,0.50688803,0.3750118,0.11464411,0.11528837,0.87462014,0.18283024,0.24931496,0.09039816,0.03000966,0.5740567,0.157863,0.08621988,0.24750698,0.20519318,0.18980816,0.44687602,0.58143675,0.37114885,0.15873939,0.38043046,0.12785539,0.29227167,0.11727071,0.14752954,0.30319148,0.73332655,0.2986461,1.0248046,0.43473464,0.13386932,0.2750495,0.5542129,0.48460084,0.16996345,1.3767406,0.61841476,0.3829687,0.15190372,0.2316368,0.23834425,0.085707836,1.1060201,0.9231214,0.31494173,0.037453916,0.25969964,0.15390266,0.20204863,0.1549584,0.21718675,0.16885707,0.045701418,0.48192194,0.54075086,0.3388384,0.4554564,0.23378381,0.048279505,0.47338063,0.48656452,0.11414763,0.721804,0.9513647,0.21282637,0.083897404,0.22377712,0.024349596,0.7103373,0.13394693,0.22310074,0.08977835,0.057598986,0.35765523,0.1730917,0.0680489,0.04700551,0.44937322,0.14555326,0.4578816,0.06056517,0.49714172,0.26588488,0.52052104,0.038395796,0.06102278,0.1389294,0.04308478,0.08023745,0.37761268,0.38639048,0.07077076,0.03568858,0.069132075,0.4238502,0.1672152,0.33821955,0.07619047,0.11761669,0.18737411,0.13372146,0.28052598,0.19237821,0.016191645,0.13191669,0.4068296,0.4073481,0.4638267,0.22579572,0.32331565,0.37000877,0.03361828,0.54718,0.34847862,1.2669683,0.079965286,0.8498371,0.14675245,0.19690746,0.08279195,0.7606119,0.12310958,0.23169063,1.7777631,0.30856854,0.09182029,0.02275555,0.13950491,0.0765667,1.0920178,0.69658107,0.560897,0.09064899,0.011431101,1.1385148,0.061582077,0.24485898,0.21790878,0.6104413,0.22602257,0.02513979,0.14131251,0.11660541,0.17314187,0.100171536,0.39688936,0.046427377,0.6250545,0.072429515,0.2871101,0.13300423,0.23592079,0.7729002,0.5945857,0.13560499,0.36902988,0.6069741,0.3582248,0.070804805,0.13717076,0.29460192,0.05225566,0.034521926,0.58064604,0.95506144,0.16990598,0.08575473,0.023187283,0.14575505,0.2897647,0.0821921,0.09677127,0.23611908,0.16445096,0.1057613,0.5952862,0.25953832,0.31961268,0.3300255,0.023608364,0.12654966,0.057578236,0.22712697,0.23835555,0.22014189,0.15549633,0.09876329,0.22527269,0.025872767,0.55563134,0.06908275,0.10150284,0.17244855,0.069021344,0.12980346,0.037012454,0.4584256,0.829207,0.6101573,0.34096736,0.07486354,0.07504891,0.3319797,0.08601734,0.5905544,0.49040705,0.016181324,1.0101607,0.45496547,0.114516936,0.13343492,0.19915958,0.30027592,0.34831494,0.6706025,0.025101602,0.40457347,0.11669788,0.037174776,0.2965169,0.06105925,0.15228799,0.6805796,0.038766645,0.41867316,0.43338603,0.5683978,0.20751736,0.084986545,0.19588298,0.48664814,0.0557587,0.12605646,0.29041338,0.16172734,0.47200507,0.44180465,0.13365942,0.7426913,1.1432449,0.18986833,0.026212174,0.16064715,0.20165125,0.56238294,0.4412298,0.25481284,0.17797232,0.057920404,0.17085737,0.23981857,0.29211482,0.070669696,0.19489476,0.06640195,0.5006448,0.10865997,0.7809863,0.13184321,0.21156286,2.0674286,0.08684519,0.2757166,0.42287984,0.18466036,0.23443832,0.037720807,0.16251585,0.45618868,0.18040784,0.15091361,0.46163213,0.116920546,0.5772634,0.016725028,0.16971338,0.12394613,0.8567605,0.27445,0.28871578,0.5008208,0.17941782,0.24389699,0.3705641,0.22392662,1.024457,0.22071356,0.2992116,0.8357583,0.4846729,0.26714712,0.18175292,0.034593247,0.008164741,0.2820263,1.8257432,0.38214132,0.36141068,0.22172943,0.06921592,0.10791772,0.12560084,0.10796904,0.02428452,0.22136131,0.021770004,0.36372918,0.83013535,0.022241084,0.08751146,0.1439053,0.23085812,0.18561155,0.06460091,0.035425127,0.07623671,0.020037457,0.324153,0.40595245,0.2674684,0.012396169,0.07366648,0.12694728,0.20441681,0.13662055,0.12085509,0.044656504,0.079668015,0.0021499563,0.07766771,0.1685778,0.30646977,0.2058583,0.1361351,0.15509373,0.1409017,0.14504305,0.02988932,0.29763934,0.017464034,0.0257177,0.3422069,0.014333094,0.611269,0.1806147,0.31003958,0.27000803,0.21102151,0.25305396,0.01685707,0.20890151,0.17731117,0.04179965,0.027076844,0.0651117,0.095042646,0.14672045,0.17987612,0.2401256,0.43133825,0.06873239,0.10290292,0.17599668,0.04754097,0.0868367,0.17421937,0.36242366,0.10793668,0.32351968,0.06438839,0.14530152,0.05205264,0.17970626,0.07169168,0.124278024,0.2273157,0.034382425,0.43985337,0.07884556,0.22066419,0.046168998,0.25914532,0.36758116,0.07956699,0.16973302,0.03625649,0.2724468,0.27029094,0.19057827,0.56706834,0.20015505,0.2145629,0.0818936,0.29892778,0.23203053,0.33976588,0.041377112,0.16971093,0.06326759,0.035519943,0.113226905,0.01952652,0.32311648,0.49926594,0.2677059,0.2841906,0.16719025,0.009241585,0.08384292,0.05254643,0.22926922,0.033837166,0.02855508,0.00024980103,0.07877496,0.013466564,0.15355542,0.16358443,0.26922193,0.036733817,0.12755057,0.17029163,0.05458095,0.15077448,0.4564395,0.06641859,0.1278746,0.26432216,0.09851961,0.1057137,0.2966864,0.1856442,0.462506,0.22302479,0.28635675,0.34265572,0.025947666,0.13274436,0.2388508,0.14367656,0.23213075,0.0050371,0.61358535,0.35599968,0.05916538,0.15608907,0.2347406,0.113392204,0.19737495,0.12389925,0.034704477,0.07457746,0.23797576,0.056948967,0.4691576,0.28115657,0.19971511,0.3690102,0.14232904,0.13204972,0.10330088,0.19658118,0.22231516,0.22322118,0.31196922,0.20569855,0.29574695,0.4981053,0.122452095,0.4146752,0.03289872,0.3209624,0.19389136,0.11934358,0.076190144,0.15531453,0.6396123,0.09083595,0.27007508,0.20521128,0.43043116,0.09776754,0.17755607,0.14113924,0.1098976,0.076332554,0.3981598,0.1825576,0.3571912,0.17256168,0.08426199,0.32823512,0.5386475,0.11685029,0.26201847,0.14903499,0.12064335,0.24633244,0.19948225,0.51717997,0.06479893,0.20545046,0.15544833,0.14788648,0.25672278,0.42368904,0.07721936,0.12599565,0.23481853,0.23798546,0.045828752,0.52327013,0.08013684,0.5189452,0.20744827,0.1674881,0.069727,0.2996904,0.15415718,0.009568727,0.26447952,0.013047256,0.16868377,0.07849903,0.19352528,0.18604456,0.091967344,0.040198382,0.1303673,0.051997572,0.04115791,0.47971815,0.21020533,0.09917369,0.20426053,0.14371493,0.17267218,0.117278494,0.03556996,0.08209395,0.24428055,0.39509445,0.20563778,0.3027757,0.37754565,0.045679413,0.31616056,0.10574148,0.109482974,0.0013784997,0.2969234,0.109040506,0.3741605,0.38076484,0.20677514,0.1000149,0.35571125,0.33017626,0.0672539,0.056735933,0.06761493,0.0881874,0.15472178,0.06912625,0.12454985,0.21593553,0.06490304,0.21354178,0.30575967,0.317145,0.22286919,0.28194994,0.11691226,0.12251511,0.08499662,0.10938259,0.08748166,0.2701254,0.37578702,0.12537685,0.02369779,0.4100599,0.2583856,0.037952527,0.50637245,0.10476518,0.2825748,0.23480779,0.23868115,0.043549776,0.030236334,0.16675143,0.38097128,0.05293268,0.11014347,0.14044707,0.30191863,0.19059166,0.0,0.06724116,0.102351695,0.09324573,0.22786248,0.2536862,0.020979505,0.10191928,0.058663636,0.09427296,0.19130786,0.0986791,0.26163298,0.30888543,0.16500683,0.16216904,0.014874438,0.18862155,0.017969191,0.50214326,0.23255618,0.25232488,0.04432667,0.0,0.08695296,0.47362733,0.105453864,0.15175128,0.057701662,0.18372917,0.16588259,0.1538105,0.1597605,0.12606424,0.06389178,0.28766793,0.10897166,0.054786388,0.123438016,0.16331512,0.19635525,0.23486336,0.18901812,0.098707214,0.3443224,0.16269308,0.25437725,0.39335006,0.26439705,0.19683564,0.07625107,0.25893027,0.20550524,0.06581931,0.12798348,0.1306031,0.39181083,0.0945615,0.4091735,0.19858773,0.2089932,0.30544126,0.24378178,0.12523331,0.015104442,0.05410174,0.21263015,0.1334176,0.12280665,0.19521034,0.071999684,0.2687944,0.05291656,0.19272071,0.41300756,0.1736924,0.08813614,0.05023577,0.063980415,0.30390736,0.25398862,0.17288865,0.10453198,0.07013088,0.09646991,0.23779404,0.106857345,0.124666244,0.4800337,0.20564279,0.08133821,0.35789087,0.15584236,0.109588645,0.2149108,0.16737705,0.061084516,0.44395542,0.13277102,0.21284631,0.25549313,0.106538735,0.14249958,0.062092222,0.048501983,0.14780337,0.26862526,0.15581366,0.09323736,0.0012715596,0.18102677,0.12252654,0.06333147,0.3514317,0.23833217,0.042801738,0.08347048,1.4595001,0.04641642,0.09121303,0.34638244,0.084535435,0.22009848,0.05308646,0.029459804,0.029225675,0.3365013,0.039524145,0.16678685,0.28980035,0.49643955,0.51039517,0.23020676,0.035141055,0.04516356,0.60614395,0.08665049,0.03132303,0.36722517,0.28879395,0.12857264,0.07369882,0.05199357,0.09991467,0.53451955,0.19403553,0.118324056,0.25075948,0.33661664,0.06754075,0.32977688,0.019575179,0.24405527,0.044360556,0.11416693,0.18327811,0.4576377,0.19688837,0.10865693,0.7261349,0.13666065,0.3177447,0.1665802,0.46027312,0.42674378,0.4192117,0.12838429,0.73247993,0.11118072,0.33993268,0.3448378,0.47654378,0.41845942,0.18553774,0.28462785,0.13813785,0.16110572,0.12324552,0.107521005,0.32671636,0.21745369,0.31068373,0.0677879,0.096137,0.13838671,0.20999774,0.056130193,0.057465393,0.19907007,0.08916804,0.2718166,0.28062248,0.3412565,0.11668891,0.25915006,0.44558594,0.059904646,0.21341091,0.024158154,0.30483872,0.36755008,0.038334228,0.07924951,0.09768692,0.21498607,0.38392198,0.13685855,0.1305166,0.13021278,0.20197618,0.2540173,0.16982177,0.4175061,0.04688692,0.15258002,0.3009538,0.4337016,0.12344053,0.051194273,0.13663748,0.1701401,0.011295445,0.12456963,0.09826206,0.13954169,0.6119578,0.050059736,0.1530835,0.08428274,0.5272212,0.50260085,0.24222735,0.019873746,0.09640928,0.095463604,0.21625042,0.19205815,0.08045904,0.15824005,0.15375686,0.044945955,0.32794777,0.37963873,0.12788716,0.3213743,0.08622357,0.07465978,0.3016694,0.05650299,0.020560706,0.032291338,0.0,0.10392196,0.13965696,0.41350245,0.08847477,0.007069853,0.1885522,0.16807672,0.125383,0.28723317,0.09280117,0.25426,1.2075813,0.048207793,0.15386921,0.18601242,0.465787,0.23235571,0.037435286,0.08948339,0.4389456,0.12241579,0.20560975,0.046423055,0.16852205,0.18196386,0.047852106,0.06447145,0.03406346,0.108783185,0.23146287,0.11543221,0.18380609,0.038879283,0.09143213,0.072985634,0.21244863,0.054179374,0.5537232,0.41928124,0.14156331,0.12372008,0.1417531,0.22983348,0.39472917,0.16537996,0.017687414,0.11542663,0.13311155,0.2813054,0.38674325,0.15091708,0.23692527,0.03648535,0.0004645,0.1942853,0.14462715,0.12625358,0.38264155,0.1874848,0.112575784,0.27750373,0.07214248,0.16244674,0.13698356,0.09759623,0.11755041,0.044286005,0.011099197,0.1984223,0.06582555,0.6870359,0.33491325,0.0398347,0.07197155,0.3234568,0.20596972,0.10190533,0.19270554,0.07599917,0.37341487,0.2443856,0.08898088,0.42370528,0.26295525,0.034838624,0.12250909,0.18984282,0.022441486,0.21770518,0.013210137,0.04756201,0.14500618,0.06585812,0.04534587,0.17156309,0.0754324,0.1846342,0.13587558,0.16505378,0.29526836,0.022069748,0.14909786,0.23182008,0.22499171,0.27836514,0.074983336,0.37379277,0.07199055,0.18346843,0.022780113,0.06828855,0.27737185,0.16594079,0.32050282,0.0,0.12998149,0.12875032,0.40285456,0.3630301,0.02186154,0.0,0.33353686,0.057456758,0.27259687,0.08009512,0.46514717,0.40794757,0.24678384,0.110835105,0.3845479,0.03608946,0.008588023,0.085734874,0.039254136,0.7407651,0.4025583,0.112681806,0.29278767,0.72736984,0.12653702,0.029294409,0.2606526,0.07843479,0.10961868,0.09181903,0.30798087,0.31145254,0.0550654,0.12823373,0.5309509,0.25027025,0.25277948,0.10611289,0.4221334,0.19161645,1.1548941,0.2724024,0.40587136,0.45571262,0.49234572,0.55880606,0.19606833,0.42236066,0.14478685,0.19807526,0.010834967,0.31165397,0.10902606,0.27976727,0.064879,0.2948784,0.21786188,0.19516511,0.517236,0.1370516,0.05887119,0.21853647,0.2433474,0.031087887,0.24382107,0.21582161,0.14028463,0.38007313,0.13793835,0.6124685,0.35697627,0.62992,0.04940121,0.38286662,0.07868178,0.72599536,0.34912872,0.03465799,0.25157452,0.06236754,0.19871715,0.000725602,0.35586473,0.13200918,0.1899502,0.15643896,0.15727285,0.16010892,0.059353,0.46137774,0.101467974,0.34605455,0.0693655,0.24026152,0.19799727,0.32648534,0.058050644,0.15042895,0.31264162,0.0068874764,0.15295759,0.21832523,0.46193802,0.15025653,0.11179899,0.12942505,0.17619157,0.26387128,0.062090896,0.0028021114,0.28691137,0.2686792,0.27115834,0.04546821,0.08723441,0.5444387,0.109908156,0.08949709,0.25583434,0.36313128,0.105405375,0.13680296,0.25083858,0.898926,0.19091544,0.38047686,0.045099072,0.417802,0.12028639,0.054497026,0.104197256,0.11235323,1.5223322,0.45141047,0.34753114,0.039728664,0.22509909,0.11582816,0.13994792,0.5406956,0.35885596,0.23509347,0.0062805507,0.020610776,1.5123003,0.13590571,0.8518631,0.115917705,0.035966657,0.052288234,0.1907611,0.05077105,0.010226867,0.19655947,0.04259517,0.099348776,0.88545036,0.0481228,0.044548817,0.18773308,0.29696855,0.6182054,0.31804404,0.015174249,0.45274782,0.0623096,0.09367216,0.00631875,0.09952256,0.10506413,0.082597375,0.35625735,0.24840112,0.24557754,0.6634313,0.159611,0.47330755,0.13187654,0.0052171536,0.2325466,0.4389482,0.21755373,0.32029057,0.007547708,0.0029817699,0.53591365,0.19205046,0.25903362,0.4345885,0.07937465,0.3592751,0.43152282,0.13325608,0.05818515,0.54083645,0.11482589,0.012079284,0.0,0.026418865,0.03265485,0.025081694,0.045170963,0.07766868,1.0480976,0.43905073,2.9809391e-05,0.1481618,0.5538222,1.4212986,0.03355173,0.08805108,1.1797981,0.19890416,0.27796224,0.061016783,0.17287955,0.6387249,0.7494701,0.2647938,0.10008947,0.06754096,0.05817695,0.21630782,0.031633623,0.1696683,0.110822454,0.076599225,0.4931896,0.0046723317,0.48491022,0.021215154,0.6257942,0.13886385,0.024505552,0.39219767,0.07513457,0.15673208,1.6472739,0.67904377,0.11053242,0.7136272,0.058810286,0.4138713,0.5201296,0.062476106,0.57089996,0.1178219,0.87283504,0.14223447,0.034362115,0.12194415,0.07415967,0.3138527,0.045318596,0.23706418,0.08412002,0.07893051,0.28509015,0.8794031,0.062095832,0.036140136,0.38968205,0.2711699,0.13395357,0.03404475,0.089295104,0.78745145,0.043192256,0.115735754,0.23216376,0.008417074,0.54924965,0.19202423,0.07178052,0.046730064,0.49018288,0.6318636,0.3259102,0.5003702,0.514361,0.44860822,0.10061645,0.14431775,0.11055997,0.31628215,0.43003345,0.3809665,0.15859789,0.025552174,0.10729051,0.5464542,0.1051618,0.006542822,0.3002481,0.10673476,0.2520705,0.40657985,0.21345654,0.02646713,0.0072923647,0.027041195,0.00024405724,0.99674153,0.5842522,1.8053963,0.2054035,0.17887275,0.017034713,0.24415669,0.15179837,0.55514586,0.40983772,0.8978132,0.09908524,0.2636048,0.000850068,0.50668764,0.26669416,0.0998715,0.22529083,0.10851372,0.011205634,0.11837363,0.32667112,0.34242433,0.06316487,0.80353504,0.23748645,0.019789945,0.123571195,1.1700827,0.1944397,0.23757723,1.198761,0.0953291,0.35996407,0.06565831,0.22000735,0.2661363,0.07178752,0.16953036,0.72116184,0.05925754,0.12408589,0.15575051,0.08737387,0.10006578,0.2294413,1.885571e-05,0.0,0.36114913,0.15675476,0.48077226,0.17934391,0.24843094,0.44798517,0.07360103,0.458728,0.25713903,0.20496479,0.50535333,0.38435757,0.0648241,0.37283528,0.60141826,0.16215372,0.055199973,0.0043108272,0.20092475,0.011435334,0.12894711,0.019076504,0.39028084,0.16541338,1.0074232,0.59063697,0.05786683,0.24089551,0.024246192,0.33162215,0.09118659,0.07191865,0.0,0.37360317,0.14066932,0.16227797,0.7681812,0.8558133,0.16676468,0.10706107,0.20153686,0.082564995,0.32203913,0.0384302,0.043491952,0.4265733,0.10168221,0.03744764,0.06470505,0.05792175,0.26386526,0.031365104,0.24821196,0.13361186,0.07892139,0.07568176,0.2540958,1.1457305,0.047521695,0.14002499,0.055873014,0.08816297,0.5538187,1.7554487,0.082935475,0.41829127,0.029049717,0.3734674,0.19269387,0.09883156,0.1512178,0.0,0.30279866,0.17661253,0.3382939,0.20063874,0.15779155,0.06945359,0.13129784,0.21752582,0.158528,0.21416667,0.091348924,0.43448007,0.7840984,0.0,0.0,0.0032567456,0.16151102,0.037823964,0.16674565,0.7310922,0.36778146,0.038435597,1.0472484,0.04614591,0.019343276,0.15855084,0.18797983,0.32923293,0.2176133,0.0012824239,0.6336309,0.03872164,0.3007484,0.2699154,0.9488822,0.13751224,0.3049367,0.5075486,0.12419748,0.7113323,0.6174015,1.955061,0.008419458,0.18605764,0.0,0.00017477354,0.12899305,0.16073918,0.2502722,0.35774112,0.045510255,0.3232451,0.20876399,0.053833734,0.003203391,0.03242335,0.18681078,0.2031351,0.13013259,0.15757348,0.18861589,0.7889249,0.23844267,0.034663245,0.00972331,0.71235365,0.22666687,0.50943494,0.16765141,0.03776189,0.9219552,0.7194096,0.11625326,0.54613024,0.0,0.03214774,0.05134821,0.6651442,0.009968102,0.011274335,1.4596636,0.099971056,0.053118702,0.83425313,0.048910215,0.3235393,0.4161206,0.31487828,0.39414036,0.35862255,0.54257786,0.033195086,0.35966063,0.25226688,0.58529747,0.5627244,0.5798956,0.008525712,0.7532806,0.44452012,0.032840736,0.12730654,0.024166794,0.055784695,0.008210175,0.17799109,0.02184058,0.08870951,0.005955111,0.00089634594,0.010381944,0.04375206,0.04779084,0.03223959,0.14532465,0.0069615287,0.01618883,0.21505538,0.25980538,0.7864107,0.16477275,0.27408764,0.677196,0.5544677,0.028193662,0.025931047,0.29511082,0.00057766534,0.5102692,0.7973021,0.054498684,0.062490907,0.12599714,0.053296916,0.16411102,0.21221972,0.020575069,0.22275142,0.009624973,0.06238117,1.7101635,0.030466499,0.016379338,0.07437466,7.532446e-05,0.11228793,0.85861564,0.6408141,0.24688324,0.017296238,0.14860111,0.6638948,0.029940803,0.0034659873,0.48030257,0.62304854,0.11738334,0.4938994,0.030728515,0.057795543,0.6686684,0.10955238,0.14848804,0.41520274,0.057061635,0.27804592,0.48294118,0.007826418,0.7802944,0.060280684,0.041850656,0.0612247,0.10489775,0.11894494,0.3880283,0.27204493,0.19749889,0.16407263,1.629778,0.20763013,0.15869361,0.0030269232,0.3505933,0.051697206,0.89324254,0.77655715,0.06245526,0.499029,0.23743063,0.16579989,0.0,0.14047667,0.5851379,0.046375304,0.42883673,0.13777995,0.064647645,0.04002294,0.06117847,0.20784825,0.23828976,0.2588114,0.060434647,0.18178299,0.04945214,0.4009522,0.3578261,0.028990278,0.3600146,0.14644119,0.38857672,0.3926575,0.5255381,0.6419707,0.17691427,0.16587073,0.45228827,0.09564301,1.3198103,0.2780043,0.38483423,0.028603991,0.16858055,0.14632404,0.1647455,0.24718249,0.14944422,0.15580255,0.056646656,0.38196403,0.49189764,0.31411403,0.33495778,0.0,0.17865264,0.22307926,0.00273051,0.08006256,0.31271598,0.25279152,1.3217392,0.0,0.31989235,0.18491806,0.5866586,0.14706422,0.3838158,0.3783113,0.0,0.06666673,0.71197015,0.49549,0.114964366,0.08300182,0.15834469,2.1989331,0.35349482,0.38665006,0.1681924,0.26657763,0.024662083,0.017366175,1.2974498,0.058090873,0.69211006,1.4925547,0.0,0.089685135,1.0769705,0.00047740407,0.16690895,0.044810675,0.15810119,0.5102665,0.041877367,0.0050615175,0.25238568,0.2888568,0.10562372,5.4207012e-05,0.13544814,0.18925327,0.034367394,0.6546966,0.64822423,0.005529534,1.1782777,0.0882659,0.119098425,0.43359584,0.16384092,0.30182183,0.030426614,0.10233521,0.19973484,0.35865176,0.0,0.21475558,0.014104983,1.0380914,0.40806553,2.6508517,0.41806537,0.52017725,0.16750008,0.6813938,0.073933296,0.24673711,0.0038995163,0.18626848,0.15673786,0.2502752,1.2664557,0.6700835,0.6236098,0.065307334,0.18038282,0.2130599,0.45627892,0.06715738,0.02039744,0.027224373,0.16092578,0.06825028,0.0,0.05383407,0.20375153,0.5523014,0.08501485,0.09858336,0.0,0.54226935,0.010220822,0.21987422,0.04767309,0.44717824,0.22793414,0.09860163,0.014155094,0.69387233,0.22619244,0.06015559,0.6543401,0.11170828,0.16650274,0.10179648,0.3454279,0.47781682,0.0036951806,0.10312573,0.034131974,0.039929785,0.05388213,0.103665695,0.09402166,0.14604655,0.22677478,0.16449356,0.14037493,0.053669766,0.827023,0.0026114932,0.23149861,0.021869995,0.76332074,0.12078351,0.11389896,0.027755069,0.021108298,0.109181955,0.26089615,0.577791,0.0,0.5527239,0.6960365,0.9006915,0.38250434,0.28844446,0.27159232,0.2879551,0.6145668,0.11839427,0.07593755,0.040159393,0.1600883,0.0,0.055320695,0.43917578,0.48630592,0.54260755,0.025125911,0.14892897,0.12227276,0.0,0.041689888,0.4582351,0.075519174,0.054962084,0.2913056,0.62838304,0.6594412,0.2141645,0.03790637,0.0064832396,0.31392127,0.45496225,0.035592988,0.4515084,0.48313236,0.049007528,0.036353968,0.1839211,0.40401387,0.075087935,0.09892156,0.95855045,0.17271392,0.080450885,0.15916997,0.2515468,0.0,0.0011210041,0.06841279,0.005857981,1.3987588,0.015768968,1.6354828,0.7266979,0.12555723,0.37656528,0.0081992615,0.31430587,0.23008612,0.048992567,2.1610909,0.30824342,0.14430125,0.061923705,0.33363608,0.012608531,0.2348473,0.6772679,0.19742575,0.008254674,0.10534144,0.11375115,0.101840965,0.056387246,0.28179222,0.2453679,0.26135185,0.7727742,1.6457018,0.19489242,0.4799596,0.26947212,0.0,0.17944333,0.20833284,0.8361809,0.0076123346,0.5345095,0.2891736,0.009643201,0.783147,0.3011756,0.3984997,0.692804,0.12728807,0.41180435,0.025953803,0.1255624,0.05917082,0.49035928,0.29598933,0.06521622,0.31419373,0.23440316,0.09176575,0.3027157,0.96228796,0.12863638,1.2462431,0.99495256,1.8428948,0.04624118,0.100942284,1.1162614,0.47913665,0.4396463,0.015214363,0.72126204,0.78427,0.40225834,0.09021516,0.73058134,0.101404205,0.33312,0.020017844,0.24510817,0.18932158,0.06629653,0.3452028,0.34475204,2.075179,0.20688215,0.53940916,0.39256972,0.64057875,0.3212499,0.05200211,0.07237458,0.24288577,0.48662195,0.5744476,1.891322,0.65164083,0.8193878,0.081672,0.24549785,0.461184,0.21216457,0.45427388,0.9777295,0.15913981,0.056018673,0.23049183,0.5736552,0.4977058,0.34228906,0.050333083,0.2433476,0.21416523,0.14622533,0.30427492,0.22827202,0.103055865,0.39656502,0.04275416,0.24727905,0.8323935,0.063991934,0.4917184,0.22342275,0.53119093,0.53582495,0.5901006,0.02436879,0.1620005,0.7863414,0.2487199,0.15836635,0.30366567,0.6383183,0.6576543,0.6303642,0.3446013,0.973567,0.1130913,0.8378827,0.41647968,0.021936517,0.1630386,0.0027291905,0.083587565,0.06645751,0.4863589,0.08099272,0.12718052,0.28621107,0.5039022,0.45097676,0.026093092,0.41789782,0.39560524,0.039206907,0.14752352,1.1976786,0.2960679,0.6169307,0.2786558,0.9362839,0.7547256,0.5441562,0.3884846,0.5651828,0.98039854,0.21026413,0.41004217,0.37744498,0.3370712,0.2171089,0.28486586,0.9387385,0.6607231,1.1695877,0.23836437,0.3213529,0.039103985,0.94729114,0.38459194,0.29538438,0.0445351,0.4692086,0.40759987,0.17929034,0.074977495,0.42579186,0.46742123,0.07927472,0.9897618,0.9378642,0.7150912,1.4858365,0.37252253,0.022595279,0.27352476,1.2725909,1.1026368,0.8644128,0.152583,0.23225446,0.4811185,0.0,0.3267282,0.38356066,0.414894,0.09839637,0.85734844,0.030564731,0.7472849,0.13918565,0.2304568,0.5808453,0.28368372,0.5227537,0.21179661
0.20374258,0.012929646,0.12971546,0.12947255,0.123391226,0.40475786,0.5394507,0.2337012,0.19654533,0.2616698,0.28628236,0.19978791,0.038929462,0.21775495,0.072753236,0.14810142,0.058229692,1.0681202,0.015184502,0.05441524,0.3227322,0.12549631,0.24200875,0.017694928,0.152815,0.31401008,0.6742436,0.10012087,0.19166298,1.0142863,0.1684139,0.19061756,0.09761366,0.040049765,0.3398541,0.46955732,0.15353785,0.13109018,0.17557237,0.04054285,0.26715982,0.8810502,0.2541208,0.09227479,0.2543326,0.08222969,0.26586166,0.06075754,0.14551726,0.25354716,0.5027971,0.23759459,0.8902887,0.6257518,0.14766099,0.2818663,0.4742207,0.27575365,0.0346901,0.89295185,0.5809301,0.25039524,0.140172,0.24962962,0.287799,0.051643007,1.1338705,0.6704781,0.25730836,0.012206969,0.22632319,0.3006848,0.25531036,0.10054267,0.1903374,0.16473296,0.07971452,0.48275933,0.6603612,0.19340867,0.5451638,0.09247994,0.08276374,0.15431759,0.39766434,0.15399005,0.43073374,0.6847496,0.25905824,0.30379242,0.20976457,0.09150517,0.8564771,0.16907522,0.19918281,0.10292846,0.090496376,0.23123053,0.15122133,0.03922998,0.037506495,0.41585577,0.11408472,0.4500457,0.06236735,0.3613894,0.52940226,0.6106363,0.013708312,0.11127113,0.40641785,0.021937756,0.12867925,0.33032757,0.52804327,0.02373582,0.0062886644,0.093857,0.2423537,0.18301624,0.30740386,0.05468914,0.043207604,0.15061212,0.26178232,0.2146629,0.11236181,0.14617462,0.13035598,0.3957352,0.28002074,0.48281944,0.17795588,0.29814747,0.7559061,0.07640249,0.40354037,0.26153946,0.97404563,0.12429418,0.5175251,0.25576958,0.1933344,0.36817476,0.549581,0.17353551,0.44960174,1.4771796,0.29697248,0.19175428,0.04722588,0.33857143,0.2863861,1.1867626,0.8503551,0.6658614,0.11682063,0.0869364,0.8885036,0.052435942,0.3189036,0.10450652,0.42844456,0.19381306,0.08898263,0.18268521,0.22340581,0.23658125,0.089587264,0.2232706,0.046523973,0.47178304,0.058606684,0.33861563,0.1445933,0.28915888,0.6649919,0.3424515,0.14450625,0.2874887,0.45756683,0.662223,0.112836674,0.17769948,0.15922593,0.05154752,0.12891074,0.99573797,0.92275476,0.060343288,0.11232321,0.19537023,0.1475841,0.4020651,0.06616546,0.2777849,0.053770218,0.10213509,0.24185771,0.57297146,0.13996106,0.26910993,0.26480806,0.0043689865,0.16738595,0.034825105,0.2257111,0.09097509,0.17690665,0.1999424,0.12236573,0.18225929,0.08064931,0.35924563,0.075866476,0.081440374,0.27535146,0.02794509,0.17504962,0.023714954,0.7100264,0.55652654,0.41361493,0.1502798,0.14114887,0.034262948,0.30010897,0.018304262,0.32884356,0.4855724,0.030644387,1.2521374,0.17639418,0.02616017,0.06535166,0.27070355,0.33801436,0.25261724,0.3853597,0.069017455,0.37072906,0.11710532,0.040379208,0.24736698,0.082683355,0.12556942,0.5054742,0.0038483648,0.21524873,0.6948663,0.49573916,0.21934295,0.073559806,0.1784993,0.35837662,0.12379643,0.049228176,0.20797591,0.17233568,0.47363633,0.63115054,0.142801,0.41207042,0.6609277,0.098545596,0.11923453,0.19858176,0.6137273,0.42666417,0.24961513,0.26190442,0.2833605,0.08058716,0.23226221,0.30987734,0.5457189,0.15899633,0.1941332,0.088254616,0.5802938,0.065281786,0.81486875,0.18282689,0.45685333,1.9864216,0.029953046,0.3196973,0.32350844,0.07614952,0.207814,0.28179473,0.2661399,0.34647012,0.23563942,0.05166103,0.35724497,0.105770454,0.37600842,0.0212153,0.069352455,0.13995677,0.60742456,0.22368234,0.17824724,0.56013286,0.28567222,0.24193096,0.13935849,0.3633321,0.75890326,0.11896764,0.29448193,0.78418255,0.41617033,0.20101854,0.092816174,0.09221999,0.010361553,0.37112665,1.4541633,0.49956888,0.34034783,0.014746087,0.10572387,0.21603993,0.14841959,0.3250859,0.06514937,0.042938247,0.032978714,0.13585089,0.43697435,0.055397972,0.31320816,0.031701814,0.25439578,0.1445475,0.22136627,0.07696852,0.33221236,0.020770373,0.25507542,0.16344666,0.16242628,0.14487484,0.06927736,0.07072911,0.012825203,0.11642314,0.38872164,0.44420007,0.18299502,0.0,0.13597353,0.10964893,0.28067538,0.2200059,0.4080086,0.24339469,0.16619219,0.12669906,0.22297724,0.32333702,0.099303015,0.0864446,0.24521665,0.067704655,0.43027604,0.55647814,0.20742458,0.08316568,0.20150499,0.058637343,0.19198245,0.116373874,0.44422847,0.19461486,0.074535675,0.06089361,0.11794508,0.22969322,0.2230426,0.079798035,0.22167648,0.016945714,0.017693324,0.53544176,0.04977045,0.29781562,0.73544335,0.4490922,0.15655088,0.06029346,0.030715067,0.18832894,0.112723716,0.1534746,0.5375833,0.06614442,0.1660091,0.22495097,1.9487215,0.08433738,0.1503521,0.05705203,0.15996355,0.102986075,0.41178256,0.5859346,0.07588647,0.37260342,0.11297083,0.23488829,0.3597407,0.14702424,0.32815787,0.31392297,0.53886795,0.047699794,1.0738665,0.13483399,0.12621397,0.034168668,0.042389236,0.078032576,0.023739884,0.28829032,0.28221667,0.026226731,0.2676562,0.093336254,0.021797316,0.34856904,0.023445267,0.18736076,0.10969999,0.18709746,0.0525618,0.022507066,0.0026213867,0.20765881,0.15484282,0.11746481,0.069945276,0.1965924,0.211988,0.028054172,0.036788296,0.59939855,0.53330475,0.07007936,0.2872383,0.3348087,0.16560878,0.6600568,0.12313953,0.11545667,0.028953038,0.58651,0.38598168,0.016136061,0.16652837,0.3783241,0.36172655,0.07401934,0.011709707,0.3181953,0.20521948,0.06953339,0.16896434,0.14027831,0.09705659,0.21646763,0.062383708,0.23804526,0.19037302,0.6827095,0.07754661,0.43982905,0.6241922,0.1874684,0.19962257,0.4224085,0.2147999,0.17579028,0.24468304,0.4035424,0.10365034,0.16335948,0.1261568,0.5427224,0.15406232,0.067478016,0.19248112,0.010075724,0.35375172,0.43981016,0.12033686,0.54790354,0.12860256,0.47671402,0.15856089,0.20191249,0.15623625,0.027727274,0.027949285,0.14517288,0.26549235,0.09706913,0.6953397,0.7265094,0.43215874,0.57670623,0.13575462,0.56496596,0.7507585,0.5034975,0.19623378,0.07264665,0.11294952,0.067585155,0.0628051,0.8720631,0.19636357,0.07566769,0.07928468,0.13033667,0.4206593,0.123699054,0.34954375,0.15014765,0.24160473,0.45810825,0.1998249,0.027098086,0.5188849,0.29207826,0.1570909,0.36331275,0.13364011,0.36204448,0.07550226,0.22688134,0.0,0.1256156,0.11225634,0.18616065,0.54512846,0.25424245,0.12153205,0.1674758,0.0067844205,0.0510702,0.1093129,0.33618614,0.36427218,0.812568,0.22185862,0.15617485,0.0079314485,0.09533498,0.06669509,0.036227744,0.06675351,0.28646013,0.39587402,0.17338777,0.38576034,0.10139677,0.07674425,0.29968974,0.35842535,0.022651792,0.049239196,0.23654506,0.26907876,0.20916349,0.4736504,0.15130036,0.25382483,0.9880425,0.114761055,0.33496827,0.051510006,0.41577798,0.37993813,1.1808647,0.06875998,0.27819946,0.8306652,0.03501699,0.09308445,0.46654162,0.23485346,0.592838,0.6980412,0.14245373,0.15949246,0.07549449,0.12470853,0.3238557,0.28867525,0.17653343,0.042661212,0.26480868,0.20104082,0.059304245,0.008859856,0.84007096,0.053136162,0.025466409,0.14718673,0.26507416,0.018151345,0.1058705,0.5733499,0.072342515,0.022769613,0.105579585,0.09516552,0.395823,0.26446015,0.097855575,0.028166391,0.16798048,0.052667048,0.085632846,0.25487494,0.033735264,0.1775296,0.031245176,0.3153915,0.042447463,0.054423697,0.20752111,0.31266975,0.33980474,0.03019236,0.18319468,0.32692903,0.03729174,0.27614802,0.12374503,0.23012245,0.04065468,0.095788285,0.050614584,0.5016159,0.3729464,0.10334039,0.014992453,0.22643098,0.061501235,0.09724213,0.23344982,0.1752268,0.08123437,0.050506487,0.21798183,0.3272687,0.10168373,0.059063993,0.08449893,0.031517718,1.5512433,0.03530605,0.19763753,0.03952806,0.27450782,0.14956936,0.21819413,0.60342455,0.22906686,0.2427977,0.32934767,0.040913038,0.18403971,0.5050304,0.61489767,0.13205929,0.40323424,0.143547,0.65118647,0.13435023,0.0404629,0.07045009,0.011751207,0.0035436142,0.1659899,0.46139455,0.039451264,0.078085065,0.075751215,0.21595705,0.03583891,0.17011182,0.2654493,0.33079895,0.098814346,0.014820727,0.18439852,0.021032367,0.28219014,0.6996601,0.1329076,0.062420398,0.08248707,0.2676592,0.24871781,0.3162609,0.29225942,0.048437476,0.33914983,0.07925547,0.4950284,0.087792024,0.083664045,0.04210615,0.11265476,0.29147372,0.07298979,0.20645598,0.0010324323,0.09061557,0.12099393,0.16968161,0.08103593,0.18049607,0.22099152,0.15314694,0.2706759,0.017407577,0.06207513,0.56124604,0.48295602,0.1482521,0.3827835,0.052688845,0.4234463,0.57084584,0.030343983,0.13251303,0.8920141,0.1090322,0.20494585,0.020136314,0.04552449,0.19531453,0.27423152,0.18300751,0.07818954,0.102671176,0.32140392,0.565333,0.10377717,0.03994007,0.122032344,0.1782166,0.0406269,0.016598005,0.23200043,0.24253139,0.690348,0.083167784,0.024503667,0.27164868,0.64698356,0.6118704,0.055717908,0.14335658,0.31417716,0.18942443,0.10060419,0.06049913,0.10171286,0.2086454,0.07970124,0.20078981,0.31780323,0.11882094,0.05437181,0.25598645,0.31594372,0.41310912,0.14198115,0.49783862,0.32244378,1.111809,0.30521727,0.9385825,0.21340817,0.23787263,0.021191569,0.5535836,0.4717648,0.45664346,0.1256206,0.2430269,0.20840092,0.5096303,0.025602827,0.55568916,0.2984861,0.17329139,0.2374261,0.15029356,0.065695986,0.16733299,0.10206473,0.055515774,0.44776535,0.111165784,0.33674693,0.37746832,0.50216436,0.38628766,0.2889691,0.07396054,0.09839812,0.12588316,0.06670073,0.36558196,0.18476555,0.068640076,0.062400885,0.023479862,0.2805867,0.26991075,0.1422232,0.023513213,0.051438984,0.6271733,0.16022506,0.12943326,0.37685776,0.05870119,0.11991074,0.10338037,0.17789909,0.056639396,0.07763104,0.15397564,0.1626085,0.15836245,0.3613564,0.24949446,0.11093945,0.6568328,0.040034093,0.11502275,0.66382253,0.090950094,0.1952286,0.21761642,0.06236382,0.032101996,0.30707595,0.15742622,0.11902229,0.03125465,0.29609537,0.11672877,0.045551587,0.16251141,0.16616857,0.24426919,0.18749459,0.06142237,0.4992063,0.082929775,0.04103336,0.042731952,0.04256531,0.00824272,0.011651822,0.026511561,0.34483957,0.069133356,0.07810539,0.15045309,0.22114474,0.40561882,0.33468437,0.038159344,0.46816874,0.39175013,0.033883408,0.033880677,0.15155391,0.10361116,0.21968853,0.09653871,0.008544097,0.5533263,0.37857383,0.34666204,0.03990595,0.09442276,0.122785896,0.052130997,0.053128734,0.16928652,0.15021548,0.59442896,0.18008828,0.050077785,0.02484069,0.09977344,0.053133518,0.052780416,0.020867342,0.18525475,0.37017083,0.062405426,0.26558897,0.181925,0.19343518,0.018428802,0.4398806,0.2476907,0.40205276,0.024810616,0.5014196,0.20712,0.235447,0.12698549,0.15213737,0.0015925339,0.09412424,0.12047723,0.11106316,0.75702465,0.25584394,0.43872625,0.08085269,0.057352863,0.15738206,0.73699754,0.057293743,0.515695,0.060777288,0.004953044,0.3738188,0.010467541,0.27319258,0.29290053,0.0061936905,0.1684651,0.22033866,0.22464478,0.25454715,0.18924184,0.12534058,0.41310287,0.55691534,0.13977735,0.305386,0.39916795,0.035230435,0.17280737,0.18164897,0.022563193,0.22178152,0.064129606,0.14658971,0.23524618,0.21329622,0.26152232,0.2760349,0.03668191,0.03516134,0.16662143,0.022179216,0.15252618,0.4351554,0.21253857,0.2029522,0.1316844,0.2514672,0.06531814,0.25533155,0.20732494,0.20415372,0.021566715,0.25240368,0.123735934,0.14745714,0.11498234,0.049888805,0.071345516,0.14824381,0.24175805,0.29041195,0.1901043,0.98752487,0.19765228,0.23752996,0.068297274,0.26133996,0.79691136,0.4785201,0.06452036,0.3173268,0.84726524,0.08257832,0.28631026,0.13725361,0.02453743,0.8585988,0.18134171,0.1414049,0.2156813,1.1394444,0.16768529,0.009332387,0.056339867,0.24812932,0.10821238,0.032166623,0.09852694,0.18465315,0.2883711,0.120470285,1.4550903,0.28797308,0.08629008,0.20063001,0.23139307,0.28414136,0.41420436,0.11685109,0.24113876,0.2393851,0.32661358,0.2499396,0.9247421,0.70646393,0.06872175,0.2742529,0.2607223,0.13980459,0.07958502,0.28649804,0.0732562,0.44337067,0.18261242,0.12044831,0.39690548,0.14546438,0.39994085,0.057811856,0.1856196,0.35876846,0.09781806,0.11001016,0.5911448,0.23833728,0.14130251,0.6860184,0.3303792,0.33136487,0.6478765,0.36418796,0.31792462,0.20066606,0.13497123,0.32725397,0.17412356,0.24706608,0.010571549,0.011173287,0.08699525,0.15003079,0.10644111,0.09562132,0.08408494,0.14056964,0.034283116,0.41441184,0.10713708,0.12258219,0.04006491,0.04049936,0.30101317,0.21485573,0.027947031,0.13880298,0.11610907,0.20546338,0.076082304,0.5282803,0.36678723,0.5469196,0.18798338,0.5564028,0.21192859,0.26182258,0.1519992,0.0,0.5575298,0.20243058,0.22747251,0.28723776,0.08691514,0.6861479,0.05513127,0.32394764,0.6482284,0.59784305,0.06892643,0.49697977,0.30321437,0.750362,0.38211972,0.44444084,0.106017135,0.70881665,0.28925508,0.37683868,0.40189245,0.17409989,1.1290996,0.3775133,0.44937497,0.35143346,0.31671074,0.20092854,0.17609443,0.5461576,0.61722565,0.369909,0.019195559,0.0011046263,1.2249827,0.36089775,0.39719266,0.2390773,0.31352055,0.16153462,0.4549387,0.16547596,0.2760479,0.6274277,0.11164007,0.097277805,0.99879503,0.0125392,0.04260003,0.08806148,0.35297614,0.48537022,0.5544599,0.03350565,0.37656462,0.3658232,0.1114407,0.0520737,0.15127526,0.36019227,0.023004422,0.27588058,0.21247339,0.21394788,0.51309085,0.12607917,0.38087687,0.234407,0.18829714,0.20175624,0.25702542,0.14946005,0.1900454,0.0,0.023429325,0.2697159,0.15731916,0.30945504,0.8607643,0.015105026,0.23188475,0.32018635,0.30892813,0.2904836,0.30038375,0.3745193,0.06759841,0.0,0.2750549,0.18745461,0.1394993,0.017216353,0.3676948,0.87389994,0.24008626,3.0572755e-05,0.1740245,0.9902732,1.5142422,0.018719148,0.19908488,0.67537034,0.4975957,0.5239935,0.39081213,0.19027679,0.36960757,0.45749706,0.42595634,0.17520316,0.070738584,0.35991943,0.067426756,0.04034482,0.27643484,0.06424941,0.3094743,0.6382685,0.019427044,0.5335065,0.11777931,0.75334454,0.38341722,0.042969998,0.38087294,0.6183437,0.12046228,1.4756794,0.4029109,0.40899268,0.38298035,0.2683601,0.3981615,0.9076134,0.18609837,0.24909467,0.022201054,0.6269033,0.27622956,0.022664666,0.4517398,0.508023,0.66550756,0.03527091,0.16722687,0.60709727,0.11218129,0.41386175,0.48033243,0.06018443,0.0,0.62991965,0.31349516,0.4091726,0.20818292,0.54431266,0.55182165,0.1923851,0.20981286,0.26155883,0.058918007,0.59054005,0.2953412,0.118581936,0.16383177,0.45215893,0.46408617,0.22620705,0.62408733,0.4596604,0.29673165,0.10096312,0.07949292,0.13008595,0.26317176,0.87618685,0.11008321,0.43750507,0.09167443,0.23212478,0.5542347,0.20785779,0.2259221,0.40040046,0.08332209,0.14280292,0.29337496,0.107880495,0.43353015,0.07171512,0.004435979,0.0095690815,1.0699874,0.54303527,1.09909,0.4343343,0.24468943,0.15496564,0.23385699,0.18481547,0.5767374,0.33196348,0.5232959,0.013171213,0.39439723,0.0,0.13204238,0.38774782,0.21483392,0.22543351,0.3699139,0.004270954,0.031062508,0.3821441,0.24587694,0.027649295,0.3402121,0.20102751,0.02789548,0.13903987,1.0398037,0.73601925,0.2665819,1.1265206,0.20357308,0.51762897,0.25936842,0.14179693,0.42725152,0.06583839,0.03884706,0.68999755,0.17374167,0.17804044,0.1911158,0.16055064,0.022743618,0.10703649,0.0043792236,0.002853449,0.42011082,0.105739206,0.4245146,0.4880439,0.27217183,0.23487268,0.12080632,0.36077118,0.6074869,0.08713944,0.6677583,0.19733007,0.20541608,0.5569607,0.7365289,0.3808291,0.051756613,0.015749414,0.7382945,0.018046979,0.086463735,0.0052202484,0.31364477,0.0503536,0.79025733,0.42706078,0.23621872,0.4992994,0.03652825,0.4595514,0.2520283,0.14829719,0.22422376,0.21083298,0.5680449,0.20504197,0.6701769,0.9306635,0.2719253,0.44277,0.33668065,0.114721894,0.65112543,0.0034598447,0.113202445,0.36067423,0.046376176,0.024731103,0.14100209,0.05965389,0.14999437,0.0015000383,0.2143639,0.6639211,0.053268984,0.29164124,0.2575913,0.9763421,0.1420712,0.0464301,0.47341466,0.10490327,0.25729907,1.169007,0.3656222,0.68301696,0.025010763,0.5510378,0.16431959,0.071532205,0.22151841,0.0049478724,0.20301203,0.091565266,0.16992778,0.11855322,0.12449579,0.091161594,0.4025398,0.11956224,0.32503125,0.41430432,0.36677992,0.25882715,0.326123,0.11290215,0.2566724,0.41681194,0.18886617,0.0539191,0.1730387,0.57102704,0.29859108,0.039277136,0.8612635,0.006354449,0.007440409,0.09890953,0.3081785,0.73653626,0.12376766,0.03985742,0.39717373,0.021159826,0.5045247,0.15989938,0.77758396,0.35445088,0.24747482,0.3684476,0.124472946,0.45788354,0.33309275,1.4796214,0.019269638,0.10359981,0.017616298,0.0,0.22240594,0.058293924,0.15822972,0.42858353,0.055899695,0.4047288,0.338858,0.2656481,0.061984375,0.01195883,0.3321836,0.16981894,0.074824795,0.1130359,0.25431585,0.89966166,0.13027401,0.32137746,0.14534912,1.1694243,0.3179047,0.7676742,0.0896699,0.0014349355,0.6819221,0.5992867,0.102579154,0.53585804,0.1498754,0.0049080495,0.039389756,0.8035855,0.6104473,0.22774267,1.33929,0.11158506,0.059456237,0.9289493,0.040296145,0.18343997,0.63836086,0.20659073,0.3747825,0.2489107,0.81088173,0.07109967,0.2682544,0.21285236,0.56889474,0.47593856,0.49517733,0.35847872,0.5771239,0.26995468,0.39675984,0.36744288,0.25853202,0.027717793,0.018609984,0.31131703,0.1577649,0.3420642,0.00023530384,0.21050169,0.18676202,0.1779991,0.10402499,0.018117793,0.15680489,0.11080913,0.106906936,0.49209902,0.08804642,0.4537751,0.33040816,1.2518295,0.5277432,0.49385065,0.11372084,0.06120264,0.26978588,0.0,0.46726996,0.8328838,0.037233397,0.23058933,0.271569,0.014534345,0.45539102,0.1681353,0.18713325,0.26257294,0.0,0.15570909,1.1836748,0.054690223,0.09768674,0.09095894,0.053425517,0.12112008,1.1590223,0.5122678,0.4658386,0.012324343,0.44551253,0.80133617,0.11201997,0.007331677,0.5822314,0.40311712,0.19509906,0.89609385,0.29709846,0.048241794,0.57959324,0.16814901,0.2269013,0.34893867,0.3064549,0.24485889,0.46036962,0.0061216885,0.7517388,0.07880008,0.032279015,0.26162982,0.24998121,0.17353421,0.27964896,0.2784446,0.24599342,0.3964271,1.2575772,0.17199747,0.1748192,0.03901335,0.3221373,0.058899365,1.0100838,0.5026323,0.3458746,0.8904677,0.8103769,0.15028372,0.103672564,0.0992844,0.75409555,0.074791655,0.66860557,0.116367266,0.17648776,0.12584025,0.43788567,0.33834532,0.16280924,0.2161159,0.17514792,0.1642139,0.4406588,0.6868601,0.5232977,0.46074164,0.48356128,0.18475455,0.885339,0.26861602,0.28912583,0.4892667,0.106076494,0.25516284,0.35299402,0.427136,0.90975493,0.3514139,0.29834884,0.10620892,0.24624445,0.08640149,0.42485672,0.16237098,0.12294805,0.4641166,0.07411155,0.22399521,0.57570213,0.19475622,0.59537053,0.0,0.21277592,0.3182607,0.007399222,0.04928097,0.10528633,0.29809725,1.7402499,0.0007352165,0.45299256,0.2180379,0.47929657,0.3070199,0.32876176,0.2684154,0.28502288,0.29216865,0.8140837,0.5903547,0.2750494,0.20176396,0.17941882,1.580517,0.344083,0.16571233,0.10912404,0.28172243,0.644119,0.0041327984,1.2666988,0.0812197,0.547202,1.2585177,0.0,0.2852012,1.1462806,0.0029252763,0.74351215,0.051614933,0.10380605,0.38060006,0.25734833,0.13596289,0.31976497,0.27137172,0.11241875,0.0012864494,0.3754655,0.12365009,0.0075620958,0.60378003,0.55879015,0.06201207,1.3230001,0.097433195,0.25373253,0.54902554,0.3300893,0.7234535,0.19422185,0.12788342,0.5701433,0.23199983,0.28287387,0.38601202,0.0414846,0.84741914,0.43215984,2.1794448,0.4937816,0.45105317,0.47437525,0.56589407,0.1501944,0.23088394,0.0056461995,0.40606713,0.18400225,0.120864235,1.4048517,0.266922,0.4370819,0.6612446,0.07142599,0.2583561,0.9015082,0.09205161,0.16057444,0.08475196,0.25064963,0.093157984,0.21743676,0.114110544,0.25269854,0.8488577,0.19161841,0.092951074,0.3609641,0.63159084,0.1139008,0.116055064,0.16616744,0.41314837,0.21688752,0.027005557,0.10316007,0.6604475,0.21458647,0.009733267,0.5263763,0.24752197,0.21237537,0.106636345,0.40352893,0.5733633,0.061733052,0.2823585,0.08429937,0.15185489,0.29203194,0.29146367,0.097529024,0.14186662,0.55196023,0.055396937,0.14201245,0.045641407,0.8687519,0.049293004,0.35281906,0.08886756,0.46467215,0.03281022,0.021001562,0.15505025,0.023547543,0.29951397,0.35307553,0.7188244,0.0,0.13096534,0.7366965,1.4460998,0.5257671,0.2827791,0.24540928,0.27009848,0.488962,0.07369958,0.20883891,0.0036986824,0.12790053,0.1833387,0.19147322,0.50477403,0.34546816,0.49140626,0.60548675,0.0809155,0.32596377,0.29847416,0.27450147,0.7021141,0.08586748,0.061686337,0.20487975,0.24278317,0.7623382,0.26486573,0.04726057,0.12888655,0.20585454,0.251768,0.094629064,0.52776736,0.43639562,0.28217512,0.011268899,0.34091172,0.87369126,0.26262915,0.21576981,0.5264685,0.06433161,0.01847376,0.062173102,0.23476335,0.031842455,0.3899485,0.00499762,0.1539197,1.095651,0.016754085,1.3733953,0.5363931,0.06745958,0.6574719,0.012397964,0.012118902,0.22093235,0.20585941,1.3176718,0.2562758,0.58066356,0.2076111,0.29675066,0.5255538,0.24939638,0.74659175,0.17767912,0.33192408,0.073329546,0.21695559,0.22810134,0.37211302,0.48776478,0.19511427,0.29340908,0.8494935,1.3408449,0.03627471,0.9758797,0.13212402,0.01620078,0.19427821,0.27789596,0.0946112,0.0046207802,0.5429339,0.19379558,0.011224987,0.60286576,0.51964617,0.3759412,0.6106839,0.31704777,0.17944066,0.01095253,0.07677072,0.07699497,0.2954509,0.14455882,0.020673107,0.28122085,0.6297035,0.24487823,0.2208454,0.37611973,0.081497595,1.5758474,0.48781532,1.3007249,0.017218985,0.08593775,0.8977067,0.50886625,0.23270312,0.084727295,0.79632616,0.7574853,0.23594663,0.143969,0.60945344,0.055117443,0.58415246,0.031203937,0.08943164,0.014768897,0.04310135,0.40306532,0.20741335,1.202873,0.102499485,0.26345477,0.25991845,0.5217488,0.47700334,0.07796341,0.00050346187,0.27109596,0.35746658,0.5319612,1.7512074,0.4535374,0.81687534,0.15950611,0.24902081,0.1335837,0.22325644,0.4718357,1.2356917,0.32683247,0.34671545,0.08721667,0.38001892,0.9476092,0.5769525,0.04154204,0.28598025,0.59784806,0.22602642,0.41864797,0.17342426,0.02166881,0.72261304,0.17745237,0.15927112,0.91017985,0.060854852,0.12168251,0.2885564,0.6281686,0.5373729,0.36394817,0.2065743,0.10248214,0.79556715,0.005984842,0.11553528,0.25891972,0.3708939,1.0201728,0.5702307,0.28588286,1.0367377,0.39416137,0.8201352,0.336693,0.0054351944,0.13343751,0.007109383,0.60297,0.13372344,0.17386591,0.00070706214,0.094600186,0.31910846,0.4006117,0.32494882,0.08134686,0.40638208,0.5101874,0.0553073,0.2909047,1.5102663,0.31108746,0.3202063,0.741329,0.7863481,0.7847265,0.63942087,0.28692454,1.0103796,0.8834869,0.2705344,0.39644402,0.30034274,0.22462349,0.5025091,0.3096319,0.57520926,0.3912018,0.9649206,0.2773013,0.26754493,0.47403747,0.7291877,0.5799401,0.1407954,0.13592753,0.347632,0.38008946,0.17654662,0.046607323,0.33170205,0.04063292,0.11348368,0.65567243,0.83127534,0.3595854,1.0515387,0.23613648,0.12352827,0.21042408,1.6413066,0.71519375,0.85169214,0.5116874,0.12788635,0.587307,0.0025168606,0.883934,0.12447109,0.4234563,0.08401804,0.8704417,0.06543535,0.33597243,0.16492838,0.14979346,0.76244104,0.21870044,0.5137711,0.2001651
