0,1,2,3,4,5,6,7,8,9,10,11,12,13,14,15,16,17,18,19,20,21,22,23,24,25,26,27,28,29,30,31,32,33,34,35,36,37,38,39,40,41,42,43,44,45,46,47,48,49,50,51,52,53,54,55,56,57,58,59,60,61,62,63,64,65,66,67,68,69,70,71,72,73,74,75,76,77,78,79,80,81,82,83,84,85,86,87,88,89,90,91,92,93,94,95,96,97,98,99,100,101,102,103,104,105,106,107,108,109,110,111,112,113,114,115,116,117,118,119,120,121,122,123,124,125,126,127,128,129,130,131,132,133,134,135,136,137,138,139,140,141,142,143,144,145,146,147,148,149,150,151,152,153,154,155,156,157,158,159,160,161,162,163,164,165,166,167,168,169,170,171,172,173,174,175,176,177,178,179,180,181,182,183,184,185,186,187,188,189,190,191,192,193,194,195,196,197,198,199,200,201,202,203,204,205,206,207,208,209,210,211,212,213,214,215,216,217,218,219,220,221,222,223,224,225,226,227,228,229,230,231,232,233,234,235,236,237,238,239,240,241,242,243,244,245,246,247,248,249,250,251,252,253,254,255,256,257,258,259,260,261,262,263,264,265,266,267,268,269,270,271,272,273,274,275,276,277,278,279,280,281,282,283,284,285,286,287,288,289,290,291,292,293,294,295,296,297,298,299,300,301,302,303,304,305,306,307,308,309,310,311,312,313,314,315,316,317,318,319,320,321,322,323,324,325,326,327,328,329,330,331,332,333,334,335,336,337,338,339,340,341,342,343,344,345,346,347,348,349,350,351,352,353,354,355,356,357,358,359,360,361,362,363,364,365,366,367,368,369,370,371,372,373,374,375,376,377,378,379,380,381,382,383,384,385,386,387,388,389,390,391,392,393,394,395,396,397,398,399,400,401,402,403,404,405,406,407,408,409,410,411,412,413,414,415,416,417,418,419,420,421,422,423,424,425,426,427,428,429,430,431,432,433,434,435,436,437,438,439,440,441,442,443,444,445,446,447,448,449,450,451,452,453,454,455,456,457,458,459,460,461,462,463,464,465,466,467,468,469,470,471,472,473,474,475,476,477,478,479,480,481,482,483,484,485,486,487,488,489,490,491,492,493,494,495,496,497,498,499,500,501,502,503,504,505,506,507,508,509,510,511,512,513,514,515,516,517,518,519,520,521,522,523,524,525,526,527,528,529,530,531,532,533,534,535,536,537,538,539,540,541,542,543,544,545,546,547,548,549,550,551,552,553,554,555,556,557,558,559,560,561,562,563,564,565,566,567,568,569,570,571,572,573,574,575,576,577,578,579,580,581,582,583,584,585,586,587,588,589,590,591,592,593,594,595,596,597,598,599,600,601,602,603,604,605,606,607,608,609,610,611,612,613,614,615,616,617,618,619,620,621,622,623,624,625,626,627,628,629,630,631,632,633,634,635,636,637,638,639,640,641,642,643,644,645,646,647,648,649,650,651,652,653,654,655,656,657,658,659,660,661,662,663,664,665,666,667,668,669,670,671,672,673,674,675,676,677,678,679,680,681,682,683,684,685,686,687,688,689,690,691,692,693,694,695,696,697,698,699,700,701,702,703,704,705,706,707,708,709,710,711,712,713,714,715,716,717,718,719,720,721,722,723,724,725,726,727,728,729,730,731,732,733,734,735,736,737,738,739,740,741,742,743,744,745,746,747,748,749,750,751,752,753,754,755,756,757,758,759,760,761,762,763,764,765,766,767,768,769,770,771,772,773,774,775,776,777,778,779,780,781,782,783,784,785,786,787,788,789,790,791,792,793,794,795,796,797,798,799,800,801,802,803,804,805,806,807,808,809,810,811,812,813,814,815,816,817,818,819,820,821,822,823,824,825,826,827,828,829,830,831,832,833,834,835,836,837,838,839,840,841,842,843,844,845,846,847,848,849,850,851,852,853,854,855,856,857,858,859,860,861,862,863,864,865,866,867,868,869,870,871,872,873,874,875,876,877,878,879,880,881,882,883,884,885,886,887,888,889,890,891,892,893,894,895,896,897,898,899,900,901,902,903,904,905,906,907,908,909,910,911,912,913,914,915,916,917,918,919,920,921,922,923,924,925,926,927,928,929,930,931,932,933,934,935,936,937,938,939,940,941,942,943,944,945,946,947,948,949,950,951,952,953,954,955,956,957,958,959,960,961,962,963,964,965,966,967,968,969,970,971,972,973,974,975,976,977,978,979,980,981,982,983,984,985,986,987,988,989,990,991,992,993,994,995,996,997,998,999,1000,1001,1002,1003,1004,1005,1006,1007,1008,1009,1010,1011,1012,1013,1014,1015,1016,1017,1018,1019,1020,1021,1022,1023,1024,1025,1026,1027,1028,1029,1030,1031,1032,1033,1034,1035,1036,1037,1038,1039,1040,1041,1042,1043,1044,1045,1046,1047,1048,1049,1050,1051,1052,1053,1054,1055,1056,1057,1058,1059,1060,1061,1062,1063,1064,1065,1066,1067,1068,1069,1070,1071,1072,1073,1074,1075,1076,1077,1078,1079,1080,1081,1082,1083,1084,1085,1086,1087,1088,1089,1090,1091,1092,1093,1094,1095,1096,1097,1098,1099,1100,1101,1102,1103,1104,1105,1106,1107,1108,1109,1110,1111,1112,1113,1114,1115,1116,1117,1118,1119,1120,1121,1122,1123,1124,1125,1126,1127,1128,1129,1130,1131,1132,1133,1134,1135,1136,1137,1138,1139,1140,1141,1142,1143,1144,1145,1146,1147,1148,1149,1150,1151,1152,1153,1154,1155,1156,1157,1158,1159,1160,1161,1162,1163,1164,1165,1166,1167,1168,1169,1170,1171,1172,1173,1174,1175,1176,1177,1178,1179,1180,1181,1182,1183,1184,1185,1186,1187,1188,1189,1190,1191,1192,1193,1194,1195,1196,1197,1198,1199,1200,1201,1202,1203,1204,1205,1206,1207,1208,1209,1210,1211,1212,1213,1214,1215,1216,1217,1218,1219,1220,1221,1222,1223,1224,1225,1226,1227,1228,1229,1230,1231,1232,1233,1234,1235,1236,1237,1238,1239,1240,1241,1242,1243,1244,1245,1246,1247,1248,1249,1250,1251,1252,1253,1254,1255,1256,1257,1258,1259,1260,1261,1262,1263,1264,1265,1266,1267,1268,1269,1270,1271,1272,1273,1274,1275,1276,1277,1278,1279,1280,1281,1282,1283,1284,1285,1286,1287,1288,1289,1290,1291,1292,1293,1294,1295,1296,1297,1298,1299,1300,1301,1302,1303,1304,1305,1306,1307,1308,1309,1310,1311,1312,1313,1314,1315,1316,1317,1318,1319,1320,1321,1322,1323,1324,1325,1326,1327,1328,1329,1330,1331,1332,1333,1334,1335,1336,1337,1338,1339,1340,1341,1342,1343,1344,1345,1346,1347,1348,1349,1350,1351,1352,1353,1354,1355,1356,1357,1358,1359,1360,1361,1362,1363,1364,1365,1366,1367,1368,1369,1370,1371,1372,1373,1374,1375,1376,1377,1378,1379,1380,1381,1382,1383,1384,1385,1386,1387,1388,1389,1390,1391,1392,1393,1394,1395,1396,1397,1398,1399,1400,1401,1402,1403,1404,1405,1406,1407,1408,1409,1410,1411,1412,1413,1414,1415,1416,1417,1418,1419,1420,1421,1422,1423,1424,1425,1426,1427,1428,1429,1430,1431,1432,1433,1434,1435,1436,1437,1438,1439,1440,1441,1442,1443,1444,1445,1446,1447,1448,1449,1450,1451,1452,1453,1454,1455,1456,1457,1458,1459,1460,1461,1462,1463,1464,1465,1466,1467,1468,1469,1470,1471,1472,1473,1474,1475,1476,1477,1478,1479,1480,1481,1482,1483,1484,1485,1486,1487,1488,1489,1490,1491,1492,1493,1494,1495,1496,1497,1498,1499,1500,1501,1502,1503,1504,1505,1506,1507,1508,1509,1510,1511,1512,1513,1514,1515,1516,1517,1518,1519,1520,1521,1522,1523,1524,1525,1526,1527,1528,1529,1530,1531,1532,1533,1534,1535,1536,1537,1538,1539,1540,1541,1542,1543,1544,1545,1546,1547,1548,1549,1550,1551,1552,1553,1554,1555,1556,1557,1558,1559,1560,1561,1562,1563,1564,1565,1566,1567,1568,1569,1570,1571,1572,1573,1574,1575,1576,1577,1578,1579,1580,1581,1582,1583,1584,1585,1586,1587,1588,1589,1590,1591,1592,1593,1594,1595,1596,1597,1598,1599,1600,1601,1602,1603,1604,1605,1606,1607,1608,1609,1610,1611,1612,1613,1614,1615,1616,1617,1618,1619,1620,1621,1622,1623,1624,1625,1626,1627,1628,1629,1630,1631,1632,1633,1634,1635,1636,1637,1638,1639,1640,1641,1642,1643,1644,1645,1646,1647,1648,1649,1650,1651,1652,1653,1654,1655,1656,1657,1658,1659,1660,1661,1662,1663,1664,1665,1666,1667,1668,1669,1670,1671,1672,1673,1674,1675,1676,1677,1678,1679,1680,1681,1682,1683,1684,1685,1686,1687,1688,1689,1690,1691,1692,1693,1694,1695,1696,1697,1698,1699,1700,1701,1702,1703,1704,1705,1706,1707,1708,1709,1710,1711,1712,1713,1714,1715,1716,1717,1718,1719,1720,1721,1722,1723,1724,1725,1726,1727,1728,1729,1730,1731,1732,1733,1734,1735,1736,1737,1738,1739,1740,1741,1742,1743,1744,1745,1746,1747,1748,1749,1750,1751,1752,1753,1754,1755,1756,1757,1758,1759,1760,1761,1762,1763,1764,1765,1766,1767,1768,1769,1770,1771,1772,1773,1774,1775,1776,1777,1778,1779,1780,1781,1782,1783,1784,1785,1786,1787,1788,1789,1790,1791,1792,1793,1794,1795,1796,1797,1798,1799,1800,1801,1802,1803,1804,1805,1806,1807,1808,1809,1810,1811,1812,1813,1814,1815,1816,1817,1818,1819,1820,1821,1822,1823,1824,1825,1826,1827,1828,1829,1830,1831,1832,1833,1834,1835,1836,1837,1838,1839,1840,1841,1842,1843,1844,1845,1846,1847,1848,1849,1850,1851,1852,1853,1854,1855,1856,1857,1858,1859,1860,1861,1862,1863,1864,1865,1866,1867,1868,1869,1870,1871,1872,1873,1874,1875,1876,1877,1878,1879,1880,1881,1882,1883,1884,1885,1886,1887,1888,1889,1890,1891,1892,1893,1894,1895,1896,1897,1898,1899,1900,1901,1902,1903,1904,1905,1906,1907,1908,1909,1910,1911,1912,1913,1914,1915,1916,1917,1918,1919,1920,1921,1922,1923,1924,1925,1926,1927,1928,1929,1930,1931,1932,1933,1934,1935,1936,1937,1938,1939,1940,1941,1942,1943,1944,1945,1946,1947,1948,1949,1950,1951,1952,1953,1954,1955,1956,1957,1958,1959,1960,1961,1962,1963,1964,1965,1966,1967,1968,1969,1970,1971,1972,1973,1974,1975,1976,1977,1978,1979,1980,1981,1982,1983,1984,1985,1986,1987,1988,1989,1990,1991,1992,1993,1994,1995,1996,1997,1998,1999,2000,2001,2002,2003,2004,2005,2006,2007,2008,2009,2010,2011,2012,2013,2014,2015,2016,2017,2018,2019,2020,2021,2022,2023,2024,2025,2026,2027,2028,2029,2030,2031,2032,2033,2034,2035,2036,2037,2038,2039,2040,2041,2042,2043,2044,2045,2046,2047
0.15715763,0.14276399,1.8466136,0.5519911,0.46541035,0.1706633,0.25905296,0.6157136,0.11841233,0.77996266,0.8180665,0.014494367,0.31305867,0.446131,0.33187294,0.100332156,1.1175187,0.13391802,1.3325567,0.73541725,0.63666576,0.28379917,0.6659825,0.041742392,0.123014875,0.04358062,0.36263824,0.6041056,0.2479727,0.21042694,0.11311655,0.5557974,0.23935336,1.3264183,0.98410636,0.15293682,0.026835132,1.1126688,1.1617109,0.08960958,0.09167767,0.23612578,0.21441662,1.1724956,0.45049423,0.049178712,0.056081504,0.45637238,0.42761078,0.18451929,0.2721679,0.26499933,0.06373972,0.20600224,0.04562592,0.0028972928,0.074475236,0.6104193,0.3023752,0.5502397,0.047849555,0.13387248,0.50650674,0.4723038,0.021384217,0.6094173,0.08488396,0.1675008,0.3488462,0.17756644,0.047409836,0.4251486,0.23485297,0.097425416,0.11655807,0.21473435,0.2973245,0.08883795,0.09619579,0.31610402,0.7692796,0.10353173,0.34781194,0.27454984,0.06407148,0.47878885,0.20708534,0.07606848,0.1476328,0.30289814,0.23731071,0.17171252,0.0025008132,0.31034118,0.3526905,0.87247896,0.046895023,0.4945887,0.040794313,0.8116387,0.1449011,0.8807066,0.4558428,0.029891748,0.0440992,0.2207374,0.8613577,0.41495496,0.43708616,0.21597338,0.13159087,0.7503114,0.04390568,0.098552816,0.88181996,1.1340644,0.07313861,0.6561886,0.16048396,0.38898876,0.08597345,0.18502952,0.37700304,0.33152622,0.41779566,0.0798353,0.28444615,0.4665523,0.4837414,0.28596318,0.06403949,0.6220423,0.17539857,0.13273552,0.15768504,0.056658782,0.05168488,0.15501437,0.16714579,0.33386484,0.4049648,0.5536113,1.6714222,0.65377116,0.58796364,0.13174097,0.74623847,0.08904782,0.33996773,0.13487756,0.0073306067,0.513702,0.3898927,0.18363425,0.37734577,0.028961234,0.22209033,0.17377764,1.0258073,0.1821804,0.057534087,0.7302637,0.6404974,0.34426197,0.06432154,0.18027619,0.23390622,0.6015294,0.0729952,0.2715217,0.064281575,0.52832246,0.2679439,0.19089945,0.025119603,0.16976799,0.7671684,0.3225145,0.6185896,0.042067662,1.26583,0.735811,0.18534958,0.18688443,0.497717,0.16229752,0.3773656,0.26040757,0.79186106,0.17037305,0.062179305,0.884374,0.049119703,1.0594909,0.17069355,0.09182263,0.9609276,0.23519059,0.5676197,0.09679818,0.21513203,0.052957915,0.39036173,0.36959368,0.18246175,0.022255413,1.6386198,0.39856407,0.14110897,0.12591143,0.4567566,1.3426085,0.23733088,1.011755,0.56979764,0.6406858,0.5270704,0.108868495,0.27142063,0.24497312,0.3590911,0.19010197,0.66922,0.39851797,0.3029378,0.44398353,0.32237113,0.15867002,0.010857839,0.21522929,0.20808434,0.16988412,0.044680573,0.25704533,0.012494421,0.36467797,0.13973391,1.2311895,0.029471055,1.0664647,0.074554816,0.7076056,0.12859122,0.39114246,0.24139701,0.1097969,0.18950485,0.5161723,0.03553134,0.3025483,0.23418532,0.4211334,0.08264907,0.17713496,0.0375397,0.11688465,0.32094458,0.15613817,0.3427728,0.6135657,0.03941581,0.46061137,0.09437803,1.1670696,0.038785618,0.048363183,0.14908332,0.6159888,1.5464063,0.013619844,0.5228395,0.29397488,1.3819814,0.3456549,0.106101856,1.160211,1.0219406,0.258188,0.09435137,0.29338425,0.41257966,0.1669999,1.5227449,0.4254756,0.5829085,0.04456082,0.331047,0.76179975,0.476544,0.21058363,0.21506199,0.5772553,0.4130351,0.41053304,0.22598727,0.36093664,0.30446586,0.8764624,0.2974049,0.46181938,0.21774003,0.44925472,0.6794455,0.71466804,0.7071122,0.21232975,0.15542243,0.12400153,0.62435466,0.05999667,1.000123,0.24232635,0.030709,0.20329766,0.31131285,0.1660976,0.2448438,0.45844316,0.4331711,0.80165315,0.21121903,0.041504286,0.14781113,0.07015496,0.19755471,0.045398783,0.07096817,0.25404125,0.20231351,0.14548638,0.2849722,0.48252,0.17941329,7.9213125e-05,0.20681496,0.8898754,0.0980519,0.17399515,0.11666319,0.16123241,0.5272796,0.19624233,0.17049763,0.20205504,0.030633362,0.119985126,0.99273634,0.25290838,1.071186,0.13423379,0.17488119,0.2676871,0.019373436,0.18854676,0.08644235,0.061912492,0.35891706,0.12759411,0.20856872,0.6712591,0.20511544,0.34348226,0.049846474,0.30997118,0.05055092,0.23411599,0.046609797,0.67285216,0.0190566,0.20020989,0.4284985,0.15673776,0.16035758,0.23052323,0.11135662,0.4414342,0.31820583,0.0074175587,0.1387825,0.48701003,0.16901562,0.07217558,0.15572946,0.032809827,0.16773155,0.16096063,0.0042476743,0.027182924,0.2904627,0.013206721,0.026861962,0.28354895,0.47057855,0.23139165,0.24435154,0.13890457,0.92326486,0.4159138,0.34102845,0.26567218,0.21513358,0.0007040498,0.42660546,0.3211648,0.01638045,0.3148985,0.17109936,0.11582232,0.3593312,0.20972517,0.101399064,0.11381945,0.12621891,0.2426809,0.73506796,0.100268155,0.0606666,0.82217026,0.45119768,0.075473815,0.051252607,0.66012573,0.39020136,0.40201598,1.0734832,0.17129917,0.0703262,0.9330249,0.052265614,0.09848345,0.27609223,0.20390925,0.25521833,0.026550371,0.5725719,0.08367709,0.2975077,0.5796169,0.097131714,0.61296844,0.65895087,0.3679454,0.08424713,0.0696875,0.044839002,0.07984347,0.074946895,0.076144345,0.025235333,0.27806756,0.41562814,0.050301127,0.14500326,0.25676724,0.12975422,0.048761755,0.1267935,0.19376087,0.09645225,0.32974216,0.52578366,0.035546727,0.43043143,0.114966646,0.2619407,0.46321625,0.08755885,0.03825756,0.074953824,0.0028647457,0.0015137476,0.113817886,0.26635098,0.3820583,0.008994285,0.36268425,0.11038877,0.43016753,0.02044584,0.08386564,0.34163362,0.17513172,0.4411884,0.0035116042,0.0071023144,0.32685283,0.13136008,0.050229646,0.40658098,0.07603211,0.15557429,0.055388078,0.09342028,0.17413542,0.3039245,0.1391499,0.12206577,0.04456834,0.71409607,1.7607417,0.6230038,0.26986855,0.047200102,0.14770503,0.6590625,0.47994298,0.18169174,0.029215444,0.6893158,0.1668298,0.1711845,0.554078,0.25689337,0.17977369,0.1778584,0.05371234,0.09851262,0.4527601,0.16366157,0.36906952,0.04633216,0.058899775,0.0,0.06325996,0.04760529,0.01839672,0.24100168,0.23077548,0.14835703,0.62965965,0.14198443,0.16754279,0.974115,0.46330535,0.7007119,0.2291584,0.3648246,0.0029413337,0.049902745,0.04130497,0.44549337,0.6764362,0.008399381,0.11541686,0.2512273,0.2738049,0.009847185,0.008728998,0.34305733,0.52764666,0.41559553,0.5392939,1.4941195,0.27453578,0.39061654,0.09702333,0.14498244,0.28208935,0.4173685,0.954275,0.0833233,0.32630652,0.076178394,0.7481843,0.7937138,0.99399364,0.8769233,0.37687728,0.6146468,0.48103872,0.9385876,0.0070729167,0.26920992,0.057303563,0.3055979,0.557566,0.1258927,1.1815182,0.50081897,0.31633684,0.1696412,0.526113,0.27071598,0.2530356,0.020368574,0.26839566,0.122611664,0.18861595,0.008270286,0.008117175,0.20540881,0.26697138,1.211958,0.32512295,1.1444094,1.0472602,0.10346583,0.12154449,0.055838212,0.1125209,0.08472126,0.12891585,0.079888605,0.9069771,0.13051674,0.020992767,0.7297623,0.5951303,0.19874367,0.15108563,0.11450598,0.19183576,0.045140274,0.09687507,0.07859713,0.11049415,0.4474013,0.058091596,0.017315175,0.26143,0.2154986,0.41975176,0.2890116,0.30679902,0.015060225,0.22968791,0.25155443,0.26860958,0.057249732,0.25406235,0.023945458,0.3565247,0.29028708,0.047086336,0.10876964,0.28782532,0.5807282,1.2690005,0.81834435,0.14153135,0.15847725,0.1994837,0.25799462,0.30040115,0.3115797,0.14312077,0.31515622,0.2913537,0.022164548,0.13114944,0.045597322,0.29393822,0.5214293,0.0,0.0404516,0.19640827,0.11635444,0.09901685,0.07356296,0.40441477,0.21644047,0.15505067,0.64905024,0.40912902,0.20164049,0.048219927,0.20489082,0.034276523,0.27169275,0.15498275,0.55148226,0.06170871,0.0064200624,0.08343926,0.44507477,0.09924024,0.07763936,0.24557051,0.0063926224,0.028144602,0.7499305,0.030602302,0.9256341,0.2978607,0.012808809,0.4191181,0.036879487,0.041515358,0.64204264,0.051303424,0.03356971,0.1754092,0.035020825,0.27542895,0.22789524,0.6786164,0.39640155,0.18780701,0.09210822,0.027042912,0.66643375,0.87521124,0.21995722,0.27713203,0.25821954,0.09109931,0.057722926,0.7258017,0.2649483,0.22361799,0.03716747,0.033498913,0.9123258,0.6043348,0.07304949,0.69087243,0.2349958,0.13767584,0.225597,1.1610284,0.09206623,0.33832425,3.729344,0.32367966,0.5941015,0.41505367,0.68234074,0.4750067,0.03635887,0.15759526,0.2650174,0.02951224,0.5105204,0.07391091,0.041642264,1.160279,0.21852724,0.15005808,0.18396078,0.2096013,0.0055346405,0.024309624,0.036742203,0.0,0.77002513,0.018389719,0.006045781,0.40844756,0.11419295,0.7877159,0.13018782,0.06261462,0.7806698,0.11267531,0.48913586,0.03346575,0.073317476,0.16609383,0.11687283,0.40642795,0.21775347,0.29107535,0.047746867,0.01278775,0.12711005,0.13040508,0.07865068,0.10122359,0.25254324,0.3773051,0.21274547,0.20681609,0.15216121,0.082004376,0.4937469,0.013409836,0.17981285,0.070125476,0.63556015,0.07440803,0.12057919,0.37779355,0.498726,0.074995615,0.029713314,0.4970663,0.24202466,0.26882616,0.097056925,0.22774464,0.25215155,0.5092478,0.31610587,0.0,0.4505576,0.15907058,0.00043323517,0.08297271,0.4397614,0.11875401,0.15789756,0.08086088,0.08835189,0.37713253,0.5354094,0.07932427,0.033509225,0.06159931,0.08781327,0.57477057,0.7169906,0.021240927,0.017088406,0.056946106,0.013288088,0.20695484,0.4742564,0.67101455,0.08185363,0.02253978,0.07980329,0.22034824,0.5997292,0.015665682,0.096144125,0.12997767,0.12733878,0.0367375,0.65792054,0.40765968,0.10576531,1.0205979,0.2714653,0.10884607,0.3557074,0.22428283,0.23594502,0.1506477,0.10291712,0.07465813,0.25762564,0.41060066,0.100973085,0.022091294,0.03758892,0.76770747,0.13128585,0.1105368,0.49592322,0.55537224,0.38620442,0.18158165,0.10819511,0.54589736,0.2992835,0.05986967,0.12780312,0.5227967,0.10382317,0.3336947,0.09107357,1.2331069,0.6968241,0.56995916,0.18178523,0.3904764,0.13460702,1.0371119,0.32452887,0.31536594,0.023327544,0.18452667,0.11070024,0.16867343,0.094237424,0.021077763,0.057642944,0.1700727,0.17082548,0.043793604,0.25531894,0.17379586,0.09320721,0.49910796,0.10143025,0.13813545,0.31124416,0.11756617,0.4949488,0.4412883,0.007020927,0.012357217,0.22174326,0.19149087,0.17097493,0.34080744,0.27570242,0.2607441,0.019563636,0.44171414,0.5100625,0.07260613,0.54690063,0.45662338,0.088075384,0.1572845,0.11592665,0.14375323,0.020251984,0.17222884,0.24060081,0.053631447,0.14735456,0.39227724,0.020332338,0.09566736,0.42117977,0.20120005,0.095309615,0.027851079,0.32714814,0.03957203,0.019161185,0.12043394,0.28806806,0.6181543,0.06740327,0.6503711,0.28171912,0.15315191,0.0944406,0.3188663,0.47033715,0.027108794,0.85608685,0.16869274,0.24576086,0.20004238,0.06549531,0.09816317,0.677877,0.1062859,0.1954383,0.3102369,0.23082483,0.030284911,0.101855,0.09349324,0.03804308,0.40499723,0.4863987,0.56147164,0.10829433,0.46694976,1.2064097,0.5313425,0.63910025,0.22533932,0.02869254,0.11648481,0.49368423,0.3050844,0.38989785,0.058478106,0.2960773,0.23991208,0.040658385,0.1354245,0.05412306,0.7376623,0.37532395,0.24605471,0.4906459,0.35377672,0.0018970411,0.6507865,0.506697,0.06979147,0.097355634,0.72648984,0.29580897,0.25010157,0.15538153,0.030148638,0.24665095,1.3688512,0.0059320917,1.0936432,0.104733855,0.047532253,0.0,0.3277958,0.044188358,0.051557988,0.09830096,0.44434813,0.28185496,0.42219242,0.11822933,0.05513875,0.13745683,0.63970494,0.2835577,0.12799795,0.031973355,0.63956046,0.08897628,0.027272074,0.20528126,0.0860403,0.09208058,0.2863391,0.01351097,0.22584167,0.9303328,0.09542954,0.0664386,0.079307765,0.13121848,0.12553123,0.038685646,0.1547932,0.022023251,0.12898456,0.33669293,0.24013701,0.038270593,0.086426325,0.1274736,0.029167332,0.5747067,0.48418498,0.111965574,0.12193716,0.65958256,0.5055497,0.7624726,0.18694484,0.027095877,0.300163,0.21414891,0.009578748,0.5076672,0.22531566,0.042971063,0.16136102,0.10742339,0.2789669,0.21779466,0.016811218,0.25669983,0.17086475,0.057594404,0.48964867,0.1808408,0.05127076,0.62777865,0.17489502,0.3498861,0.85909575,0.53904825,0.42644387,0.12582934,0.0071290545,0.03015772,0.06853294,0.19823146,0.031667303,0.898664,0.5115021,0.06895224,0.10231137,0.03910816,0.2472369,0.38913822,0.15927887,0.49818066,0.5150587,0.05032925,0.5223882,0.2122711,0.058838874,0.10347333,0.7448227,0.18770032,0.3353398,0.11709303,0.65816534,0.75557226,0.18128301,0.10861138,0.90006924,0.10224537,0.18875502,0.021589361,1.6390814,0.8692221,0.8907553,0.45656145,0.5880345,0.08411369,1.1900885,0.41462708,0.20973222,0.27309594,0.17370075,0.057380423,0.13534825,0.16004461,0.57479215,1.0071816,0.08064498,0.27545503,0.29224592,0.0,0.72269887,0.3245931,0.9548849,0.67930776,0.7926091,0.18654259,0.026953204,0.31958768,0.41601276,0.5356865,0.07351143,0.31613448,0.2552158,0.2512122,0.30745897,0.48135698,0.04764102,0.84025383,0.26979443,0.14411816,0.4251328,0.12377851,0.6781816,0.05075148,0.28406933,0.3467046,0.38244897,0.2933665,0.11066993,0.70718604,0.6868242,0.4018702,0.2478053,0.41853923,0.4229917,0.4496174,0.1355766,0.42637694,0.28723174,0.8065878,0.31739038,0.34474117,0.3222587,0.5803195,0.27890807,0.5927023,0.29619935,0.20767474,0.40585643,0.50584096,0.18960285,0.8204968,0.17806885,1.0215106,0.3534389,0.28521946,0.29777226,0.6975843,0.094684176,0.06453928,0.45504636,0.14538309,0.0,0.07689183,0.34564692,0.06626715,0.049171604,0.083080314,0.526565,0.603311,0.14856331,0.038122907,0.51312554,0.10527319,0.020558791,0.097952604,0.6867478,0.18791243,0.6953771,0.6162914,0.5777603,0.5316905,0.54613423,0.19034,0.10226003,0.43433937,0.30237022,0.8524234,0.046023276,0.3042444,0.37350935,0.1530824,0.7978542,0.3131426,0.11097987,0.86121434,0.010389304,0.47178155,0.23464283,0.04167732,0.47409725,0.07214862,1.0945194,0.20936379,0.02991489,0.53394854,0.90610385,0.18237534,0.3332625,0.38103473,0.18962897,0.06517466,0.42609152,0.6500386,0.03606831,0.36222753,0.07341073,0.07021284,0.24800202,1.5006374,0.504181,0.849416,0.5909233,0.47307482,0.002032803,0.44509238,1.108588,0.9144482,0.90803343,0.7506396,0.1612257,0.1609095,0.42930585,1.1575043,0.5104295,0.45287782,0.31060478,0.44848529,0.04259133,0.056732953,0.027191238,1.3604476,0.39709032,0.56445146,0.3748935,0.011733119,0.4411512,1.7580086,0.0957498,0.76117283,0.42276037,0.990613,0.58191395,0.4769327,0.783142,0.07768373,0.36699805,0.29645893,0.8699014,0.29864746,0.0,1.0208722,0.08632874,0.24466343,0.7002369,0.053544607,0.061238185,0.18471378,0.13932392,0.6236449,0.7834935,0.2793941,0.46680066,0.25151438,0.90572417,0.13658431,0.07272355,0.072390825,0.3614848,0.07373513,0.11508556,0.32820332,0.36205494,0.37901676,0.8151617,0.7486427,0.26809475,1.1208308,0.46981424,0.41330612,0.08446811,0.4207865,0.13943632,0.53895366,0.40448627,0.88406104,0.022662703,0.7047982,1.0195472,0.26038206,1.4516599,0.21625933,1.3148621,0.32686892,0.6389549,0.15068884,0.8217493,0.7401772,0.5374558,0.53439176,0.13565299,0.17606631,0.3623885,0.4705674,0.090342775,0.2597625,0.7330708,0.98278534,0.023999723,0.13804528,0.2828749,0.028679902,0.015982347,0.06258595,0.520933,0.22071439,0.0012900842,0.37812817,0.40741867,1.1705353,0.19056809,0.377021,0.39595276,0.60726863,0.9161123,0.6329433,0.13770968,0.26617557,0.15384388,0.061763417,0.056420118,0.59452754,0.5552801,0.69861686,0.9134181,0.21731304,0.033718012,1.4433417,0.72230375,0.80903393,0.59271,0.41969132,0.19197918,0.21301639,0.3070031,0.48095715,0.14609922,0.4767295,0.08559862,0.21575013,0.37718683,0.5310494,0.41744015,0.7540798,0.17240998,0.043629054,0.018603843,0.607192,0.259207,0.032759458,0.03894072,0.80474937,0.3783288,0.58534753,0.13790314,0.34303975,0.24930638,0.6615564,1.135458,0.6388358,0.27002758,0.5681054,0.003204022,0.18672615,0.07570776,0.81055474,0.60816574,0.24272498,0.036407918,0.024630774,0.49229205,0.1912702,0.52142185,0.03502868,0.22204196,0.47212416,0.3170269,0.29963145,0.5880274,0.8107159,0.40805382,0.17738646,0.64833605,0.3807078,0.51962996,0.24258484,0.024607798,0.42926478,0.36314136,0.020443369,0.5701731,0.5338088,0.40657586,0.6494715,0.08537103,0.13292639,0.605407,0.27241692,0.60617864,0.98861736,0.37291694,0.32125613,0.46521607,0.88330454,0.8824197,0.2924206,0.04486941,0.41288394,0.44574708,0.09268382,0.06649201,1.1460738,0.34193122,0.84671944,0.19671652,0.24110927,0.288652,0.46060032,0.18648547,0.36964273,0.5164691,0.53357816,0.56817883,0.07259944,0.18167967,0.021578461,0.038408034,0.9554962,0.022312105,1.3247867,0.07186876,0.21554671,0.051248804,0.48050177,0.15678409,0.4108036,0.20966643,0.1067757,0.32095644,0.0776789,0.0071305404,0.8173402,0.050447874,0.15162706,0.50503147,0.6716476,0.45663092,0.040378615,0.5856093,0.017025752,0.6217315,0.28441435,0.40260243,0.32338664,0.5011941,0.45482293,0.43255913,0.22199608,0.42074394,0.3282889,0.15218742,0.7957326,0.6760746,0.2510541,0.21859828,0.77621573,0.40386486,1.5077837,0.05581483,0.25422308,0.03326661,0.11263411,0.5417738,0.245794,0.03082021,0.027252791,0.21090177,0.14116864,0.06433896,0.08805868,0.0490252,0.17256048,0.5511458,0.08628305,0.09699111,0.82593393,0.32381946,0.07899308,0.2042061,0.10355081,0.8886472,0.80959827,0.4885974,0.53210765,0.74677634,0.4348559,0.8043755,0.16971956,0.32786715,0.055959947,0.41869327,0.16807747,0.61009204,0.9562794,0.45183808,0.06472967,0.09000844,0.7424193,0.20294023,0.46143883,0.23306146,0.031361096,0.30873328,0.31724387,0.58646804,0.45000833,0.39858383,0.5080079,0.1579039,0.40495643,0.60886866,0.07419482,0.45276064,0.17302549,0.7487638,0.1287229,0.2194196,0.376461,0.007211764,0.49354964,0.7617098,0.15517324,0.6900929,0.5609276,0.07127659,1.0126346,0.26567543,0.91953665,0.12040898,0.1915803,0.062253516,0.102002606,0.38440126,0.6054397,0.19859542,0.057311017,0.09961452,0.0029618612,0.30469957,0.5036758,0.3399469,0.04857487,0.05320221,1.4536324,0.022909041,0.2948733,0.87603366,0.7705712,0.40341985,0.9036974,0.5240735,0.9343546,0.21490501,0.46517462,0.029147048,0.16205397,0.4834371,0.8012326,0.7092537,0.089040294,0.5099356,0.23214333,0.014042454,0.35588834,0.22817966,0.5088246,0.18929595,0.32569507,0.06089057,1.6855729,0.17972933,0.09530698,0.22571532,0.6000764,1.3514407,0.3008023,0.76981163,0.37687498,0.7211178,0.35975665,0.56997585,0.21908665,0.22128737,0.2060876,0.05567993,0.09725031,0.0019910315,1.1110015,0.031076742,0.22756362,0.27126443,0.39247316,0.92937446,0.2031422,0.12166046,0.49751925,1.1016424,0.10928723,0.47647506,0.17319642,0.059281964,0.07665764,0.43450937,0.46879566,0.38952103,0.2245375,0.195486,0.40758818,0.15798175,0.30811048,0.53199786,0.5810739,0.3538888,0.62900037,0.960499,1.2202706,0.011741299,1.0782362,0.12364367,0.7141912,0.36366278,0.16381077,0.15750054,0.8651769,0.020623177,0.47911847,0.9776976,0.38754982,0.32220012,0.40049833,0.00041813322,1.2492244,0.078373834,0.49787855,0.105993755,0.48034114,0.38813564,0.29839343,1.0374968,1.1215358,1.1386756,0.06107531,0.055860467,0.3166031,0.31082547,0.46307456,0.3353203,0.40510148,0.38261676,1.439204,0.044606373,0.15232298,0.62949055,0.0221988,0.8390609,0.0302442,0.43330514,0.762228,0.6170741,1.6239774,0.61548805,0.8202425,0.7079679,0.74164045,0.99239194,0.5471803,0.032329287,0.23824811,0.11335197,0.32625553,0.5177901,0.1111054,0.009526583,0.21180242,0.32465124,0.7733511,0.126033,0.6617172,0.013985142,0.2004138,0.39901498,0.115730435,0.20376506,0.17809084,0.4180326,0.71958804,0.44006246,0.21950902,0.12045883,0.40112793,0.5067351,0.20014934,0.5684928,1.0818467,0.1203479,0.5544407,0.2734148,0.46962988,0.65193295,0.27208242,0.33172756,0.47117615,0.4673428,0.4441843,1.4232448,0.061151348,0.37145692,0.15830112,0.63661736,0.06212867,0.5169977,0.9179418,0.9156998,0.5291162,0.5301492,0.36891183,0.7437166,0.51873124,0.33168003,0.40215987,0.66848546,0.6504643,0.03047866,0.4068998,0.53253055,0.422538,1.0785313,0.3533549,0.7525959,0.10130687,0.19158389,0.48613137,0.5445477,0.22704908,0.34156618,0.6380203,0.181719,0.66637087,0.1910559,0.58853596,0.47043398,0.20954347,0.66690487,0.6070639,0.64987457,0.045642465,0.2578898,0.3634814,0.20262451,0.44064447,0.538888,0.025978541,0.69588405,0.22651762,0.047385864,0.1533395,0.2941401,1.0223503,0.13400099,0.5509721,0.4189395,0.11271164,0.22447619,0.7006761,0.4241043,0.811041,0.93436867,1.0344689,0.625265,0.34798557,0.515862,1.3971484,1.1450553,0.049272556,0.42378876,0.4176985,0.16783151,0.13053054,0.21239671,0.21497434,0.059643805,0.22303827,0.38618636,0.15652494,0.08757004,0.21546653,0.06318736,0.23522297,0.19499055,0.61310375,0.40833324,0.767131,0.2366055,0.3427342,0.26556867,0.11965893,0.286504,0.46085072,0.21797013,0.75468355,0.3648105,0.17852642,0.007219754,0.36291045,1.266851,1.141287,0.18303815,0.015210947,0.71666634,0.33002472,0.6148269,0.4797592,0.29086876,0.18393786,0.5036792,0.14433369,0.8948566,0.52750856,0.15093905,0.27544355,0.17553481,0.45524192,0.8433845,1.0596383,0.04745047,0.72384024,0.53863096,0.20135888,0.6759956,0.60455513,0.22813031,0.36954105,0.28009307,2.030896,0.36172438,0.11156425,0.09235248,0.28163242,0.0,0.4723312,0.2600845,0.007645821,0.25286072,0.85167134,0.3431674,0.3015505,1.1177714,0.76770484,1.6119828,0.015860092,0.91018313,0.14864546,0.2176423,0.05402348,1.3189428,4.7274884e-06,1.377511,0.4935714,1.8075678,0.3271708,0.2312258,0.5748973,0.8118222,1.0989139,0.4087827,0.39574265,0.3620765,0.339946,0.31360322,0.48786494,0.90108013,0.34387016,0.06178134,0.090994984,0.0,0.46203285,1.210119,0.07463005,0.07314306,0.9350229,0.42381015,1.5162653,0.4654027,0.29754922,0.20029436,0.73847413,0.052393876,0.06277779,1.0084502,0.34812087,0.5251019,0.906477,0.54992086,0.11878821,0.43306458,0.66609395,1.8871765,0.4009201,0.006451043,0.38443342,0.4142724,0.37524515,0.275784,0.6168561,0.19281992,1.796592,0.19896261,0.122477576,0.21297985,0.36656386,0.22939974,0.0,0.20903234,0.46832132,0.0110083725,0.45413685,0.14236028,0.002595162,0.9125161,0.33600813,0.23686661,0.468651,0.41122034,0.29601187,0.106057376,0.7821462,0.72182906,0.08983266,0.122742146,0.6722249,0.22178559,1.1176428,0.4390245,0.44609076,0.62997633,0.84871507,0.19900261,0.3400778,1.5865719,1.09635,0.5349202,0.13337915,0.27454516,0.16934507,0.4357395,0.5235784,0.04279118,0.12882367,0.6674899,0.30832762,0.5079117,0.796397,0.68644154,0.20105487,1.0972763,0.5624795,0.5868952,0.0074528754,0.1555292,0.8170657,0.46530974,0.036240347,0.3620128,0.6035242,0.029086623,0.67116606,0.77553844,0.100812465,0.03864158,0.39167416,0.19646636,0.014460899,0.11832444,0.18453792,0.23557119,1.6477375,0.52997136,0.70140696,0.23334587,0.19535369,1.4668121,0.88019145,0.64337146,0.21180537,0.13252735,0.12840392,0.6337174,0.48093486,0.69200635,0.05067669,1.0691142,0.025139451,0.727067,0.5592936,0.10819916,0.560128,0.034874093,0.9316108,0.022266515,0.04648292,1.9678643,0.69766337,0.80543053
0.17705032,0.12428837,1.863787,0.57854915,0.4465102,0.14384702,0.2424462,0.6052128,0.13539565,0.7740542,0.8420496,0.017891081,0.30373415,0.51471496,0.26296905,0.08482146,1.0928531,0.13005449,1.5012586,0.7070193,0.6944283,0.2773481,0.6630965,0.043725673,0.13751349,0.03426587,0.32640058,0.6409856,0.24095854,0.19482492,0.13801768,0.560153,0.22338527,1.2979403,0.8908199,0.123402014,0.030287292,1.0432189,1.1411793,0.07115775,0.08481775,0.2544868,0.19036883,1.2587416,0.4082348,0.04575381,0.07525599,0.3995608,0.46468195,0.24049425,0.28763318,0.28685695,0.0605399,0.23738652,0.03804028,0.0050012814,0.11560844,0.6075995,0.27269357,0.4986441,0.030045323,0.20576471,0.54094934,0.47676107,0.030783338,0.5588746,0.10429004,0.17674431,0.27988717,0.13268119,0.044424474,0.4846463,0.23559362,0.05035672,0.15476593,0.20686275,0.313389,0.075672224,0.119036295,0.28481445,0.86161435,0.0862886,0.39969957,0.24297968,0.069796644,0.4296116,0.18581893,0.08282167,0.15925162,0.3133433,0.2230376,0.19639131,0.004280495,0.2762507,0.3570095,0.8801548,0.04449957,0.45921984,0.049896654,0.7216878,0.19109166,0.8439866,0.477292,0.059043147,0.08780712,0.20197129,0.85267067,0.42210922,0.43897212,0.22578405,0.14764962,0.7013869,0.0714547,0.09513156,0.8831073,1.2123268,0.063634396,0.5512967,0.18095815,0.43671745,0.068027504,0.1856241,0.36303312,0.36321473,0.3853999,0.08212271,0.31547782,0.48806804,0.5439593,0.295571,0.09865552,0.633079,0.15124993,0.15039086,0.18467456,0.05673296,0.053074047,0.14508922,0.14755231,0.34593937,0.36701173,0.4530142,1.6730995,0.6432292,0.56227523,0.114511855,0.6459408,0.056480765,0.33333498,0.097121224,0.010051192,0.47539604,0.40595612,0.16007575,0.3760131,0.017618043,0.22174129,0.152649,1.0570933,0.19158113,0.08394739,0.6536819,0.62557757,0.32534117,0.06761515,0.1699176,0.2734756,0.53517175,0.070719905,0.2730415,0.06376561,0.5181501,0.2623959,0.19054773,0.031231826,0.1360006,0.75909626,0.32864434,0.5352179,0.043214407,1.331069,0.70020264,0.22195055,0.1645799,0.5239672,0.19288813,0.4410745,0.27058583,0.8412894,0.18377233,0.05992972,0.8759047,0.062948994,1.0601534,0.21174046,0.10473186,1.0850806,0.23229627,0.5244601,0.09126073,0.19986191,0.10034855,0.32492796,0.36409503,0.22615339,0.016102638,1.6029758,0.4122536,0.12979114,0.121445954,0.41650057,1.384569,0.31488833,0.9364494,0.5222293,0.57448107,0.5099859,0.10914024,0.25626037,0.2897072,0.32787305,0.15812561,0.6656183,0.5016841,0.282776,0.43783778,0.30846554,0.16953081,0.0031622269,0.20264637,0.22090411,0.21448842,0.01784454,0.23127079,0.012842299,0.42197716,0.117446944,1.1534939,0.019778086,1.0639033,0.08783519,0.68367934,0.12233614,0.44922763,0.2468287,0.11493854,0.1921233,0.5171026,0.042355742,0.3316066,0.22745308,0.43283033,0.060020998,0.20218024,0.025444515,0.09622104,0.33662656,0.15540832,0.32134485,0.6013047,0.03862199,0.5690005,0.086213976,1.0977178,0.050970268,0.027406093,0.18122849,0.6373432,1.4839928,0.00077930884,0.53578514,0.29858258,1.4944599,0.3584855,0.08180168,1.1015248,1.0606724,0.27625024,0.0653923,0.28794006,0.42263377,0.1667969,1.5266356,0.47629693,0.51832235,0.03189689,0.30101764,0.82933074,0.49647546,0.16339162,0.22291276,0.5752974,0.39266452,0.42642373,0.2402815,0.36365348,0.27504265,1.0104399,0.3362137,0.50559914,0.19779903,0.43188673,0.66409874,0.6466228,0.6966455,0.19696891,0.12072228,0.08574674,0.6516255,0.066193156,1.0069666,0.22429611,0.043596607,0.18412992,0.30609763,0.15684456,0.23221141,0.46582654,0.41677293,0.801297,0.22495028,0.036442146,0.13195257,0.09546066,0.14450257,0.039046466,0.07075416,0.13737325,0.22951743,0.20880166,0.3453341,0.4131332,0.18899901,0.00034896075,0.16480023,0.8845404,0.07637013,0.14721924,0.21197534,0.094410546,0.7414158,0.19712195,0.13424197,0.20503248,0.016956065,0.09737628,0.8645096,0.21797054,0.9599644,0.15734003,0.18994185,0.28212196,0.019764258,0.15191214,0.1061504,0.0061901966,0.34880027,0.115025446,0.13715836,0.6263731,0.15099534,0.455146,0.08063346,0.24682012,0.06157144,0.23342872,0.014803258,0.63055825,0.016812762,0.16573955,0.36967868,0.07661103,0.17126553,0.19541317,0.12024224,0.3991496,0.28323528,0.010799639,0.14379275,0.436047,0.1304312,0.06094489,0.08563565,0.043032262,0.082143694,0.23612803,0.0027616324,0.0063465033,0.23484766,0.012340078,0.012884113,0.20717083,0.44643563,0.21714504,0.23473382,0.16499065,0.88998103,0.40056998,0.34820357,0.19089685,0.2401001,0.00068814744,0.3703965,0.34063822,0.019214816,0.26842052,0.19091949,0.09617737,0.4128108,0.14548072,0.07068778,0.09083442,0.19722606,0.18041539,0.744663,0.12610531,0.027521906,0.8547472,0.53018045,0.073715284,0.046448354,0.6974274,0.36358368,0.35803297,0.91865724,0.2813753,0.07005809,0.8390791,0.105066806,0.06287676,0.26320887,0.15372963,0.30433157,0.033270832,0.5865743,0.09572101,0.33096886,0.5270472,0.052949324,0.6063514,0.5397769,0.32906073,0.094648734,0.07923269,0.03173297,0.06033817,0.08512638,0.049394697,0.061674286,0.16130494,0.31577682,0.0715342,0.17145798,0.39834088,0.10869351,0.05583495,0.19036132,0.1496582,0.13823146,0.34932166,0.5524037,0.034639433,0.40170306,0.09060942,0.25951263,0.5201479,0.1007075,0.12544967,0.08168106,0.005491267,0.0,0.11238273,0.30739534,0.38359717,0.017042264,0.4820878,0.15812057,0.47069076,0.012611372,0.07562746,0.34769234,0.095079586,0.5223483,0.0012277896,0.0,0.35119435,0.07927112,0.029545728,0.47098535,0.06517644,0.17086428,0.0589386,0.108852506,0.16572395,0.33277947,0.15991649,0.13623984,0.06307647,0.6608592,1.4654913,0.64714414,0.32584512,0.051737886,0.08197639,0.57305884,0.36004812,0.20839186,0.026567172,0.5679959,0.13847613,0.17944536,0.5366886,0.25929314,0.13290103,0.13776,0.058553506,0.15820837,0.47925997,0.11829701,0.41315767,0.053243153,0.058108058,0.0036741234,0.047080927,0.04267574,0.015245428,0.25100377,0.19565178,0.24561203,0.6688409,0.15955102,0.1700317,0.96702075,0.45829058,0.6515688,0.27421558,0.42001462,0.002625128,0.102705285,0.08886146,0.504684,0.69650066,0.009322183,0.19997835,0.2591595,0.27089196,0.04842098,0.019401051,0.26237577,0.615833,0.41319084,0.43932837,1.2183702,0.19051968,0.41930002,0.09445747,0.16991878,0.15332665,0.4854309,0.72916144,0.117100276,0.24291176,0.06344859,0.6633277,0.8235388,0.94620585,0.78221965,0.33745787,0.52842337,0.48700044,0.8343657,0.008268836,0.26137984,0.025126282,0.34374636,0.4602492,0.17476465,1.077255,0.4930638,0.26431054,0.07164319,0.39650238,0.27089447,0.21369016,0.033883557,0.27644762,0.123417504,0.12289502,0.007116855,0.023046827,0.15606464,0.30198523,1.1373407,0.3528242,1.1793792,1.0244844,0.089101076,0.23346128,0.09771737,0.12707834,0.086109415,0.077187,0.18593384,0.89222103,0.12449007,0.0016658487,0.54861856,0.5408474,0.16754927,0.07896768,0.1654925,0.16038282,0.02885478,0.102218404,0.098423466,0.10179651,0.2926968,0.10219903,0.020682009,0.19354711,0.2919629,0.36618933,0.15950261,0.23774126,0.007009672,0.20032257,0.3039962,0.24300775,0.09113437,0.27925482,0.025221039,0.39192975,0.21954831,0.02490944,0.09238766,0.19723308,0.45442915,1.0982425,0.7733114,0.18005645,0.18476915,0.15070617,0.16001302,0.31112117,0.2906968,0.12868235,0.34691998,0.29123387,0.017699847,0.17230172,0.06608734,0.35231918,0.48317623,0.0,0.042001214,0.23895177,0.14616865,0.15678099,0.084301114,0.42358834,0.176552,0.27802747,0.9034242,0.29836428,0.1915336,0.069584675,0.2122102,0.08494982,0.19329561,0.11004702,0.51574236,0.06563099,0.008463969,0.05732136,0.4749695,0.096267864,0.12135338,0.21111211,0.0063984105,0.008741162,0.6706762,0.052902568,0.9673971,0.27387846,0.0016173205,0.39043245,0.04699413,0.042479508,0.5584413,0.04249396,0.014925303,0.20419532,0.034845166,0.32081658,0.21383265,0.6938968,0.41846,0.18982318,0.1083722,0.031703845,0.54196846,0.7367476,0.1259442,0.35372332,0.20695129,0.06956458,0.050218258,0.9160339,0.30737084,0.18499687,0.037882037,0.00940933,0.7090947,0.49638584,0.0693424,0.60666233,0.27639237,0.13136923,0.3829969,0.9912877,0.06817203,0.38224015,3.384016,0.31336278,0.6661676,0.4510672,0.604732,0.4355916,0.06227638,0.1348695,0.22417909,0.0469829,0.5181349,0.09401489,0.05046653,0.81715846,0.2689124,0.1281008,0.12954447,0.17952761,0.0033920154,0.015397858,0.030391924,0.0022381607,0.6315263,0.04622961,0.009883894,0.3920827,0.14391953,0.7135844,0.116939485,0.05285451,0.79132956,0.133004,0.34384453,0.02129516,0.12028525,0.15025817,0.074273914,0.34751773,0.35870582,0.29894656,0.053015634,0.008394918,0.16546598,0.09489259,0.09440795,0.13697836,0.25069618,0.33512905,0.24316648,0.14438829,0.107503176,0.07347644,0.369716,0.00527245,0.15879957,0.04564803,0.55192935,0.05631285,0.13553977,0.3343577,0.4466473,0.07214673,0.052636858,0.51753235,0.22181404,0.25119308,0.066373855,0.26230636,0.19167228,0.40740693,0.3503877,0.0,0.5019304,0.10208374,0.00036987252,0.09179962,0.42416778,0.1672796,0.15872392,0.09095438,0.069952674,0.38316822,0.52196115,0.12323159,0.07035488,0.12237588,0.10075541,0.5455643,0.6201072,0.06417225,0.037727557,0.042165086,0.012820011,0.18292283,0.5124493,0.63063574,0.051320717,0.09830332,0.07596252,0.40447688,0.529285,0.034528684,0.10860227,0.11636487,0.15836678,0.03458654,0.80643344,0.388917,0.035428412,0.86816835,0.31873107,0.07948839,0.34316444,0.2118389,0.2111275,0.10992515,0.14034876,0.21825716,0.28050464,0.35156918,0.20471585,0.030667393,0.041002236,0.6629633,0.0892041,0.100981325,0.49415237,0.5377431,0.25875884,0.19229764,0.09812901,0.531078,0.32790634,0.077938974,0.1763058,0.53426945,0.11330226,0.3313763,0.05829473,1.2512162,0.5737396,0.5054332,0.15603608,0.46281713,0.14469628,1.0215635,0.37951586,0.21689865,0.011997601,0.15444727,0.110909976,0.17059672,0.11490936,0.010828964,0.066167004,0.17600518,0.14386831,0.056171086,0.23602201,0.13490397,0.07759054,0.44672033,0.08612648,0.108936936,0.32431307,0.10188396,0.40454498,0.34734416,0.0065365676,0.008609579,0.20879278,0.21954203,0.20556182,0.40560085,0.22185664,0.23963279,0.014037486,0.4561115,0.41951162,0.049042847,0.63231313,0.4737936,0.05894792,0.04535801,0.1081257,0.12809578,0.018008929,0.12972014,0.19098465,0.033842146,0.13612872,0.4025588,0.024917074,0.09552656,0.38878727,0.15426588,0.09070587,0.041625507,0.34495676,0.01816263,0.012535267,0.15619338,0.29516092,0.60557985,0.06942785,0.6657498,0.23138398,0.16493887,0.06123893,0.3252241,0.4749668,0.031193545,0.7264581,0.18600452,0.28269058,0.08960138,0.0388661,0.10135116,0.6211491,0.1117849,0.2696403,0.31661785,0.17326179,0.024148345,0.10889972,0.12911187,0.08494978,0.35454497,0.41708624,0.5267873,0.12654905,0.5257777,1.1603769,0.5090282,0.6791306,0.21801797,0.03184911,0.11750463,0.8097124,0.27051282,0.24867262,0.043273624,0.34371543,0.23645484,0.00829505,0.15893428,0.05486007,0.6996176,0.3308861,0.28007686,0.601863,0.38190782,0.002484165,0.7811891,0.45022392,0.042265862,0.07998477,0.67329234,0.24298999,0.29123235,0.21258557,0.023304818,0.21782401,1.2158344,0.008564752,0.9292341,0.08588177,0.044103913,0.0014197807,0.26864928,0.043603875,0.0537768,0.11142495,0.3639738,0.3077852,0.47173205,0.14029695,0.05876318,0.15002371,0.74645406,0.25091922,0.13581422,0.025260376,0.58480906,0.037496362,0.13974983,0.16995257,0.09961138,0.10485189,0.20146246,0.01990129,0.14084435,0.9790678,0.09777044,0.036148086,0.0509509,0.17782216,0.17895089,0.02491371,0.13183457,0.012559682,0.1273759,0.3114283,0.22618195,0.035274606,0.049826004,0.116594344,0.042489536,0.5779861,0.44175768,0.14262436,0.13564773,0.6709455,0.3980978,0.6574548,0.14015129,0.027544046,0.3216346,0.2712611,0.008106524,0.4294982,0.268932,0.061043076,0.13341439,0.09853041,0.28269845,0.2531874,0.016881073,0.22146347,0.15741722,0.05086453,0.38338983,0.13600746,0.020927787,0.5777693,0.118188076,0.41241467,0.76527286,0.4838071,0.38411433,0.11605322,0.002872116,0.049686633,0.059544347,0.16189313,0.010281596,0.7733422,0.6127906,0.043809526,0.10725191,0.062176205,0.26473147,0.4050234,0.1614625,0.47709677,0.42170507,0.07886269,0.6346252,0.21559298,0.095276624,0.07548846,0.805128,0.16466999,0.35716802,0.12795322,0.646087,0.7088224,0.17290935,0.09784582,0.95479524,0.098224446,0.18423873,0.039153967,1.4739361,0.93124425,1.0143385,0.551782,0.51071197,0.050824225,1.3147185,0.44940776,0.277003,0.23672181,0.2095963,0.035584755,0.13331498,0.12699683,0.6400906,0.8664876,0.09377743,0.26151103,0.35807747,0.0,0.853016,0.2583105,1.0778629,0.61650974,0.81090903,0.18915007,0.0061788447,0.30533385,0.39207327,0.53925717,0.0698365,0.36128092,0.23338667,0.2372303,0.34419394,0.4728349,0.02523483,0.8763659,0.17681351,0.124892615,0.42437035,0.10028038,0.6346001,0.09148289,0.3382812,0.4436767,0.3208204,0.29361218,0.06802549,0.80550003,0.5003338,0.37085423,0.21923819,0.46167216,0.52838874,0.46626776,0.124298535,0.48242104,0.2941085,0.7242982,0.33644912,0.3048535,0.32919636,0.5922073,0.30409685,0.54204094,0.25702003,0.17740372,0.44339675,0.5295144,0.18147334,0.7616835,0.12806815,0.90695477,0.29159915,0.30545747,0.25024402,0.6076895,0.0643201,0.10605267,0.4917867,0.15177116,0.0,0.042624157,0.30366462,0.06789541,0.06666577,0.06264353,0.46080345,0.63651633,0.18234213,0.04501821,0.51392424,0.10943315,0.023797628,0.07014477,0.7242292,0.17856088,0.6494266,0.6814953,0.573359,0.5626284,0.62123626,0.22733758,0.07169648,0.410277,0.13637394,0.99074554,0.023671133,0.351517,0.31143266,0.10214838,0.82620966,0.3538199,0.14199995,0.8841548,0.02063651,0.45565796,0.20337,0.07690348,0.47266114,0.07949495,1.1078925,0.2062886,0.02732318,0.4595399,0.8966571,0.23502299,0.32153857,0.40885645,0.1471937,0.049077407,0.42063308,0.61682796,0.025533736,0.3797455,0.06733684,0.028320786,0.29424867,1.6877687,0.41945177,0.7594623,0.52121156,0.6034454,0.0,0.34121656,1.2275243,0.98608387,1.0037663,0.72782063,0.098356545,0.18105249,0.43242347,1.168459,0.43608755,0.43809998,0.26180923,0.46552834,0.071717754,0.08415601,0.01917861,1.4640352,0.30833477,0.56489223,0.2552925,0.012816369,0.32273656,1.9199169,0.065477505,0.6943604,0.29452366,1.0549769,0.56380725,0.5066436,0.7507683,0.05814314,0.321175,0.28158012,0.74722195,0.36818123,0.0,1.2054836,0.059107788,0.26104712,0.67957884,0.06946632,0.030730097,0.18272594,0.08986817,0.6358086,0.77084106,0.26630858,0.45530325,0.25837725,0.9006212,0.08812686,0.06900174,0.07524953,0.30855045,0.056615707,0.11207311,0.30413097,0.35837835,0.36875695,0.7190685,0.7014301,0.2103219,1.1691182,0.45110703,0.51398623,0.074236885,0.45118982,0.09296906,0.5575783,0.45997578,0.98925453,0.008621521,0.6476187,1.289197,0.221705,1.4618752,0.20165399,1.3000388,0.2016538,0.71327376,0.14264415,0.81667054,0.7267884,0.42768854,0.4963061,0.07562648,0.10911354,0.52861744,0.4293547,0.076704875,0.20163679,0.7100427,0.9899756,0.022590458,0.09663892,0.2566524,0.047155026,0.023005802,0.06886499,0.5564488,0.21379806,0.0,0.38888544,0.36256063,1.2149515,0.22463986,0.35225514,0.29677325,0.6491488,1.0223137,0.6693983,0.113188684,0.1865449,0.21708898,0.051440638,0.061082564,0.5694134,0.42585498,0.65673494,0.8504703,0.27287707,0.026796129,1.5854874,0.5735067,0.801612,0.59083396,0.40746877,0.1793973,0.1560688,0.3971572,0.5217515,0.06578599,0.47004855,0.08031714,0.10749331,0.4624782,0.47437656,0.4504181,0.77818525,0.10157019,0.02359101,0.01758522,0.5388366,0.37275803,0.023734145,0.046971135,0.7689847,0.50699306,0.6825359,0.12804492,0.40402412,0.3120938,0.67229694,1.2401175,0.64277273,0.2893264,0.3692429,0.0024022125,0.16167709,0.07306025,0.8738706,0.59753466,0.18027014,0.026012339,0.01310645,0.52545065,0.20848551,0.4948911,0.064985685,0.23636462,0.5152823,0.2386372,0.28368232,0.61962545,0.9274684,0.4478833,0.13502651,0.74389344,0.28453615,0.47700298,0.21889058,0.047789343,0.35634422,0.39113593,0.020383436,0.5542994,0.62490624,0.41439152,0.60042906,0.047938593,0.11913735,0.6015651,0.3276473,0.50174797,0.9416487,0.38306203,0.23545268,0.35812765,0.86001426,0.9592712,0.30475572,0.03810782,0.40806425,0.48292288,0.08105008,0.04082144,1.188319,0.32200116,0.8162747,0.24121453,0.19475126,0.29454395,0.31433064,0.27778625,0.32836932,0.53716147,0.5179106,0.54201305,0.03224465,0.14194947,0.024585377,0.040848717,0.99758637,0.004030954,1.2803776,0.06947073,0.26721042,0.053134732,0.35220248,0.086529985,0.32950667,0.19172361,0.08283291,0.35736555,0.070450455,0.005120839,0.813885,0.10185224,0.25052395,0.5492262,0.69427395,0.43540847,0.07940003,0.569301,0.011862622,0.76584315,0.31701398,0.41913688,0.35077566,0.5442851,0.45798323,0.38140574,0.16907115,0.41011834,0.23061296,0.089647464,0.8577657,0.65281934,0.23013933,0.259766,0.74406874,0.47605065,1.7851334,0.07396877,0.3295763,0.027102873,0.1346897,0.71403694,0.29119903,0.014691209,0.022760205,0.15667358,0.058179833,0.10634565,0.11035336,0.09066528,0.12864259,0.4810421,0.0903727,0.11017732,0.8252807,0.31522954,0.058033094,0.22724532,0.08793321,1.0291232,0.9316514,0.47090024,0.48196,0.8778521,0.38300502,0.76076937,0.22426519,0.31805918,0.045614798,0.55206,0.14633507,0.5751562,0.72318447,0.48025015,0.061222337,0.10239492,0.76189536,0.30121946,0.48182598,0.21730769,0.027155463,0.26833913,0.31334555,0.43054906,0.40558523,0.28725493,0.6174907,0.12238626,0.40469748,0.64917135,0.06507683,0.45152438,0.1332345,0.73729855,0.13343155,0.18669532,0.34870887,0.0009316802,0.64784133,0.7149489,0.16835424,0.59367526,0.61145926,0.045574203,0.9826735,0.31648955,0.78998345,0.06725302,0.1654816,0.08460827,0.1645085,0.39080107,0.5684724,0.19012278,0.082103744,0.08139291,0.0039903866,0.48682278,0.3835253,0.3532076,0.045038953,0.07535706,1.5180361,0.01177166,0.3205547,0.8661929,0.87488353,0.37118983,1.0482826,0.54045075,0.87154645,0.24849793,0.47164077,0.026431406,0.21709606,0.60008514,0.86912626,0.7692331,0.106796965,0.4604036,0.2137847,0.013898457,0.32110184,0.19768173,0.5920632,0.13504025,0.3256168,0.06068367,1.7552072,0.2444499,0.12868796,0.285954,0.60416967,1.3548691,0.23922914,0.86971426,0.41619527,0.81761444,0.39525265,0.5014829,0.25888819,0.17596069,0.09351839,0.03532034,0.11922099,0.010724847,1.0438726,0.03464869,0.29296094,0.31366327,0.30791056,1.0237488,0.24267665,0.14548561,0.64699984,1.1480021,0.13541357,0.42405888,0.22824606,0.10934712,0.10138708,0.48179877,0.42458475,0.22386691,0.30763397,0.22304137,0.38956675,0.15078297,0.35704783,0.64389694,0.6548447,0.16611904,0.61375785,0.9923451,1.0846478,0.0018916337,1.189934,0.06225043,0.6885771,0.4139086,0.12476974,0.12989977,0.816902,0.009315185,0.555362,1.1528122,0.40809798,0.26431298,0.4286614,0.0,1.1648767,0.084573396,0.48018214,0.08844821,0.63000447,0.284075,0.3788442,0.8671804,1.1906936,1.1729127,0.053961523,0.059834167,0.269388,0.22956985,0.4150505,0.3831315,0.34187698,0.26502886,1.5217731,0.0085591115,0.16053522,0.59707904,0.029585192,0.6662115,0.05329457,0.33676532,0.7031251,0.5978894,1.919342,0.6282792,1.0260994,0.8110615,0.72795624,1.0561588,0.55724365,0.0543429,0.22669171,0.16376816,0.30714518,0.6261401,0.07439846,0.013625678,0.24811986,0.32544905,0.8398765,0.08110821,0.6667813,0.006866622,0.23243451,0.31240827,0.12007724,0.18419123,0.1567401,0.3438074,0.6607739,0.44893616,0.25882664,0.089293644,0.36467695,0.5848028,0.26579994,0.6281726,1.08565,0.11281172,0.49487007,0.2690713,0.36975,0.723456,0.354953,0.33778265,0.4741337,0.49705052,0.35529006,1.6134554,0.055342082,0.43294296,0.16303813,0.48477095,0.072404794,0.44539505,1.1909987,0.84821105,0.57492507,0.4521722,0.39499506,0.79216474,0.6147294,0.2774319,0.40540564,0.64824784,0.6444562,0.03659214,0.4326322,0.5643925,0.38921183,0.9506866,0.3512067,0.68667805,0.07739435,0.12628648,0.4659654,0.4966411,0.17668164,0.34266996,0.66246915,0.22754416,0.69688094,0.1649146,0.6154916,0.43735173,0.1636805,0.5854609,0.5274358,0.6056645,0.032942835,0.24635625,0.32409698,0.36812818,0.4636186,0.49452704,0.0153793935,0.7095924,0.25487047,0.058217198,0.16756359,0.22642893,1.0180476,0.2192697,0.6387682,0.35209358,0.13382596,0.20839283,0.7771412,0.40188462,0.69204885,0.8649785,1.0395386,0.49165386,0.2989292,0.45204896,1.2537279,1.2230225,0.06312745,0.4388634,0.26521838,0.15322937,0.082074635,0.27087224,0.2976961,0.040069655,0.16170657,0.38957626,0.19475931,0.047689244,0.24371961,0.07814839,0.24996375,0.24621965,0.6762945,0.5024232,0.69513434,0.32780775,0.34170592,0.23213218,0.11692796,0.30109107,0.529979,0.25602016,0.99502,0.33385026,0.15655589,0.0023300762,0.4655469,1.2519157,1.2160108,0.14273444,0.01925572,0.7449045,0.32575727,0.6501634,0.41878012,0.2969753,0.19713472,0.5058648,0.20500498,0.9218255,0.610372,0.1985451,0.33019155,0.1640694,0.428792,0.94101197,1.1168214,0.04989259,0.6707157,0.6015183,0.12790121,0.67291033,0.56724733,0.19925462,0.3239014,0.31961983,1.9949689,0.41882238,0.11308275,0.119210474,0.2249348,0.0,0.5167944,0.14640038,0.02008595,0.2300477,0.86113477,0.32148188,0.27566078,1.2687029,0.73610556,1.4701027,0.015041284,0.72797424,0.2068966,0.2732433,0.06164702,1.2668221,0.0,1.4940836,0.43884623,1.8497376,0.2669598,0.16480619,0.48911816,0.86607885,1.1590424,0.47261643,0.45565295,0.4416699,0.34495988,0.33314162,0.445193,0.82403976,0.37911567,0.13364752,0.068445325,0.0,0.44383824,1.1442273,0.10894163,0.105515346,0.84133226,0.43101978,1.5120654,0.3950976,0.2773947,0.1872167,0.7314951,0.06745752,0.03383131,1.1008344,0.4328816,0.54616225,0.9479122,0.5011798,0.09451162,0.449185,0.6823614,1.7000167,0.42507806,0.005199586,0.4458199,0.42890608,0.48958862,0.3044325,0.78611726,0.18714671,1.7851732,0.21872106,0.18048248,0.17788547,0.4243164,0.30934715,0.0,0.16353804,0.3337527,0.022484045,0.4248544,0.1267224,0.018257834,0.7661242,0.2502063,0.23001844,0.440143,0.37600186,0.2825241,0.09234832,0.6925557,0.592148,0.09609245,0.11717976,0.6591301,0.1680943,1.257957,0.366312,0.34562755,0.5950564,0.9276879,0.16713998,0.33411855,1.5983772,1.0100719,0.51268196,0.18186107,0.2995435,0.15370403,0.57303166,0.338561,0.059610568,0.11310881,0.69316065,0.34905255,0.3701471,0.82059145,0.52149665,0.14119966,1.0844822,0.46370512,0.5547786,0.0098336395,0.15825176,0.783661,0.42585653,0.034538396,0.35485935,0.5201455,0.026727684,0.6164534,0.955331,0.17530659,0.08248517,0.49576858,0.22155085,0.023531072,0.12988438,0.20676747,0.25336492,1.6826868,0.4585093,0.6261233,0.24585691,0.16766319,1.37721,0.8924446,0.6622752,0.2597127,0.079610355,0.1459817,0.6279886,0.5081128,0.6777457,0.04792945,1.0375756,0.01080731,0.66435456,0.60966563,0.17354897,0.5124192,0.03716705,0.9931639,0.016369551,0.030535031,2.0016348,0.57209563,0.76786494
0.13116029,0.13214928,1.859618,0.4977249,0.4917887,0.15471357,0.2215222,0.5486413,0.13927828,0.83619577,0.8138784,0.017568007,0.3358592,0.47003782,0.24492769,0.0832769,1.1364615,0.13243273,1.5067441,0.6627437,0.6710613,0.28646797,0.72530466,0.050644547,0.15563336,0.034305386,0.3435574,0.62316334,0.21863988,0.16245283,0.13328497,0.59652466,0.23215365,1.312696,0.9164431,0.11809236,0.033373006,1.0517721,1.1581299,0.092116036,0.055565413,0.23027831,0.18574959,1.1563311,0.44644457,0.048734188,0.06455068,0.43562102,0.5801467,0.23427796,0.28343314,0.31768277,0.07613073,0.25673038,0.03904708,0.019893395,0.13086182,0.5732715,0.2838877,0.49360391,0.03508015,0.19009045,0.45252705,0.41657427,0.036662895,0.51254743,0.090380386,0.14976093,0.27430588,0.12694682,0.027201163,0.49408108,0.20829235,0.04213739,0.16227767,0.20310484,0.34168178,0.071085125,0.10661898,0.31065172,0.8522514,0.10588858,0.3661027,0.2155749,0.07403445,0.44639742,0.16748436,0.076651126,0.1396358,0.37143928,0.23442054,0.18638958,0.006283402,0.23750126,0.33893776,0.9660438,0.05843713,0.43164784,0.042277787,0.69375885,0.18457496,0.7924094,0.47019643,0.08593364,0.053378522,0.24061453,0.8638572,0.40308073,0.46028876,0.26806074,0.11520691,0.7213712,0.063463554,0.08532213,0.84384286,1.221566,0.07176921,0.59195113,0.17271918,0.41462713,0.060706157,0.2051475,0.30753738,0.39530265,0.4073189,0.118731014,0.41662994,0.5477848,0.5724203,0.29898813,0.09442637,0.5650095,0.1389372,0.16320112,0.17994079,0.08608371,0.038744617,0.13790546,0.16518845,0.31143677,0.39332378,0.4266863,1.7337878,0.7031434,0.5596914,0.13453794,0.6098092,0.05526428,0.41835642,0.11723747,0.019151837,0.4432266,0.40622228,0.15820625,0.34795436,0.017913725,0.1771825,0.14409646,1.079093,0.17274621,0.09649015,0.6028979,0.6244774,0.3764243,0.08646725,0.1539765,0.30865467,0.55897844,0.06412191,0.26582736,0.07520425,0.5136876,0.23895162,0.20938298,0.021711363,0.15848085,0.7844329,0.31434134,0.5460763,0.069787785,1.2874258,0.6031785,0.2608208,0.11816572,0.5682696,0.15105203,0.45075166,0.3156581,0.72621155,0.13043322,0.04891576,1.0656691,0.046635572,1.0443099,0.2450881,0.126766,1.1198874,0.26950136,0.54405636,0.10587124,0.20058249,0.0937193,0.2996853,0.41527295,0.23365718,0.01733756,1.5519941,0.41553658,0.12724233,0.14587048,0.34704858,1.4144955,0.32650435,0.98478544,0.575572,0.58532774,0.5963255,0.1145428,0.2501369,0.3813069,0.33314535,0.16495408,0.6805565,0.433638,0.25777757,0.48192602,0.32367343,0.18413594,0.0021768806,0.2003642,0.25294688,0.20063104,0.01875218,0.23707408,0.005324001,0.35753143,0.11429177,1.1699203,0.027124397,1.0451862,0.1250385,0.7351828,0.11926658,0.43181276,0.17441666,0.15269384,0.1956003,0.5940759,0.044891365,0.39354268,0.21425079,0.47228426,0.052900873,0.1824005,0.028327355,0.07776856,0.36417368,0.14410853,0.2887928,0.63554513,0.05961916,0.66543114,0.075531974,1.0024223,0.028481126,0.02213126,0.17176068,0.63524383,1.4845188,0.0021808161,0.4936846,0.29384133,1.5966767,0.4374415,0.07632823,1.1155285,1.1642892,0.29776743,0.07539973,0.3317259,0.44220972,0.17556614,1.6436745,0.44560757,0.42499346,0.04474006,0.26813662,0.87690663,0.4505503,0.10659748,0.18969482,0.5857212,0.36841244,0.5024285,0.23958632,0.33373344,0.28914183,1.0634971,0.33048874,0.54756576,0.25093633,0.46358612,0.634331,0.6277499,0.69369775,0.17444181,0.14993766,0.10569237,0.5729666,0.03887751,1.0519438,0.2581283,0.09124785,0.10670505,0.3683479,0.13000266,0.26233527,0.47149736,0.3999595,0.75833106,0.31986386,0.070935085,0.13014127,0.089071676,0.20027071,0.028468944,0.08408005,0.14239228,0.25460318,0.25395626,0.36879694,0.4071417,0.1818035,0.0051769484,0.17112751,0.60898423,0.081944644,0.23382002,0.21490398,0.11274739,0.6955023,0.11319532,0.111951,0.22757763,0.039120503,0.11122099,0.9311614,0.19930919,0.9103042,0.18057287,0.23053488,0.246273,0.03351476,0.23018974,0.124746665,0.032900833,0.3539998,0.062023018,0.1293121,0.7374129,0.11101812,0.42063484,0.07079779,0.29010558,0.02180202,0.25099427,0.05072029,0.58882856,0.004353772,0.09884423,0.36138633,0.084236786,0.16524008,0.14943807,0.10181846,0.3949519,0.23565319,0.012641791,0.14946434,0.47389764,0.1418437,0.06556693,0.20129526,0.04068664,0.06201138,0.18277696,0.00090521324,0.036225848,0.2845779,0.024272315,0.04512436,0.11686881,0.42476052,0.20427278,0.20515886,0.16892703,0.9483265,0.35312155,0.2965803,0.17557058,0.27178618,0.007009642,0.39794022,0.28453904,0.029798219,0.32660255,0.19401117,0.08256772,0.3820544,0.22930117,0.081162676,0.07848968,0.1596861,0.17818016,0.7551411,0.0964235,0.06829806,0.8686579,0.40749997,0.08684836,0.035486415,0.7532604,0.31550816,0.38216922,0.9338045,0.3253482,0.09432415,0.8686158,0.10762121,0.053603545,0.37757164,0.19347398,0.3476858,0.018932562,0.6171487,0.12047379,0.31693673,0.63828534,0.08880196,0.5813856,0.47943765,0.31820652,0.13824046,0.04720178,0.03819814,0.07140483,0.090305895,0.08369913,0.035104312,0.27493206,0.33517346,0.09537165,0.14350525,0.3216862,0.12173727,0.07076275,0.20087805,0.10194786,0.10088177,0.2962485,0.6251277,0.06261946,0.4319203,0.09447177,0.19367673,0.44242302,0.09448007,0.06643428,0.11658083,0.0061016264,0.00023334874,0.15716091,0.26310447,0.3742119,0.0042496575,0.45428687,0.11983284,0.36878005,0.0059329695,0.09134276,0.3183823,0.083314605,0.5229154,0.0039271438,0.013313606,0.39691693,0.111409076,0.041626252,0.45126864,0.032316927,0.12784293,0.05809994,0.10293616,0.19871396,0.3673848,0.109952986,0.15495251,0.056268282,0.662755,1.372225,0.5318314,0.34864268,0.040413305,0.114784054,0.51385283,0.36602372,0.2223871,0.017679898,0.5119655,0.13231555,0.21943773,0.60335726,0.3703785,0.1904163,0.16218027,0.1347902,0.09874411,0.38423315,0.08000535,0.37132597,0.07178359,0.07423567,0.008406072,0.057570606,0.029620351,0.03035544,0.3014102,0.16260877,0.26341856,0.625808,0.18518329,0.17747438,0.870293,0.4493322,0.6437675,0.25998434,0.49385315,0.010620059,0.09992252,0.093637824,0.53339857,0.6308582,0.033898048,0.1410198,0.2673218,0.29743844,0.04384274,0.027243212,0.2709475,0.52799344,0.42058736,0.48883897,1.1015949,0.21161252,0.34951687,0.05856189,0.13303292,0.14606611,0.57561654,0.79350626,0.09689389,0.26402986,0.055763308,0.5790578,0.65391505,0.9932195,0.78155255,0.27174544,0.6144855,0.4822891,0.89594877,0.007778644,0.24326518,0.021636918,0.35954016,0.56272435,0.0991249,0.9925928,0.31613046,0.2830923,0.09938735,0.39801174,0.30750445,0.26231673,0.023844527,0.24811119,0.113663875,0.20703894,0.018457942,0.015263844,0.117591575,0.1535185,1.1349041,0.36559546,1.2112024,0.9786926,0.1114381,0.14991236,0.073042005,0.11330478,0.06212114,0.031768285,0.18679021,0.8403951,0.09146652,0.02622966,0.4760244,0.38264486,0.15480152,0.105386436,0.19104967,0.17193866,0.03581495,0.13349313,0.122552365,0.12981038,0.40335166,0.105920866,0.04638415,0.16596277,0.25851065,0.39549014,0.19023621,0.27219874,0.011313148,0.10968915,0.32762653,0.24685432,0.07915051,0.3531229,0.020210862,0.35416955,0.22125097,0.025923587,0.0626791,0.24624276,0.4405934,1.0062628,0.666552,0.14793351,0.23037343,0.13290529,0.26405323,0.44304305,0.3019231,0.14612795,0.33749986,0.35872707,0.009430688,0.16571578,0.08138567,0.310043,0.44132143,0.009634483,0.030796643,0.2801814,0.15978085,0.111218974,0.13458148,0.37539887,0.16288519,0.25475284,1.0080816,0.31567872,0.22626376,0.06216616,0.19690245,0.06710512,0.16639067,0.09861463,0.49509016,0.097976446,0.0235915,0.08645195,0.42087036,0.12767757,0.125769,0.22282702,0.007799963,0.015738888,0.5559404,0.05976492,0.9523097,0.28312308,0.008434759,0.3405595,0.037133858,0.059191853,0.49787357,0.041257598,0.017165575,0.19830193,0.051610906,0.244128,0.17615493,0.77745837,0.31675193,0.1530226,0.15706402,0.042644687,0.57368827,0.6933795,0.18161392,0.25527614,0.25970533,0.08721505,0.05618091,0.85862046,0.25401598,0.23042017,0.030182242,0.0017261258,0.7011095,0.52252185,0.06989016,0.63955355,0.37467232,0.13758913,0.36876407,1.0084064,0.106875055,0.32326907,3.3792415,0.30534905,0.5466908,0.5056783,0.4567722,0.4565485,0.072094515,0.12747133,0.23040831,0.028855976,0.48296043,0.110240504,0.0552039,0.77910376,0.19104666,0.178467,0.13745844,0.18044409,0.0025504965,0.024248844,0.033647418,0.0033775708,0.62830067,0.04220154,0.02372085,0.46375582,0.12590383,0.8102241,0.18309638,0.027145289,0.7216824,0.13783991,0.38088065,0.06319511,0.10714877,0.11247957,0.11975854,0.42931038,0.32072684,0.27896073,0.043866817,0.006633885,0.15576923,0.11829513,0.081636705,0.13507709,0.29161122,0.31566364,0.31798166,0.18418819,0.115046605,0.09546708,0.3856583,0.009734185,0.20832868,0.054748833,0.5065396,0.060125705,0.20933297,0.36111382,0.49840063,0.08666085,0.092470184,0.58920145,0.24230582,0.2468332,0.09701368,0.25741634,0.2053648,0.32692835,0.28575155,0.005148646,0.39606932,0.13842979,0.0020374225,0.10702091,0.4230224,0.16942231,0.18075156,0.13593626,0.11264463,0.3527934,0.51795423,0.11056478,0.13407913,0.08486699,0.09642775,0.5683497,0.47355497,0.04584786,0.030563,0.06095572,0.01894664,0.16735396,0.62726337,0.5843084,0.09462614,0.107842565,0.08988015,0.5156617,0.5620258,0.044370137,0.068067424,0.15321103,0.113869995,0.031393766,0.7407881,0.43771484,0.05982032,0.9623585,0.3417062,0.10597492,0.30684224,0.25055373,0.2583002,0.095176205,0.18792026,0.14831576,0.29359654,0.2625063,0.22336785,0.05927422,0.028908826,0.59832317,0.07118852,0.13436215,0.41412753,0.60936713,0.3910938,0.14902104,0.08064233,0.5789247,0.31402344,0.081328325,0.14668724,0.5489851,0.13608561,0.35981756,0.10193449,1.2336152,0.58151376,0.5780327,0.20121677,0.48317865,0.13616952,1.0264809,0.25030792,0.19134822,0.0,0.14770362,0.10954067,0.1492193,0.10828579,0.020433737,0.062216856,0.17600527,0.20137191,0.035283178,0.26536036,0.09249854,0.07415277,0.39094794,0.05321543,0.08291277,0.285823,0.095104784,0.39569253,0.38340706,0.014389369,0.0050678393,0.27596968,0.22603513,0.20524475,0.38412762,0.21742997,0.27009833,0.011495106,0.45047283,0.5337228,0.09307061,0.59487665,0.51433593,0.080905154,0.13778159,0.13421369,0.20138353,0.023707781,0.13415332,0.1686203,0.020570872,0.13957459,0.37967443,0.0,0.10595392,0.43877843,0.17410815,0.08460945,0.0592589,0.26575738,0.038928896,0.025396595,0.16256833,0.23838136,0.6515955,0.08530998,0.6307029,0.23936132,0.1466333,0.07477403,0.32183534,0.36358494,0.026589163,0.6316234,0.17655009,0.19882904,0.10439691,0.035968814,0.10053544,0.5030986,0.077543184,0.26313275,0.25327128,0.13116859,0.039021444,0.13329092,0.09858969,0.076462865,0.31363428,0.49430296,0.6006302,0.1077123,0.49121803,1.0653458,0.4151466,0.70235205,0.33830842,0.04017072,0.1305011,0.9271158,0.31543303,0.3146495,0.036524825,0.42268133,0.19988087,0.0041489927,0.12819566,0.04413238,0.7450113,0.36805514,0.24568373,0.53841466,0.38513952,0.00029137047,0.668831,0.43219402,0.059552293,0.09138652,0.70542085,0.2461509,0.26419187,0.24682698,0.06944714,0.20436803,1.2008305,0.012422789,0.93994164,0.078562744,0.045764398,0.003949883,0.2959351,0.054135825,0.06066101,0.130488,0.3734424,0.37140012,0.41672325,0.10883033,0.02235588,0.24968794,0.8575673,0.22988439,0.17544857,0.047362134,0.61772585,0.076884486,0.14213234,0.19673818,0.09544714,0.09490976,0.20724264,0.03164965,0.11783108,0.9627559,0.07509647,0.046661902,0.09235208,0.11406519,0.20159166,0.006772035,0.1372898,0.019889522,0.101618014,0.41991752,0.18731314,0.0520229,0.0576657,0.13587719,0.0504833,0.5982357,0.35761595,0.15951374,0.12272376,0.5608352,0.30115566,0.654065,0.19130711,0.045356616,0.29674518,0.28680116,0.017445402,0.3963433,0.21831152,0.096304566,0.19849156,0.09718845,0.17332982,0.18179588,0.028679185,0.2492541,0.12702015,0.022428567,0.34179148,0.12017851,0.05307824,0.5619477,0.14604703,0.37852508,0.6985594,0.47968116,0.38956147,0.116599426,0.0017236699,0.051258277,0.08668266,0.17592545,0.032896698,0.7501675,0.34963456,0.03212045,0.09917711,0.06266551,0.24596912,0.3344534,0.18003754,0.5038452,0.4020757,0.045316916,0.62306064,0.1634092,0.060007744,0.08782557,0.6284965,0.1722573,0.29645458,0.104629286,0.39172742,0.61123836,0.13657355,0.1027952,1.0259072,0.11856677,0.22221036,0.031396993,1.5308008,0.9712449,1.0770781,0.5358038,0.5889752,0.057272602,1.2336468,0.46928874,0.20967507,0.20308888,0.122251645,0.04981158,0.19108738,0.16270772,0.72618884,0.96911097,0.11820324,0.26996183,0.2746886,0.00096738286,0.84397274,0.26314554,1.1139727,0.6007293,0.73324114,0.14063326,0.012391266,0.34357002,0.35737073,0.5496225,0.0711607,0.38700807,0.24527067,0.1839351,0.28164634,0.52127486,0.004938458,1.0001271,0.20725727,0.092052065,0.44555786,0.08383992,0.8087685,0.08159268,0.26315388,0.45673907,0.44977504,0.33076355,0.111657456,0.79619783,0.5941185,0.4501407,0.20447822,0.5955268,0.5614835,0.62362385,0.09761845,0.37411636,0.4149515,0.78063655,0.3039149,0.3188455,0.32062688,0.6833366,0.3945561,0.5789831,0.2650918,0.21247548,0.34045562,0.6521287,0.09911108,0.82515645,0.15691257,0.97308385,0.3604078,0.3704555,0.311527,0.7583945,0.0938402,0.054274444,0.4773236,0.089041844,0.0,0.035365693,0.28349635,0.07560126,0.09372607,0.07199263,0.489167,0.51695484,0.1930967,0.038549922,0.5432033,0.07805603,0.01565164,0.08376813,0.78153217,0.20957926,0.5525027,0.659703,0.6937369,0.5865885,0.5513501,0.16077688,0.048088983,0.3938169,0.074117586,0.91403866,0.052287232,0.29854816,0.37168068,0.093218625,0.7726525,0.3847136,0.12347051,0.9377835,0.027294353,0.5674685,0.18963832,0.08444395,0.40397584,0.037185933,1.0313421,0.2647775,0.04751673,0.43244871,0.78720057,0.37106127,0.39307052,0.3633681,0.20595826,0.055309426,0.33650386,0.596461,0.0256421,0.37753075,0.06554848,0.048300244,0.2879548,1.7239002,0.44870555,0.81816185,0.53310674,0.63264877,0.0,0.26805106,1.419414,0.9096645,0.9011677,0.69582695,0.13128981,0.23122789,0.4121051,1.244271,0.51208663,0.6351265,0.19056696,0.568915,0.059150122,0.05796071,0.040011898,1.5380454,0.27712286,0.68355215,0.21239653,0.008151888,0.40044641,1.8755274,0.1260926,0.612962,0.17102757,1.0501059,0.61627424,0.39369905,0.9675293,0.027020076,0.5059099,0.26134765,0.6626135,0.34347337,0.0,1.2697171,0.06812602,0.32433674,0.76396626,0.028001314,0.008388158,0.2384076,0.12294994,0.67626214,0.85459596,0.27255836,0.30493426,0.2295671,0.9926004,0.12244335,0.069359854,0.09901472,0.35320312,0.055169158,0.10474706,0.33720392,0.46612146,0.38417718,0.82052445,0.6563861,0.19593419,1.0301669,0.5152466,0.4702431,0.09515095,0.35527575,0.10083392,0.6688156,0.5140199,0.92376065,0.03556706,0.6866951,1.407167,0.23149973,1.4684242,0.13789631,1.432915,0.27686316,0.7032146,0.24750565,0.8241873,0.7866843,0.5176846,0.4319447,0.042206787,0.10596587,0.48316887,0.3541723,0.10636466,0.16805306,0.59316933,0.94977903,0.06787645,0.10233615,0.29224327,0.03906239,0.059534337,0.10057073,0.46717817,0.3490036,0.0,0.4752784,0.32265013,0.99916494,0.33027872,0.21648791,0.3873375,0.5452233,1.0427537,0.5305368,0.06265845,0.1601611,0.16671003,0.061137315,0.037744068,0.47430664,0.5043045,0.74312925,1.0274422,0.21947809,0.012584381,1.5707066,0.5338944,0.83674276,0.6996988,0.46161556,0.21833324,0.15023519,0.3561798,0.54479825,0.043354817,0.5190836,0.08987947,0.12866646,0.5855994,0.5093538,0.47220248,0.7002561,0.11263816,0.0037036887,0.017023534,0.5731096,0.27661836,0.027276477,0.049122714,0.9676279,0.46782988,0.4984266,0.17466138,0.38095006,0.38537052,0.73262835,1.3919873,0.8319578,0.27623436,0.45080227,0.01678183,0.13618201,0.08845204,0.7653012,0.5726128,0.17073476,0.029345904,0.023803052,0.597917,0.25197068,0.5444595,0.08853956,0.24674673,0.50613785,0.2787429,0.2149344,0.612499,1.0620062,0.34119937,0.18458953,0.8081385,0.28072,0.5538789,0.18889529,0.07982907,0.50874114,0.37365347,0.049466792,0.6049869,0.6697403,0.33549106,0.5307398,0.07884994,0.08257875,0.5403807,0.2184546,0.6531166,1.176054,0.29235792,0.22931205,0.4030391,0.83174247,1.0102906,0.29546916,0.023680612,0.4309128,0.5079961,0.050779257,0.04095565,1.2202305,0.2533853,0.7487457,0.20001009,0.20974943,0.29782754,0.2974413,0.25720793,0.31873643,0.49925297,0.62864876,0.507612,0.019989988,0.12273801,0.0265588,0.033892624,1.139357,0.0013582999,1.2869138,0.030513361,0.39737725,0.047390655,0.4312513,0.099138245,0.14831078,0.19962665,0.07214554,0.3914414,0.10908836,0.007575908,0.7908437,0.07662152,0.17486426,0.4545583,0.8555285,0.3258457,0.07024006,0.52972186,0.011026024,0.6306855,0.3275419,0.47783923,0.3315281,0.42950162,0.5472059,0.40616205,0.23607269,0.37437797,0.19713643,0.14135695,0.8522227,0.6775142,0.3099414,0.109437525,0.7756293,0.480882,1.689917,0.068899214,0.3377636,0.017652227,0.14100692,0.60308874,0.33637285,0.021007545,0.026823474,0.25390327,0.031221185,0.089904375,0.1325222,0.087337025,0.069945544,0.41754818,0.056162015,0.07565449,0.9678926,0.28507262,0.07047689,0.16994864,0.0897637,0.9571861,1.0862896,0.5492091,0.42640632,0.833313,0.4350325,0.7495985,0.2545183,0.24816614,0.033163317,0.5161561,0.1331133,0.6675633,0.8465115,0.29358205,0.036023438,0.12511069,0.73405373,0.2944052,0.5508778,0.19064488,0.030839698,0.26725912,0.22802918,0.61727333,0.34357437,0.3172051,0.53822315,0.16858172,0.52346444,0.7439685,0.07084467,0.37938157,0.1171213,0.74921846,0.1286195,0.19950467,0.4451074,0.0,0.5362237,0.8538745,0.07034953,0.6950159,0.64429367,0.039248172,1.1221454,0.2729323,0.7820163,0.07250739,0.22215955,0.0718701,0.11374277,0.36495763,0.6323899,0.19132397,0.10581001,0.1050486,0.0011342325,0.5795252,0.4627747,0.4662144,0.05203349,0.048309572,1.5397872,0.026911234,0.29651195,0.8858943,0.9883813,0.3977718,1.2598273,0.5169774,1.0713139,0.27091876,0.39288408,0.022931704,0.13695723,0.51940584,1.0796628,0.84981614,0.10719339,0.5788157,0.20634782,0.06594902,0.19711874,0.14337748,0.509643,0.21235672,0.29061234,0.053011715,1.6526823,0.31999934,0.121501446,0.35103205,0.71392274,1.1993618,0.26812837,0.7865207,0.47025847,0.62397176,0.38195413,0.5277872,0.20193295,0.23674569,0.1051282,0.0327114,0.18768841,0.0058447784,1.023985,0.038058564,0.37342545,0.2798213,0.38689968,0.9573059,0.25549203,0.14292774,0.65530914,1.364374,0.15444277,0.3076037,0.21165897,0.0699318,0.128312,0.5386291,0.42946753,0.23403145,0.18013883,0.27796373,0.37764707,0.114934705,0.3013977,0.6225644,0.7313732,0.25180072,0.7898156,0.9941782,1.0787907,0.0,1.0532279,0.11753907,0.5966936,0.33744788,0.07660742,0.0881959,0.80886674,0.0061938036,0.41899595,1.3460473,0.3645885,0.31319243,0.56021905,0.0,1.2573111,0.02259554,0.59013724,0.10948947,0.59388757,0.20015498,0.531987,0.9801085,1.1769791,1.1336832,0.05226039,0.03584759,0.25509423,0.19820203,0.4535976,0.444512,0.4131601,0.24559188,1.2856703,0.004744169,0.15369451,0.67755187,0.033267614,0.68629557,0.10301842,0.30701953,0.7681878,0.66959476,1.8882444,0.70033777,0.8158618,0.89559084,0.6466475,0.8668067,0.5701963,0.03611367,0.19367215,0.112857625,0.2723996,0.6862747,0.09184532,0.014925712,0.30403185,0.39346427,0.870878,0.1392492,0.53581846,0.0074863345,0.34675813,0.38532686,0.15127555,0.21863304,0.0934783,0.32390678,0.59309596,0.48840562,0.13829482,0.09686551,0.44988272,0.5931001,0.21251369,0.61291337,1.0346217,0.12599406,0.38994545,0.3265746,0.3592584,0.9101233,0.30836353,0.3865854,0.4184255,0.50596845,0.47691476,1.7629805,0.03716199,0.37432092,0.13344559,0.6367707,0.03369403,0.5020105,1.3746533,0.80936277,0.5951305,0.49674323,0.34153274,0.92740923,0.5320307,0.19418246,0.41472906,0.6364943,0.60620606,0.045717403,0.48553568,0.5698909,0.44179612,0.90094113,0.1969526,0.57704663,0.080770716,0.15140483,0.45915106,0.6566845,0.19377218,0.31243393,0.8198642,0.35877973,0.5687085,0.14642729,0.6221776,0.4874273,0.10540791,0.49136174,0.6585652,0.5951657,0.011598723,0.28459606,0.31262004,0.28191632,0.40912724,0.53328097,0.005099851,0.77976716,0.2246669,0.047992833,0.17447186,0.23990792,1.2772968,0.18952042,0.7149526,0.26018295,0.14379808,0.16781138,0.8278225,0.41699302,0.77365565,0.89563763,1.0634015,0.45381522,0.3432382,0.43620482,1.3764813,1.2439544,0.05667191,0.589525,0.32711777,0.21383739,0.12304396,0.30285978,0.3371813,0.035035875,0.18991618,0.3663556,0.12973088,0.029645823,0.2557748,0.0577892,0.22204772,0.28612807,0.7028841,0.4259522,0.80775267,0.3270667,0.32814306,0.3372898,0.08178297,0.2760681,0.6400136,0.23580858,1.047615,0.32710484,0.20380874,0.0008484529,0.4415933,1.2094574,1.1862001,0.18144995,0.013734687,0.5247449,0.47991613,0.48364708,0.2951145,0.2518546,0.24850428,0.64382064,0.2616254,1.0105945,0.4756557,0.29936674,0.36458814,0.13144153,0.3660013,1.0168595,1.102483,0.02824402,0.6404355,0.54636836,0.16147435,0.60716087,0.42524362,0.23350637,0.4295471,0.35375,1.9467918,0.4595078,0.11413582,0.19481641,0.2508465,0.0,0.47797513,0.18102163,0.038256846,0.1880064,0.8621384,0.47749487,0.230842,1.0771465,0.67032015,1.4002997,0.0032990123,0.6912742,0.22243737,0.37953186,0.064725086,1.3721049,0.0,1.4765904,0.42056182,1.9593923,0.33418727,0.18798533,0.48142907,1.0405807,1.1051668,0.30608305,0.4005891,0.4033981,0.3412172,0.35885632,0.4148128,0.7741437,0.4742272,0.1618987,0.09187782,0.0,0.4621581,1.1100875,0.11093945,0.09736504,0.9480954,0.4950586,1.6877286,0.3822304,0.32231784,0.14396712,0.88951594,0.083214164,0.07305094,1.1672487,0.42913836,0.47030646,0.97883487,0.56693333,0.08055217,0.3253093,0.5890924,1.7811446,0.4599282,0.012781609,0.3335939,0.46568626,0.5779834,0.26596022,0.79478854,0.22294874,1.867203,0.18102962,0.13810319,0.19835645,0.36268497,0.2139096,0.0,0.12778497,0.36521184,0.030192288,0.36887735,0.14893612,0.034138683,0.69060814,0.27446458,0.2557284,0.44949114,0.40750134,0.20715454,0.050437562,0.52402174,0.7173612,0.096011,0.074406095,0.6416367,0.18825,1.2171278,0.48849887,0.34676278,0.5912358,0.96107024,0.23715615,0.37538028,1.5973926,1.0803266,0.44049633,0.22811618,0.3436563,0.16212411,0.72184944,0.44267938,0.08903609,0.14332363,0.7641767,0.40055794,0.3655315,0.8620915,0.528842,0.141201,1.2400566,0.3995167,0.64051104,0.008410443,0.14672263,0.7719736,0.4262643,0.044587873,0.30767915,0.47310638,0.055090006,0.59206295,0.8066719,0.19916908,0.06960479,0.4846662,0.15491043,0.012077851,0.17615852,0.2790116,0.36053786,1.7761848,0.38856596,0.651565,0.3097497,0.15534315,1.297905,0.9294605,0.6014183,0.2001617,0.06706752,0.15456003,0.6981838,0.5419073,0.5494087,0.032275643,1.0482781,0.013564356,0.65276515,0.682405,0.21751547,0.5488392,0.043141622,0.9057674,0.011372309,0.03590015,1.9084074,0.5813666,0.69576025
0.12135798,0.11392838,2.010396,0.51858217,0.5225011,0.12184094,0.25073323,0.6011019,0.15043372,0.7732724,0.76368904,0.021446194,0.34420085,0.46935093,0.162045,0.06766936,1.1479632,0.14310545,1.5330809,0.7431295,0.6093941,0.23041558,0.6317422,0.02732677,0.19829299,0.03987802,0.32485268,0.6519418,0.24232574,0.12525961,0.11941747,0.629589,0.23891339,1.2333357,0.88022995,0.11201438,0.031772416,0.98933315,1.2179039,0.08525458,0.12535557,0.24206877,0.19036745,1.1672552,0.49966216,0.029021617,0.09719006,0.46918523,0.5383401,0.20274758,0.26361763,0.36705792,0.07966465,0.24393192,0.04356481,0.04280129,0.15735188,0.53539,0.26679903,0.54775894,0.018208638,0.16371825,0.41259962,0.42391452,0.05387626,0.5029187,0.10630979,0.15881634,0.28698635,0.12468365,0.029565904,0.54306793,0.1884831,0.042173438,0.2764384,0.17155208,0.3160802,0.09995993,0.06316661,0.34487352,0.8868904,0.0676392,0.32985878,0.29601955,0.06967491,0.4587277,0.14016473,0.07025582,0.14172672,0.3872891,0.25387344,0.17441648,0.0052034715,0.2490558,0.40083668,0.88318926,0.043617614,0.5051791,0.04963103,0.72643244,0.20387562,0.89037544,0.5003853,0.09532227,0.07757801,0.26790577,0.7953032,0.44648325,0.44819176,0.23713988,0.13792221,0.7225621,0.057356197,0.12326141,0.8431004,1.2160847,0.04184384,0.5747161,0.13636771,0.43149734,0.05504072,0.23611553,0.32949516,0.33450347,0.31321776,0.09599541,0.39468032,0.58956087,0.5535619,0.2553535,0.07559499,0.6246596,0.10680816,0.1930143,0.16203274,0.11390747,0.046860285,0.15217754,0.13481456,0.32263106,0.37507302,0.43223125,1.787754,0.6565814,0.4806832,0.16036278,0.63158786,0.062062815,0.4290856,0.12654257,0.024333423,0.44139796,0.41730022,0.17263521,0.40512615,0.025179902,0.18282142,0.16520666,0.9594437,0.20840055,0.071935624,0.64200985,0.56646144,0.3458185,0.11534793,0.13920201,0.3209823,0.46612525,0.1042924,0.26986,0.08721373,0.6043829,0.24527511,0.15830842,0.03747181,0.18123302,0.7648324,0.4036408,0.4987186,0.049491227,1.2573574,0.659834,0.22069494,0.15206377,0.5234055,0.27833664,0.3878057,0.34575245,0.69742435,0.120149255,0.072514676,1.0423243,0.036787786,1.0324275,0.17090839,0.13848926,1.0815334,0.31196022,0.53549206,0.09746224,0.19972035,0.09272567,0.32809964,0.5017398,0.26859283,0.020895641,1.6896513,0.32286072,0.14770797,0.1410048,0.3609514,1.4708394,0.44780415,0.9130126,0.6294551,0.5487089,0.5507591,0.07840315,0.26557148,0.34633747,0.39045715,0.13482217,0.5892794,0.47202677,0.25849515,0.53090334,0.32750106,0.13989046,0.008501536,0.24689214,0.20041174,0.24263795,0.013566405,0.21743178,0.008324852,0.31925026,0.08825132,1.0679809,0.03380876,1.090287,0.15064502,0.78707075,0.10389462,0.36545873,0.24537584,0.13758583,0.17635284,0.6098054,0.040185556,0.33037308,0.21487066,0.5037016,0.063836984,0.18306251,0.025645036,0.068934135,0.38434157,0.17949513,0.20815767,0.6664411,0.03413195,0.5432466,0.06103445,1.0007665,0.047721308,0.02455567,0.13632551,0.64385796,1.392935,0.0046635456,0.49254832,0.30069232,1.6514289,0.4033575,0.07105158,1.0521739,1.2318213,0.3230822,0.09696145,0.2850218,0.46573228,0.19874333,1.7271218,0.56410575,0.40708858,0.018339787,0.22034883,0.94556755,0.43917584,0.08382121,0.22718611,0.5623541,0.3730958,0.45071,0.19906446,0.3568602,0.2654745,1.0774,0.3159629,0.62927574,0.28455657,0.41113043,0.63704747,0.67529285,0.77945113,0.19807926,0.121604785,0.114776075,0.64845717,0.019542444,0.9520153,0.28808612,0.09843242,0.09662341,0.3412776,0.12003708,0.20777415,0.35701358,0.38615996,0.9014305,0.26130953,0.08499537,0.13139871,0.13743111,0.19975747,0.045843188,0.04132846,0.1644642,0.30007923,0.16823554,0.3722259,0.42014658,0.24290407,0.0014397438,0.13832396,0.9892121,0.1619031,0.28616807,0.35321584,0.09401274,0.4469604,0.13215224,0.08851188,0.28452092,0.055935103,0.157516,0.96123445,0.18409315,0.7900335,0.17351046,0.28342786,0.32507998,0.026335713,0.22067875,0.17131132,0.02966271,0.4767453,0.08935177,0.13833031,0.720786,0.23465894,0.30494535,0.049613014,0.37272602,0.06826344,0.2121789,0.072472416,0.6219567,0.0059874146,0.108155936,0.48218715,0.04831252,0.22782311,0.15203482,0.08710213,0.40260595,0.37939888,0.04636123,0.10165483,0.41660035,0.14066096,0.047191348,0.17922613,0.064123996,0.097380854,0.20638224,0.028151356,0.048077308,0.32943276,0.0072290637,0.025509294,0.122015975,0.38716355,0.21843928,0.19736367,0.14417736,0.8430765,0.37745813,0.35094893,0.2047346,0.2182709,0.02349034,0.34021613,0.2152082,0.040983334,0.33356363,0.1979627,0.0933702,0.4088757,0.34675163,0.09036043,0.06243156,0.19154462,0.16895775,0.8676789,0.063038416,0.06042614,0.88735294,0.339934,0.092902794,0.015042378,0.8063217,0.36289495,0.37395084,0.9001647,0.31669444,0.11030692,0.69305605,0.087478265,0.12275147,0.32010898,0.1655653,0.40977436,0.003891099,0.81029814,0.099872254,0.24810815,0.45061228,0.045286983,0.54724,0.41405365,0.29208216,0.0749005,0.064806156,0.054923728,0.059566848,0.119935215,0.04919187,0.008818355,0.23672473,0.30724484,0.13731572,0.12578695,0.33695406,0.13067566,0.07863966,0.16928472,0.121073805,0.067675926,0.29570925,0.6836312,0.023509916,0.371248,0.07169002,0.24159648,0.41219017,0.12665638,0.12608983,0.100819886,0.0032808774,0.0029806937,0.16081811,0.17426223,0.41085082,0.033517893,0.40473282,0.16006973,0.2989772,0.010964656,0.12554817,0.3350507,0.18348834,0.52905405,0.009018935,0.0013690038,0.44267654,0.17319818,0.05917335,0.47596508,0.044444863,0.19224283,0.08283605,0.15218014,0.2941953,0.43202096,0.105896845,0.10901587,0.06155903,0.5807034,1.5474142,0.5849416,0.41990584,0.045255322,0.10623193,0.591412,0.41590524,0.3291771,0.016716067,0.61253905,0.10871694,0.21989745,0.45515206,0.35764635,0.17310265,0.20795496,0.06911769,0.07382254,0.3843932,0.08964252,0.41518405,0.1242103,0.08833368,0.00058855285,0.075546294,0.038831905,0.015922967,0.35485625,0.08142356,0.39165166,0.78116196,0.22678772,0.2810355,0.7475201,0.5016834,0.80972606,0.22396329,0.5528929,0.019499915,0.14003523,0.09658895,0.57622224,0.60695535,0.022920405,0.20817599,0.26801383,0.22555204,0.07961507,0.03148742,0.3664639,0.5006888,0.4372961,0.61670244,1.299088,0.30582285,0.3924154,0.09710334,0.11576044,0.2563926,0.5005337,0.665346,0.2158972,0.31214285,0.11924627,0.71614045,0.5444258,0.997197,0.8240632,0.20140404,0.54655445,0.5133376,0.8773793,0.054071095,0.40785092,0.013029154,0.3741691,0.53755045,0.06571344,0.9641327,0.46101928,0.28629214,0.17175007,0.43851164,0.27446413,0.21858199,0.03790153,0.22802287,0.08139168,0.1490758,0.02111511,0.017489977,0.18151605,0.2651581,0.9492645,0.39361736,1.128283,0.89548814,0.16892794,0.11701166,0.08850098,0.17155236,0.08777281,0.061006036,0.15775698,0.8160394,0.015555236,0.05283923,0.42788208,0.33521906,0.13422905,0.16435267,0.22531475,0.256737,0.023855384,0.19773048,0.20190153,0.15555441,0.29722932,0.104623206,0.04356733,0.22322363,0.18692052,0.43632066,0.20442107,0.18283053,0.013852492,0.14023343,0.3868628,0.30711177,0.19290116,0.2648126,0.05672341,0.37826723,0.22614688,0.025319805,0.056315362,0.29984897,0.316244,0.8320405,0.53378624,0.1751184,0.28094178,0.15872307,0.17883451,0.5590099,0.34560195,0.1606665,0.4187413,0.3261575,0.0094384225,0.24759802,0.09179087,0.31212127,0.4481328,0.087419175,0.05375196,0.2346348,0.18121432,0.10857159,0.16070974,0.39073658,0.17425038,0.3156834,1.0401381,0.27182505,0.1695288,0.063702986,0.1370034,0.07548333,0.10038023,0.034680754,0.52187777,0.13444835,0.03937151,0.076575965,0.35150057,0.1376655,0.14959961,0.2615133,0.004837384,0.015787546,0.6944655,0.09004294,0.8575449,0.31450075,0.016693413,0.2569028,0.029833086,0.05264377,0.6591571,0.022675727,0.022927536,0.13357927,0.06539785,0.3632189,0.12263884,0.7395716,0.4573084,0.13194424,0.13007052,0.07096884,0.59534407,0.7646326,0.15443955,0.20320952,0.28104267,0.107996285,0.086923644,0.61725044,0.22369367,0.1800693,0.038048282,0.0009033358,0.6656484,0.64158934,0.07073201,0.710276,0.388293,0.11099418,0.26371965,0.96387875,0.102445394,0.34470624,3.1693146,0.32972538,0.58038265,0.58485746,0.45778778,0.5400063,0.10527882,0.10778451,0.2374306,0.07541813,0.4325031,0.0996657,0.04445363,0.69854546,0.25967413,0.34310222,0.21271963,0.2480512,0.0,0.019261358,0.06293093,0.0,0.6546929,0.05998608,0.023995679,0.58836937,0.11070938,0.9744741,0.20492312,0.027100258,0.7030817,0.16328284,0.26388967,0.015082738,0.16940959,0.04608468,0.05931653,0.57208467,0.31197014,0.28543848,0.03356841,0.012271315,0.1400951,0.13708445,0.045621842,0.17626709,0.20129478,0.30195314,0.23469803,0.19937441,0.14941086,0.06964593,0.41110578,0.024667801,0.24974363,0.07559178,0.52917916,0.066477574,0.17100857,0.48631102,0.47040617,0.08457959,0.05256461,0.47404042,0.3116045,0.30149522,0.07891396,0.26766986,0.2442316,0.2871827,0.30797088,0.00598623,0.31007767,0.08033473,0.006986664,0.07467093,0.37712264,0.12932467,0.26737055,0.090234414,0.26920182,0.2605567,0.6923393,0.10754795,0.1613309,0.07204396,0.1400353,0.5458616,0.4949533,0.014592065,0.047391266,0.05866578,0.04916221,0.16729252,0.5834158,0.59583324,0.12521714,0.13388741,0.0916876,0.4743685,0.53776604,0.048280995,0.30068132,0.16453183,0.07356081,0.06741604,0.79868495,0.35405618,0.043794107,1.003191,0.35436043,0.09889299,0.40481848,0.23936999,0.19089833,0.1002301,0.13090111,0.15791133,0.28824955,0.26967043,0.17740262,0.071472205,0.031478357,0.59186405,0.059382055,0.1143031,0.49480307,0.544407,0.4207239,0.21595052,0.05425877,0.55201685,0.23461425,0.06882207,0.09167251,0.7010772,0.14821178,0.26684803,0.08680799,1.2370927,0.75113493,0.65119696,0.1461193,0.48347795,0.1510415,0.9566603,0.27566683,0.1470424,0.0026472146,0.17310077,0.15158689,0.12185781,0.097398594,0.023785997,0.15978363,0.24537992,0.148672,0.05375223,0.19711258,0.09586667,0.116605185,0.5081781,0.10555315,0.16897953,0.21271002,0.1233072,0.4530711,0.24263082,0.011402786,0.0051862733,0.23591731,0.19652967,0.16113535,0.39266247,0.123574264,0.37177745,0.028925717,0.4351756,0.44560382,0.026681583,0.6717025,0.51775265,0.10963018,0.0714452,0.15596503,0.17100607,0.0009866068,0.080752164,0.2190731,0.013864475,0.14980061,0.45516503,0.0,0.16821426,0.39768273,0.18440959,0.14043596,0.03455227,0.35053802,0.019623091,0.05678998,0.11504252,0.26618624,0.698899,0.122775,0.4742951,0.23548986,0.16772829,0.084518805,0.33307165,0.57037425,0.042864397,0.6812794,0.11139515,0.23352872,0.11245515,0.028365763,0.08241086,0.49853635,0.09337473,0.3419559,0.24302159,0.19773102,0.0298183,0.16558565,0.1339719,0.06812735,0.40495455,0.5084835,0.6081592,0.10489394,0.5458325,1.1572413,0.55183494,0.6061451,0.33701625,0.14783852,0.13220876,0.85005045,0.39362383,0.30829507,0.04088697,0.50435483,0.16270997,0.0037622445,0.1686852,0.06446103,0.7045604,0.32698774,0.22072577,0.4852011,0.5820726,0.008911803,0.6502775,0.36873564,0.07058945,0.10528513,0.5433783,0.24583936,0.37424418,0.3053741,0.08317928,0.32547963,1.2400544,0.03402902,1.049535,0.09537761,0.02492546,0.006484674,0.31639907,0.060840007,0.055836283,0.088778906,0.3756556,0.34090364,0.36905688,0.085364275,0.027066516,0.27179122,0.8942257,0.28770143,0.31983048,0.032445155,0.79313356,0.065872684,0.09766619,0.24976319,0.19220605,0.12873846,0.22164053,0.06619577,0.07887709,1.1604018,0.13922538,0.06780378,0.13782899,0.0851527,0.18558756,0.023067437,0.07533997,0.03194293,0.10003342,0.44466925,0.23477675,0.025151268,0.041611686,0.17656383,0.038398948,0.54803336,0.51171416,0.20343965,0.11695335,0.55323076,0.39564347,0.6300382,0.11816814,0.021038236,0.38382095,0.2760902,0.016258378,0.44516116,0.24263105,0.107889965,0.19748339,0.082768805,0.28771454,0.26673698,0.018119335,0.2857656,0.11586392,0.06832864,0.3743614,0.13474661,0.09718966,0.6711689,0.16641456,0.41686904,0.6854821,0.4861414,0.4546544,0.13187985,0.0,0.07378122,0.050893802,0.18301436,0.013495912,0.8388794,0.5233122,0.053768,0.12132189,0.034364548,0.26940987,0.31020892,0.16974387,0.46526587,0.4369434,0.023327192,0.4660053,0.12700388,0.12086448,0.059360586,0.5962261,0.28549254,0.295161,0.0924247,0.6032331,0.5584601,0.11387505,0.046241462,1.0147872,0.13881147,0.15610522,0.046959676,1.2290449,0.82351637,1.0416615,0.4779885,0.52514225,0.049290836,1.2513047,0.5021288,0.31961212,0.14241722,0.08581011,0.04306283,0.14893144,0.1286655,0.6359701,0.85824156,0.094965495,0.23946331,0.24939868,0.0,0.7745121,0.21914168,1.0069652,0.53036296,0.6851343,0.109323174,0.007682289,0.28639853,0.28106207,0.5515921,0.039844315,0.38315478,0.32332468,0.111705065,0.21655585,0.41715997,0.012720143,1.1421597,0.20300396,0.047157604,0.44869804,0.112505,0.61510664,0.10736033,0.26397955,0.44315034,0.40492594,0.24038011,0.102645725,0.75872123,0.639571,0.38412628,0.2335469,0.49967593,0.49610844,0.67757785,0.114243664,0.35947973,0.4986428,0.77365065,0.28563678,0.26967648,0.25387534,0.6382264,0.35991454,0.4814836,0.27835995,0.23478165,0.31292534,0.57447124,0.12416172,0.92861325,0.13431278,0.9306742,0.38192803,0.32426473,0.26743093,0.58280885,0.09365057,0.06554632,0.4892212,0.15770118,0.0,0.021357326,0.26667136,0.064980686,0.056499958,0.047008652,0.41299272,0.53246367,0.13427213,0.004757924,0.5337211,0.08962019,0.03533876,0.05418133,0.8286829,0.09984289,0.40864918,0.7389149,0.6432408,0.5296618,0.44484353,0.16184992,0.035630733,0.4200186,0.03976817,0.71773773,0.056387745,0.29126567,0.3307184,0.083063975,0.59364164,0.33416286,0.10846403,0.8904882,0.03415315,0.49331373,0.1842235,0.028632557,0.4426251,0.038702387,0.88243234,0.21976125,0.020424154,0.3478577,0.78734356,0.2978047,0.37308878,0.27310023,0.16309865,0.04752846,0.34473562,0.47060683,0.006877791,0.25395024,0.1427446,0.037812736,0.23742828,1.6158319,0.40636027,0.77068806,0.492842,0.56125474,0.0,0.2064159,1.2948055,0.8614074,1.0435579,0.67281497,0.11140241,0.20737207,0.34911072,1.0204325,0.4543773,0.503158,0.17646846,0.37307817,0.06518543,0.101779066,0.036446527,1.3517656,0.24841452,0.43845072,0.19170097,0.007205922,0.42087036,1.682654,0.19440383,0.6485449,0.19618672,1.0930684,0.61244166,0.33025134,0.8829458,0.025405193,0.5108463,0.18088692,0.5432845,0.29859173,0.0,1.0123547,0.05399803,0.21404555,0.7871768,0.03450585,0.014950581,0.24392532,0.103685826,0.66732365,0.9554446,0.22211245,0.31898242,0.19394548,0.70685977,0.07033931,0.08228095,0.07868478,0.41136128,0.068347,0.047522873,0.31325817,0.4068118,0.26298064,0.77560747,0.59655774,0.36233795,1.1275984,0.51964986,0.3839128,0.06816905,0.3114678,0.11024515,0.55045855,0.32610273,0.9544947,0.03437476,0.53787196,1.4269757,0.32689637,1.3075241,0.12485717,1.4689417,0.2621515,0.66743875,0.2173139,0.81281614,0.80667675,0.4266227,0.33215618,0.04514295,0.107524075,0.3754837,0.2674582,0.1178866,0.20852472,0.4541803,0.99921644,0.053065002,0.050469834,0.2558221,0.047073558,0.027537063,0.06577532,0.40214142,0.36592972,0.0,0.3149613,0.2603815,1.0740266,0.28491837,0.2203832,0.38908935,0.40488666,0.91970754,0.42963898,0.010961338,0.19401559,0.12627228,0.056192286,0.052230667,0.359092,0.54997146,0.51516247,1.0242705,0.17769662,0.02572441,1.4577851,0.58897185,0.7579473,0.79338837,0.3840601,0.24550563,0.16110735,0.29394537,0.5249418,0.08511928,0.4886514,0.08448445,0.12232431,0.36167789,0.38826746,0.46932894,0.6180018,0.09916959,0.019144922,0.019389933,0.43137646,0.29821992,0.012652537,0.04872305,0.83596504,0.3487958,0.44846213,0.1658409,0.3539483,0.4363348,0.5791221,1.309157,0.78787637,0.29634243,0.4574983,0.011314255,0.18040091,0.05721535,0.7076216,0.5236494,0.14617315,0.029332269,0.02005966,0.52564514,0.16522917,0.5340918,0.08369807,0.21273483,0.35776418,0.28482378,0.18768142,0.5661885,1.0451503,0.33079502,0.101288214,0.6805266,0.2493633,0.46432388,0.11181095,0.024695203,0.4915352,0.3875826,0.05208642,0.48558408,0.54406536,0.34822607,0.4483456,0.07150903,0.14367859,0.47890866,0.17152433,0.75713325,1.1409526,0.2742954,0.20880438,0.39166784,0.72306204,0.99601555,0.28482676,0.03229054,0.3621804,0.4356928,0.06729227,0.070767745,1.0992261,0.1590412,0.7625338,0.1613804,0.20287392,0.28985822,0.2497438,0.1924948,0.32537714,0.46322873,0.6449507,0.44967282,0.0100144185,0.11053495,0.047380634,0.020028599,1.2076075,0.0026461235,1.329617,0.0037874905,0.2751423,0.022289477,0.4306178,0.11337764,0.14845091,0.15955916,0.083780035,0.40138727,0.052171133,0.0011459771,0.7350802,0.095792264,0.16577525,0.32338858,0.78064156,0.3765037,0.06703386,0.5061524,0.03026063,0.45347488,0.1309881,0.4303226,0.23131664,0.3167121,0.49761063,0.4124827,0.22856772,0.33726907,0.1279119,0.18723811,0.6288125,0.645845,0.35638434,0.13242185,0.65688145,0.48690367,1.5176718,0.051598497,0.21345156,0.02696808,0.16197583,0.50469846,0.25735754,0.037430983,0.028790826,0.25401828,0.036184125,0.043301255,0.05987411,0.06401385,0.03764905,0.36542284,0.040319182,0.052959614,0.71529853,0.17828983,0.06663264,0.16877429,0.04977265,0.78477347,1.0529287,0.36346748,0.2822517,0.7568334,0.32549125,0.6871659,0.18677388,0.21355045,0.077585615,0.48545048,0.09874259,0.60005915,0.7677267,0.34313595,0.046568345,0.037957624,0.7431844,0.23374456,0.5633694,0.20357835,0.030045968,0.2621383,0.23486859,0.55372965,0.25016662,0.28959244,0.43128854,0.13480186,0.4760906,0.7455088,0.056832705,0.3318571,0.086172074,0.7407954,0.19547048,0.14104655,0.39972946,0.0,0.39151812,0.7788125,0.02633436,0.74126655,0.5785977,0.023471845,1.0707077,0.24131219,0.77792627,0.03597092,0.20412657,0.06751925,0.15357092,0.3936065,0.6652638,0.13116568,0.040320173,0.11334399,0.0005669111,0.33932889,0.41265917,0.46436816,0.08172813,0.022016559,1.4253151,0.017252263,0.34663862,0.75320315,1.0082715,0.4641148,1.1885415,0.49885893,1.008829,0.20057449,0.3159272,0.021842986,0.09157591,0.45655653,1.1205139,0.90340877,0.09307538,0.5724963,0.15842067,0.03317253,0.19259253,0.10580967,0.53039503,0.20861983,0.2076307,0.032878622,1.6816196,0.19918618,0.08700267,0.29593182,0.7337192,1.2807711,0.2556653,0.5982847,0.46383142,0.48908216,0.34472537,0.42563325,0.19673748,0.239129,0.02985131,0.03865038,0.13801318,0.015146542,1.1891508,0.04129556,0.20334378,0.21281844,0.34910852,1.0215888,0.23778029,0.20122746,0.60220075,1.4135175,0.12907094,0.3376963,0.22757313,0.019117473,0.08466537,0.44191045,0.45994005,0.2489528,0.10059029,0.19464639,0.39786968,0.076035395,0.24063924,0.6012822,0.6630851,0.13776572,0.90151143,1.0172666,1.128966,0.001580031,0.8869192,0.14101331,0.44251287,0.32408258,0.066424526,0.05011879,0.7423102,0.011838486,0.31580964,1.1655118,0.4362407,0.19625323,0.6373378,0.0015394748,1.1297026,0.007525129,0.42279106,0.14622018,0.5518092,0.1404691,0.5024757,0.92823416,1.1833875,0.8105076,0.039785393,0.008164556,0.27483505,0.34972817,0.39856678,0.34609544,0.40096056,0.18345675,1.2728302,0.018993651,0.10793674,0.5826046,0.041153915,0.7722838,0.03154226,0.3606683,0.523343,0.7031735,1.7845045,0.6248578,0.8469959,0.75356054,0.64601326,0.7900299,0.4607237,0.048647676,0.11230792,0.1612975,0.27952898,0.55434084,0.14694798,0.013016308,0.27517736,0.4607042,0.7318771,0.11404775,0.4904219,0.0023107328,0.27352172,0.3532576,0.18472762,0.23126918,0.107779674,0.20305225,0.5562867,0.3218984,0.1324749,0.08338739,0.36618054,0.4308864,0.11850523,0.62834907,0.96082234,0.08060481,0.34415948,0.3514841,0.30757383,0.74260885,0.22817658,0.37765124,0.3474396,0.55338573,0.49335986,1.523773,0.02497284,0.29835773,0.12009518,0.5623429,0.04982951,0.4676065,1.1361455,0.72606695,0.5853733,0.50967586,0.31882647,0.78697383,0.56404084,0.16511881,0.31379655,0.5238194,0.5851524,0.045626014,0.5307988,0.540946,0.48078528,0.88250786,0.10828147,0.52720165,0.11089442,0.09294474,0.47264493,0.53145534,0.118934855,0.257285,0.83473206,0.25543857,0.5996485,0.09956935,0.4620514,0.47070014,0.11050937,0.47750738,0.5885092,0.6470183,0.027551442,0.2466793,0.20488042,0.20837176,0.3548864,0.47282887,0.01327549,0.7834389,0.23529202,0.093340054,0.13615385,0.2651919,1.1576214,0.12187651,0.71025276,0.18721321,0.07200415,0.1847552,0.8820992,0.38995427,0.75263,0.86702955,1.2130153,0.46481973,0.42647415,0.38799208,1.3771245,1.2111943,0.05674603,0.6251905,0.350858,0.18785843,0.07547913,0.120116904,0.26177025,0.026802693,0.18009166,0.31983113,0.10912672,0.017001864,0.3327615,0.04482346,0.21858066,0.2880124,0.56844413,0.3328839,0.5442044,0.36229694,0.3414247,0.3807543,0.09393473,0.35966513,0.6463385,0.19540155,0.96772355,0.30535403,0.22139739,0.019239046,0.31106475,1.3749115,1.244154,0.17207892,0.015337453,0.4148178,0.4786971,0.36488557,0.18351232,0.32579523,0.2551693,0.621955,0.3225969,1.2613579,0.56263745,0.33778378,0.32214296,0.17498094,0.37955725,1.1303037,1.1669652,0.020290725,0.6447625,0.5648209,0.26343736,0.6147109,0.48025507,0.31233746,0.42119324,0.46567056,2.042219,0.44432372,0.1044922,0.14750585,0.19306904,0.0036996396,0.47168058,0.17537963,0.061776415,0.21950588,0.9284006,0.53337795,0.24600041,0.9685839,0.74064004,1.5523012,0.029499311,0.8193568,0.17291968,0.45058185,0.067764595,1.5211089,0.0,1.2378576,0.39812347,1.9502648,0.3029586,0.26434773,0.56483155,1.20048,1.0836688,0.3266844,0.23745516,0.33992365,0.36340684,0.54017437,0.6337766,0.8394716,0.36014217,0.12693043,0.04756569,0.0,0.43176806,0.9220772,0.19369526,0.04218175,1.1029414,0.5456586,1.7037041,0.48492122,0.23720145,0.18327522,0.8655423,0.06681253,0.07134018,1.2567539,0.3540735,0.39453277,1.0793629,0.4547848,0.082779616,0.34568042,0.6317472,1.8047897,0.46330023,0.024023395,0.3638383,0.4344656,0.5643443,0.49352914,0.763504,0.17729491,1.8784301,0.19278501,0.23929372,0.17650278,0.41927022,0.25624365,0.0,0.1515953,0.3148554,0.059542052,0.4009331,0.10899751,0.039644428,0.70953757,0.41201073,0.22395551,0.40119088,0.2961929,0.18140914,0.03780143,0.47365108,0.73148763,0.14365351,0.07179913,0.6318232,0.12739187,1.2783983,0.48888117,0.30904996,0.81821704,1.0152781,0.23360245,0.47791985,1.628375,1.0866759,0.47714043,0.28852418,0.4626587,0.16241623,0.7193763,0.47727475,0.09998366,0.14428356,0.6981181,0.3705929,0.32743227,0.88574904,0.45202857,0.13903716,1.1888998,0.5756336,0.51007557,0.010258852,0.19292443,1.0552795,0.40670136,0.02639129,0.3096466,0.6814449,0.057063416,0.594368,0.838732,0.23263143,0.061453063,0.54256165,0.096073076,0.011207372,0.23405232,0.2820065,0.36623326,1.6907887,0.47430575,0.5940676,0.32205147,0.111597896,1.3724732,1.047258,0.55883026,0.15787795,0.04216282,0.20361365,0.6533059,0.4113926,0.50085056,0.035263166,1.0889593,0.022200722,0.72442114,0.718885,0.19502518,0.52363336,0.028171374,0.8505262,0.024261478,0.022563592,2.1511295,0.7169759,0.7091774
0.15186466,0.11624785,1.9560094,0.41383117,0.42618626,0.13011964,0.23125444,0.6665528,0.18591584,0.80318826,0.7511263,0.028882466,0.20194302,0.47210848,0.17324191,0.07572213,1.2773068,0.17312254,1.4348123,0.728222,0.63798165,0.2504421,0.62207866,0.022527976,0.18328568,0.044561766,0.28834632,0.60281783,0.2552098,0.16372503,0.09103648,0.6418407,0.1998402,1.1982818,0.8385682,0.1088295,0.017400157,0.8828876,1.2925243,0.09346086,0.15366751,0.30269313,0.2128432,1.2213434,0.48895094,0.03973799,0.077765435,0.3985058,0.43030894,0.19068694,0.2929661,0.34724718,0.03769929,0.18182638,0.033853613,0.04054405,0.16728324,0.5299901,0.18547615,0.5790564,0.013635148,0.144489,0.46768063,0.5974227,0.051279686,0.52297753,0.113641605,0.13274726,0.34931445,0.1501235,0.037186403,0.62170327,0.2118478,0.09855618,0.24801865,0.21472605,0.3173834,0.10927166,0.07821126,0.31423658,0.86252767,0.058205873,0.3873822,0.33241832,0.09685768,0.4881884,0.14945388,0.08443863,0.13557349,0.40174073,0.26297855,0.16261499,0.0054780897,0.27469796,0.37228477,0.9029596,0.050115515,0.63447213,0.061107986,0.7893909,0.21030888,0.8476583,0.46050227,0.08987206,0.0646093,0.21620521,0.82447755,0.44288394,0.43673426,0.17353186,0.16075704,0.75275093,0.07900634,0.15070483,0.7901624,1.3174307,0.049476303,0.54253435,0.15968041,0.4884895,0.06385081,0.19241124,0.3151432,0.37493622,0.31942204,0.057146862,0.45426056,0.5441405,0.5480654,0.22590618,0.06372267,0.6286584,0.14700902,0.12571613,0.13541804,0.06387332,0.049905106,0.14354724,0.113786206,0.29545465,0.3401422,0.3664388,1.8248115,0.64989114,0.46566638,0.15386939,0.55910707,0.044236023,0.41718405,0.12965953,0.020028789,0.46130502,0.40456724,0.19703372,0.3813575,0.035964582,0.17381543,0.22993086,1.0361753,0.2293577,0.07077326,0.7855342,0.5968754,0.3158167,0.10661549,0.12779881,0.28356272,0.3736587,0.04313446,0.21477498,0.07656999,0.5232002,0.27762932,0.119940326,0.023167174,0.13084581,0.76981443,0.37377366,0.56562215,0.045954682,1.2695515,0.58449817,0.2141213,0.1336294,0.49109793,0.29490268,0.50925076,0.3109403,0.71298057,0.14432834,0.050965115,1.0396274,0.06398582,1.117353,0.15164502,0.17420493,1.0708598,0.29004437,0.49966538,0.09617831,0.2102224,0.111685604,0.3442279,0.4056134,0.26237392,0.035782002,1.7784709,0.37914693,0.11139798,0.13820052,0.37638003,1.4646232,0.43553123,0.84750223,0.6476366,0.5347136,0.56025016,0.07062287,0.2240965,0.30997953,0.3341136,0.12592964,0.55153966,0.43790603,0.2242729,0.549216,0.3520141,0.10674043,0.008284213,0.2218898,0.23451193,0.29518452,0.008862263,0.229227,0.0017205094,0.28694373,0.124968074,1.0515324,0.040980626,1.0505692,0.16376771,0.8062262,0.15670477,0.37932548,0.32180008,0.13961682,0.1262739,0.5796215,0.05715388,0.37677842,0.21217577,0.49181244,0.06405876,0.16136701,0.024225911,0.07739934,0.3430346,0.13967356,0.25338262,0.64605236,0.05727875,0.49529707,0.07611499,1.1110077,0.10378819,0.025305685,0.1361698,0.5753207,1.3087003,0.003676257,0.46879664,0.3453206,1.7178723,0.36658797,0.07628733,1.0549619,1.1543887,0.27550292,0.101534605,0.26907963,0.56365645,0.17180547,1.7759287,0.6130239,0.40605694,0.01859521,0.24218573,0.8181282,0.46681315,0.122843325,0.18257758,0.5545815,0.25009918,0.47534806,0.19672915,0.37487984,0.22519927,1.0527387,0.3229679,0.56967044,0.27509028,0.40343463,0.6098192,0.62037826,0.704242,0.20706436,0.13870728,0.04786086,0.6649522,0.06864551,0.9397834,0.2817064,0.021518134,0.15150556,0.36971384,0.13388528,0.15615818,0.33895957,0.44812286,0.9491203,0.26007903,0.09677491,0.11548089,0.17136244,0.17231129,0.010046034,0.040163178,0.23844045,0.27591866,0.17251308,0.29809844,0.41060007,0.2732252,0.00082609616,0.058095455,1.0900239,0.13172634,0.3047144,0.37503994,0.105660185,0.5358093,0.096138835,0.084808424,0.26768357,0.056770325,0.117019124,0.9015318,0.20957881,0.8496773,0.11387135,0.27236703,0.4107579,0.0035293952,0.15665199,0.15794313,0.033271797,0.4254123,0.05681677,0.14236394,0.56509054,0.19249019,0.33026478,0.060849186,0.3845572,0.085301444,0.19278657,0.058224734,0.7196772,0.00088931195,0.12460382,0.5055431,0.08304231,0.11801998,0.12894091,0.0662168,0.32827675,0.42965585,0.03975436,0.12787996,0.33188486,0.11900778,0.10046453,0.12393719,0.0400898,0.06669855,0.34174705,0.033896286,0.039417263,0.2780674,0.009849225,0.012149039,0.107942544,0.28216252,0.35797694,0.22789842,0.10307535,0.90778077,0.34154674,0.34319872,0.23634134,0.16790551,0.018648803,0.33828622,0.1531845,0.05249273,0.31680351,0.29701522,0.09846644,0.498462,0.17236663,0.083472095,0.045583777,0.17960997,0.16478837,0.9621651,0.14948834,0.08781684,0.93567663,0.33168164,0.08747089,0.007828116,0.79811656,0.35935158,0.37604642,0.89671075,0.22470915,0.08395104,0.5417615,0.14418292,0.100301564,0.30137235,0.13595524,0.44610155,0.0,0.7591757,0.0962719,0.12705499,0.29903418,0.059148878,0.5776554,0.53275144,0.32944018,0.096954316,0.113298,0.034763128,0.081912324,0.15592523,0.054101225,0.023432722,0.24788141,0.3499562,0.13672836,0.13327563,0.29283872,0.17501725,0.065089405,0.14823121,0.13070995,0.06952453,0.40263292,0.6767648,0.031379245,0.50650114,0.058691245,0.275944,0.460284,0.054604687,0.14092965,0.07696042,0.010441857,0.0,0.12174559,0.18061164,0.40885672,0.018334841,0.5404439,0.21765101,0.30887863,0.010145739,0.1624438,0.45765623,0.17657603,0.65400296,0.014276914,0.004629351,0.44646078,0.11886403,0.0537258,0.5185411,0.06472976,0.15824658,0.09017177,0.15214391,0.3010165,0.2775759,0.12947118,0.09988405,0.034921814,0.58836937,1.8317105,0.6972729,0.38722664,0.03176038,0.10660727,0.51163733,0.4515287,0.37859082,0.013871989,0.5941677,0.07037807,0.15846305,0.48811,0.40919006,0.16048247,0.18473284,0.03472709,0.055703916,0.4800183,0.06539729,0.38393277,0.10289816,0.07362886,0.025496867,0.096627876,0.04480208,0.013519531,0.3758993,0.10424217,0.3962648,0.81326777,0.2878192,0.2835771,0.8742168,0.45630288,0.8968742,0.16385393,0.5673675,0.009710458,0.1158419,0.1387338,0.45498544,0.7138494,0.07396369,0.19386218,0.3057412,0.20871976,0.08536206,0.020019542,0.34424996,0.48739547,0.40111136,0.42922965,1.5267936,0.25343725,0.52483517,0.13154508,0.10824152,0.2624055,0.39252293,0.7158154,0.17427754,0.1954675,0.13530895,0.7801318,0.6052899,0.95070285,0.95475346,0.15424182,0.5747916,0.59536946,0.8827522,0.061012097,0.3588348,0.0027404458,0.47498623,0.47992972,0.08789683,1.0695348,0.5741595,0.28969562,0.20147675,0.40947658,0.22059648,0.19368994,0.016075613,0.31429714,0.13476066,0.1923294,0.025525404,0.025848946,0.123953424,0.31873047,0.9474838,0.47658688,1.1156251,0.9463235,0.07583265,0.1892677,0.032302324,0.17902918,0.073927745,0.03186763,0.23792948,0.8653698,0.011580419,0.03043482,0.3879253,0.3419053,0.067639485,0.21395248,0.13652334,0.20384966,0.01605815,0.13791451,0.16619757,0.12198193,0.29370242,0.07202117,0.021782791,0.247204,0.14544658,0.5131736,0.22897723,0.20223029,0.028764239,0.110890046,0.3938485,0.3707307,0.07330123,0.4646263,0.03325981,0.43165305,0.20260084,0.038325194,0.066928156,0.21787676,0.28583458,0.7641302,0.68664736,0.20511346,0.25812742,0.13243437,0.25105125,0.5329931,0.5127919,0.18587998,0.3213887,0.32857543,0.0,0.13192065,0.08873772,0.3292516,0.5010524,0.077860095,0.07834266,0.23106095,0.16016743,0.21103111,0.09111467,0.34521967,0.18322434,0.36906546,1.0661595,0.2652105,0.13391592,0.068530664,0.17877224,0.08902868,0.14551342,0.027253458,0.5162685,0.13174856,0.044815004,0.13034546,0.36352476,0.09697315,0.10246891,0.35780305,0.0043154294,0.04942315,0.7814996,0.037617445,0.89372504,0.2759475,0.00817452,0.36962432,0.059123456,0.08113433,0.5113162,0.04313143,0.015592242,0.19134346,0.04641515,0.29234427,0.16678832,0.7462967,0.4548298,0.17863041,0.123415515,0.07146321,0.6543434,0.7100302,0.14009735,0.25585085,0.26127934,0.10453345,0.03768233,0.73577356,0.2807831,0.18587168,0.040684752,0.004271049,0.7871481,0.78067327,0.07264221,0.73756653,0.35958445,0.09625523,0.28003204,1.161135,0.19264981,0.3554157,3.2880287,0.326294,0.6372081,0.5384158,0.5949602,0.43486035,0.0924679,0.16256388,0.24473089,0.08284792,0.45552054,0.036804475,0.057696436,0.6624986,0.26800394,0.21586475,0.12356409,0.2848026,0.00017086821,0.06291032,0.04560563,0.00062169856,0.6113777,0.0609542,0.040169463,0.6019913,0.15075016,0.8639647,0.16778201,0.04587553,0.72162664,0.09051677,0.2492206,0.015143232,0.106805325,0.09107094,0.006595487,0.63325727,0.30837128,0.29207665,0.062963545,0.019657267,0.20321968,0.07576022,0.0780956,0.119206995,0.14489457,0.39497137,0.24413651,0.20451565,0.13296458,0.09711464,0.50841874,0.016991638,0.28049943,0.053774826,0.6472431,0.07811311,0.14803559,0.6047304,0.50400245,0.046851616,0.020724013,0.5235012,0.35694262,0.3509149,0.107743174,0.25664482,0.18684918,0.33495829,0.2526696,0.0,0.31073135,0.11691796,0.03073372,0.0732456,0.40231484,0.13753894,0.2919681,0.06434662,0.26139957,0.33859426,0.5627588,0.11810636,0.17343041,0.06376186,0.15370789,0.49600074,0.446057,0.04439429,0.03366429,0.066911265,0.028599894,0.16897932,0.5641247,0.66116244,0.033255048,0.21143958,0.04447091,0.47938335,0.52889204,0.014286645,0.21865308,0.09529699,0.107868046,0.09407309,0.8222929,0.28526706,0.079701595,1.0950966,0.28317493,0.07399015,0.48142406,0.20924833,0.09461139,0.114710875,0.14448313,0.31106514,0.20940979,0.36912513,0.09008763,0.09347148,0.033258345,0.5735106,0.05093697,0.14354867,0.53390425,0.47534013,0.34636214,0.19515464,0.080575764,0.54713404,0.2939726,0.11586159,0.13057539,0.6414165,0.11024857,0.3129406,0.17390165,1.3741587,0.70772827,0.5970328,0.08811164,0.4034142,0.114277765,0.9763481,0.29898018,0.13625994,0.0031516377,0.081348516,0.18575642,0.093648344,0.11109671,0.055063583,0.15248227,0.17501822,0.10322057,0.041996792,0.24172351,0.10921314,0.092444494,0.57845956,0.11595399,0.123309925,0.15727411,0.098023266,0.47784042,0.2587393,0.008878296,0.002091452,0.1645303,0.27809307,0.2690213,0.44453967,0.2540287,0.33305442,0.02616401,0.38690498,0.40251127,0.017547164,0.78762424,0.5943823,0.08537998,0.073087454,0.11895222,0.17671807,0.0031734006,0.05614077,0.24066871,0.014523099,0.118238635,0.5672534,5.5722507e-05,0.2706655,0.46326107,0.10516834,0.17128594,0.068540305,0.48652995,0.014363811,0.04471638,0.15515518,0.24899358,0.76637155,0.10708604,0.39928478,0.15002163,0.15175709,0.0733206,0.41347784,0.5182011,0.05086059,0.74104905,0.14558327,0.22655995,0.08869752,0.0448181,0.07490389,0.5590277,0.0666002,0.2972606,0.25632545,0.16583973,0.01361645,0.15735908,0.10184351,0.081166334,0.46751198,0.3810169,0.3678997,0.079917334,0.62157226,1.3069868,0.4483718,0.4823958,0.30063295,0.08767973,0.14211613,0.8296006,0.38938135,0.3254819,0.03373961,0.36722758,0.21571776,0.014120102,0.07926765,0.057738725,0.7511325,0.2521725,0.29515338,0.53532517,0.51031935,0.0189951,0.7785736,0.3711541,0.039288603,0.058371354,0.5674749,0.24122976,0.35414487,0.25040105,0.041090466,0.23633096,1.4016854,0.027384691,1.162498,0.095874295,0.038104914,0.0072194505,0.3627484,0.07618125,0.050606415,0.075629145,0.36577964,0.35836202,0.44547892,0.10931705,0.036959022,0.24111,0.898909,0.24562658,0.3079406,0.024683245,0.6538427,0.06760277,0.19993214,0.35398194,0.09662247,0.13597184,0.19348353,0.07162477,0.09274222,1.0405369,0.19154072,0.10689699,0.2105313,0.14622281,0.102344826,0.0003125607,0.06792034,0.050114322,0.09022297,0.42143703,0.18033743,0.028657401,0.042042695,0.12278798,0.085325055,0.4450702,0.5102655,0.24917272,0.14280754,0.63569045,0.45865023,0.57809275,0.10791287,0.02846135,0.35632062,0.22557221,0.02667468,0.4273671,0.22592011,0.078128144,0.17322536,0.1002641,0.46925172,0.23892117,0.0311669,0.31961077,0.17467931,0.044260573,0.41126657,0.18210994,0.07966444,0.6387173,0.13295268,0.416542,0.69173807,0.4648155,0.356498,0.14622355,0.00075488194,0.09413028,0.03633115,0.15547985,0.026270226,0.83934104,0.63297415,0.08931547,0.13050237,0.034085266,0.2357102,0.3464048,0.1535733,0.40710336,0.45052886,0.10259704,0.41898224,0.14040306,0.11050196,0.04778704,0.6846302,0.19080895,0.3160292,0.11004232,0.7150496,0.53348595,0.12423048,0.08348395,1.0720716,0.104722254,0.17177424,0.06705941,1.009951,0.74199146,1.2128863,0.45766735,0.53436875,0.018349964,1.5370132,0.56330025,0.32276094,0.27175838,0.116704285,0.052770257,0.17082538,0.12571098,0.708387,0.8506627,0.070047274,0.31279057,0.2536778,0.0,0.80627996,0.3076653,1.0377569,0.29677346,0.75086653,0.13981071,0.07272842,0.25797117,0.450211,0.5262309,0.050262142,0.44307706,0.20743512,0.122116335,0.44499618,0.4385401,0.038086284,0.97412026,0.13016602,0.071362756,0.46626753,0.11486337,0.6012803,0.056958616,0.2328719,0.53612375,0.3670974,0.22846736,0.13972834,0.7717182,0.45366502,0.2733289,0.12761948,0.55399597,0.58692706,0.4928409,0.097419634,0.35856456,0.2939016,0.6549864,0.31613564,0.26051217,0.28469318,0.5650464,0.29750544,0.49576467,0.2867484,0.16204168,0.42042047,0.5021117,0.27177197,1.0010262,0.117327966,0.8698772,0.36553818,0.27653185,0.24065483,0.47575685,0.10582997,0.07877837,0.6287658,0.28000593,0.0,0.04480558,0.33601984,0.035212785,0.079420745,0.08406207,0.35422978,0.40970814,0.13818981,0.013572789,0.49214917,0.1655308,0.004465731,0.053063728,0.5992008,0.27089787,0.4549278,0.5462931,0.6271641,0.40765172,0.56055254,0.25763583,0.064907104,0.4104093,0.087280005,0.94829345,0.024714228,0.37697518,0.3839405,0.09869507,0.7788292,0.2878252,0.076192595,0.9353982,0.047286753,0.5048029,0.20328996,0.031461403,0.57895344,0.092462145,0.9182123,0.26451647,0.015838666,0.32451767,0.8299657,0.2239278,0.35261708,0.36493152,0.1944595,0.07402812,0.36033285,0.50765336,0.008559156,0.37704903,0.10702656,0.032614462,0.33629414,1.743921,0.6076112,0.66475403,0.36142012,0.76251566,0.0,0.3401649,1.3819646,0.91725886,1.2140605,0.5893265,0.0628047,0.22101831,0.39837614,1.0420715,0.37130854,0.34428465,0.13451481,0.4744382,0.0445475,0.12089151,0.024195403,1.4766635,0.18337992,0.58540165,0.19704534,0.0058631534,0.5209885,2.2511616,0.14520997,0.5072813,0.23996976,1.1697643,0.5116925,0.3456493,0.80438185,0.01020595,0.2847533,0.23671561,0.6331546,0.14004038,0.0,1.0439794,0.072282836,0.23710227,0.8953228,0.14051,0.026439598,0.1999748,0.049873225,0.6474042,0.70357263,0.24427232,0.42240047,0.19135478,0.53414595,0.04690265,0.11283095,0.10654017,0.56496245,0.07467142,0.18426105,0.3492638,0.31367815,0.3054604,0.8724513,0.69420433,0.44227833,1.1971292,0.4095751,0.45144585,0.01669326,0.303905,0.08219674,0.55835736,0.35773593,0.98311925,0.049269807,0.5913868,1.6207597,0.24539948,1.3728623,0.18744758,1.4008615,0.14482653,0.79809374,0.20445263,0.78587174,0.82553554,0.3080996,0.34552148,0.08518373,0.068450935,0.6621019,0.32727653,0.14377317,0.36406162,0.6340617,0.9930445,0.01775594,0.07273672,0.20109425,0.012294067,0.025828473,0.07485539,0.62209916,0.3473451,0.0016883295,0.36567724,0.26919496,1.1511371,0.2586758,0.34539348,0.3382793,0.47974688,0.9166275,0.50349224,0.016721869,0.1916812,0.16524528,0.0829158,0.028438106,0.4416597,0.39872372,0.49580294,0.8646883,0.19610432,0.022719689,1.7012916,0.53112394,0.7559471,0.7120743,0.34688574,0.236962,0.27713206,0.24393448,0.45736662,0.073955104,0.48218298,0.055745076,0.06328294,0.36160856,0.4310891,0.45320746,0.6154852,0.05461328,0.00570665,0.02113812,0.4654808,0.45949078,0.01603181,0.04066509,0.57569516,0.48943338,0.7326626,0.05653877,0.5091265,0.55299735,0.4290342,1.3161556,0.670776,0.26839894,0.3276243,0.0021867075,0.28596213,0.07015959,0.509049,0.58733416,0.23259957,0.026290221,0.013167972,0.44479805,0.20239536,0.68432194,0.08670167,0.3114918,0.45835906,0.18647191,0.12777917,0.4153362,1.1409022,0.35226077,0.069354616,0.6917342,0.23085883,0.2251953,0.26036245,0.014284685,0.42134345,0.36056995,0.06863103,0.62904084,0.7074611,0.4422664,0.50755394,0.058705874,0.12178728,0.64452195,0.3171218,0.5794382,0.97435695,0.28721038,0.2544763,0.3028922,0.7733493,0.9419757,0.28900063,0.028921265,0.23453034,0.5535579,0.1211489,0.021277826,1.1152289,0.26962933,0.9880821,0.19759014,0.14381269,0.20317376,0.19672026,0.19199955,0.3026262,0.47295785,0.47033322,0.5061625,0.030816514,0.12822735,0.031508747,0.010899822,1.2127907,0.0056669638,1.06482,0.0,0.3071891,0.03641862,0.31649294,0.060218845,0.31168786,0.36780024,0.05057316,0.55270016,0.052716747,0.0079453355,0.5620953,0.06106252,0.22263604,0.4438101,0.79291433,0.34639075,0.07183355,0.4629988,0.025178935,0.61113465,0.2858561,0.40542448,0.30425143,0.38126403,0.49788246,0.43025714,0.19862682,0.3435294,0.18896568,0.09624437,0.791994,0.5693599,0.19955423,0.17426246,0.6109923,0.5144639,1.8257546,0.09595747,0.37233543,0.04289063,0.107338555,0.7214404,0.33453584,0.025787003,0.036866494,0.22404307,0.03535662,0.05615895,0.1631918,0.05288889,0.058454767,0.31058958,0.03893657,0.042801306,0.8750341,0.30801895,0.054925684,0.11708617,0.054693207,0.9466569,1.159147,0.50009304,0.3246506,0.89270186,0.4266685,0.76631,0.090341896,0.2521895,0.09306688,0.65199363,0.13174847,0.5246661,0.7582053,0.5113488,0.15349285,0.053756755,0.63593173,0.29225034,0.44467038,0.23776424,0.027528059,0.23178437,0.33413118,0.338871,0.31155384,0.38870275,0.5688617,0.13915274,0.48104125,0.65167195,0.04447171,0.45593885,0.18072093,0.76947093,0.13162091,0.18766023,0.376512,0.0026093924,0.62811744,0.6145915,0.1778763,0.56751406,0.56299824,0.016604029,0.7571775,0.2262097,0.79815674,0.023254896,0.23299031,0.0746706,0.20100732,0.3806247,0.58728766,0.08977971,0.13898763,0.21412046,0.0041682897,0.32886964,0.24118145,0.4705513,0.02962659,0.033276346,1.6237882,0.008083599,0.34709352,0.89523244,0.8218225,0.48471493,1.2274579,0.58054334,0.7505324,0.17739773,0.4016046,0.012398612,0.20879214,0.62290716,1.0696557,0.7843608,0.07347554,0.43688098,0.1035273,0.0,0.4529509,0.14022247,0.5287764,0.09722623,0.34816113,0.03785511,1.6828418,0.27828333,0.16025117,0.21300036,0.6564418,1.0817026,0.11836758,0.78276074,0.46304548,0.7031967,0.34576625,0.51616263,0.20496818,0.16202685,0.040122762,0.041111924,0.14997482,0.022830706,1.1290059,0.013770239,0.20182873,0.18044047,0.18837267,1.0165112,0.135114,0.13105199,0.8205323,1.0254047,0.1097744,0.44184673,0.31889814,0.05493105,0.114054926,0.41681677,0.52265537,0.12655237,0.19472101,0.3739424,0.33154434,0.08680822,0.2500335,0.6299908,0.5767073,0.074640155,0.59178144,1.0839204,1.1337314,0.010780351,1.2299278,0.11072723,0.39757657,0.31850427,0.106275305,0.13161579,0.96157527,0.0,0.6336256,0.9990845,0.42358786,0.1795403,0.5743251,0.00056742586,1.1463209,0.01929272,0.36989886,0.20331538,0.63093126,0.22250399,0.40282,0.7028579,1.1322858,0.8790858,0.050985537,0.03749693,0.22911343,0.14603406,0.4331348,0.5657138,0.23266517,0.22772735,1.5574582,0.04501523,0.0938735,0.67426854,0.03784147,0.7153572,0.022293344,0.3234474,0.63625574,0.47742337,2.0897264,0.5626709,1.1701878,0.8511814,0.6726434,1.0136442,0.41723704,0.0414339,0.37082893,0.26636657,0.2959041,0.6272569,0.068493344,0.011065567,0.2777844,0.3092557,0.9398179,0.08792994,0.54403234,0.0,0.25194624,0.38950962,0.14699905,0.20176871,0.050817877,0.19578323,0.6228377,0.28271604,0.2927289,0.046487756,0.2339088,0.3217651,0.22383553,0.6673591,1.2918673,0.17107855,0.4450191,0.2368395,0.27940202,0.91337323,0.27863526,0.37456578,0.42130625,0.65595543,0.28687406,1.6203127,0.059725333,0.47178906,0.11648142,0.49183345,0.08259666,0.4463001,1.1548185,0.77712274,0.57747185,0.40673882,0.30471748,1.0268314,0.47321185,0.27176628,0.2339032,0.60288626,0.5161411,0.0475704,0.61280257,0.5810449,0.48840845,0.8102137,0.19620389,0.55181926,0.15943688,0.1259518,0.41381985,0.48689675,0.095879145,0.12548956,0.5954208,0.27323815,0.43745726,0.12006156,0.50564986,0.5795089,0.25827947,0.61472076,0.5634295,0.53973657,0.048789144,0.33565685,0.16682383,0.4005515,0.47892168,0.55759925,0.056097865,0.62518424,0.21027367,0.068780355,0.14529616,0.12760629,1.1266654,0.29608595,0.7296294,0.292563,0.119917385,0.22072269,0.8278613,0.25717515,0.68349695,0.81960195,1.2094405,0.34857255,0.2929509,0.51929665,1.1190035,1.2642636,0.055868983,0.6566537,0.18153107,0.13461532,0.061756477,0.21293052,0.23826686,0.0028509658,0.11044192,0.20256633,0.14602056,0.008955104,0.2571121,0.080305636,0.26403856,0.29516628,0.6007209,0.4263789,0.59452814,0.5103906,0.370101,0.32355183,0.106227554,0.31180507,0.6813487,0.2679637,0.8316752,0.31412578,0.14445005,0.008022734,0.43601203,1.155515,1.2869945,0.2121121,0.04246661,0.4599259,0.27566537,0.57280385,0.28262925,0.34239513,0.21421999,0.5898489,0.34434098,1.4004276,0.56771624,0.25408882,0.34937048,0.2703451,0.54635036,1.2333491,1.2169888,0.018116187,0.687188,0.7697021,0.10250095,0.5852918,0.4535483,0.19046621,0.39324498,0.430902,2.0933247,0.4467889,0.082125835,0.071080975,0.16987835,0.008812785,0.49985084,0.15704829,0.034206808,0.27030978,0.8119749,0.44175974,0.2515766,1.1102452,0.7947495,1.5486164,0.036797497,0.75205624,0.18593906,0.34917486,0.06323582,1.419677,0.0,1.3181665,0.37686938,1.781076,0.26655287,0.32082528,0.5023184,1.0729086,1.0750966,0.32225496,0.31976643,0.35284668,0.4373651,0.5988507,0.598317,0.71020174,0.20878975,0.16447094,0.042198002,0.0,0.4400862,0.92933697,0.21136017,0.024285555,0.81903034,0.5176772,1.6489799,0.5086935,0.23969899,0.1923113,0.79721355,0.025889177,0.07383948,1.2997295,0.34663007,0.3079571,1.1161679,0.37089843,0.08651509,0.2766075,0.7086712,1.7943227,0.46643618,0.01054228,0.34818733,0.4679939,0.5584059,0.449122,0.8370762,0.18211848,1.9277292,0.19807842,0.22054902,0.11793835,0.4539866,0.21269342,0.0,0.20552145,0.21926,0.086152926,0.26770663,0.15457629,0.021346156,0.80122465,0.32938147,0.22505906,0.3342612,0.2859536,0.14789544,0.04656077,0.437713,0.6857395,0.18135652,0.097629316,0.71534824,0.14058152,1.3244516,0.3528777,0.20339498,0.7377503,0.97233295,0.1032546,0.5065181,1.5829518,1.0494692,0.45175487,0.22908187,0.42736688,0.18847701,0.7440671,0.40289262,0.042775057,0.14959699,0.6470705,0.16538952,0.3257136,0.8704525,0.43486005,0.16124591,1.1000928,0.50448775,0.6669595,0.014393226,0.13506979,0.83282316,0.38650423,0.012884722,0.37313414,0.68586165,0.046355024,0.61666316,0.8615796,0.1701159,0.06428829,0.45034423,0.14317632,0.008713436,0.18309546,0.31982824,0.3328033,1.5639997,0.35155675,0.5947765,0.32774,0.07744834,1.3587397,1.1263794,0.47901505,0.17045397,0.0629974,0.18241784,0.6763759,0.46704715,0.49849018,0.040630538,1.1005453,0.043065436,0.7164701,0.59866047,0.22739708,0.6045214,0.011489689,0.8038695,0.040458858,0.018770888,2.215639,0.8187199,0.7211134
0.13681611,0.09902175,1.7724965,0.40499368,0.43320101,0.13446933,0.25161847,0.5616598,0.17928395,0.7469126,0.70934975,0.037269924,0.24202141,0.38205358,0.1699467,0.077664636,1.2619781,0.16714625,1.470247,0.70610154,0.6557652,0.20430079,0.6080525,0.021307284,0.15491055,0.037308812,0.26832843,0.5550519,0.22372335,0.14443234,0.07822524,0.6249764,0.14079568,1.0866933,0.7718133,0.095897585,0.027148232,0.87118053,1.1547123,0.08584018,0.14900184,0.24130328,0.2631539,1.285965,0.371881,0.041588128,0.1095746,0.35464615,0.35996372,0.20174962,0.26449746,0.34281525,0.039541986,0.11697421,0.022415303,0.045548312,0.1586175,0.5343599,0.22032276,0.5341506,0.025234269,0.14394176,0.42962897,0.58013326,0.052449316,0.52386147,0.13325809,0.15845525,0.310267,0.101888865,0.02981292,0.65734273,0.22808217,0.084326096,0.2556733,0.20527895,0.26932675,0.10192407,0.10843307,0.24790469,0.81370413,0.036859144,0.4098978,0.34728584,0.12822792,0.4830912,0.13642508,0.0915186,0.16910197,0.3976274,0.24343488,0.19430175,0.0044060745,0.23946157,0.36355752,0.87115794,0.085210726,0.59015495,0.04802479,0.6818975,0.25407708,0.7740871,0.38762787,0.08118328,0.06372039,0.23542261,0.64725924,0.37391603,0.3542555,0.2411325,0.14487034,0.65055674,0.10887587,0.12577046,0.8048632,1.2408309,0.06636763,0.49309292,0.17446445,0.56318784,0.058682814,0.17684023,0.3145796,0.42425427,0.23498434,0.07088569,0.41133836,0.5549562,0.49363562,0.23597866,0.080839686,0.5551752,0.116672784,0.17632812,0.14125495,0.081886664,0.07521781,0.13115093,0.09007873,0.21634519,0.35022765,0.36839667,1.6575111,0.59783053,0.42563656,0.1354605,0.5810074,0.03434524,0.3863725,0.07155051,0.029854584,0.3750575,0.41791636,0.2525452,0.30990934,0.038650826,0.1772595,0.19324565,1.060784,0.20554087,0.089233994,0.66185737,0.5689816,0.25667822,0.08978599,0.16277613,0.2927772,0.40440702,0.05265738,0.1519253,0.07591255,0.4377943,0.33308935,0.12686884,0.030920893,0.12044766,0.7093829,0.26874554,0.49985003,0.059725743,1.1468848,0.59141445,0.17761347,0.16525978,0.44530234,0.3194071,0.46834785,0.3159938,0.63865304,0.18968257,0.057284687,0.9843461,0.062934734,1.0927178,0.142641,0.17802083,1.0921482,0.24303438,0.4610903,0.07772929,0.21789795,0.12654865,0.36500534,0.3944046,0.24345332,0.031460393,1.6135632,0.3422928,0.12274219,0.14413612,0.3217859,1.3326147,0.44931614,0.8670943,0.5294366,0.5531846,0.5375781,0.05410324,0.25903538,0.30903167,0.30555952,0.12482868,0.47732764,0.50415576,0.18421532,0.5477685,0.3429327,0.1341168,0.0052851094,0.19093114,0.21264833,0.3610627,0.011536873,0.21871264,0.009940216,0.28629214,0.12544945,1.0242574,0.03497805,1.0208,0.13567245,0.7957823,0.1387282,0.4182244,0.31866416,0.121242955,0.13726124,0.5501869,0.047009192,0.3951506,0.21378925,0.46745244,0.053003885,0.17537373,0.023396913,0.041708563,0.27799344,0.12731445,0.305983,0.6316048,0.028169971,0.58202267,0.06851114,1.0288972,0.111553825,0.019269958,0.09940774,0.51321995,1.3022726,0.0,0.42947835,0.2940145,1.6433474,0.37149286,0.0773121,1.0621345,1.0925574,0.271879,0.09050378,0.22788882,0.6060394,0.15572065,1.6827792,0.5924243,0.4046365,0.026694413,0.27710634,0.7219994,0.4019547,0.13668494,0.20059687,0.5457809,0.24461593,0.45215508,0.1928164,0.36303088,0.24198431,0.9287574,0.3959744,0.48862892,0.24167891,0.40331173,0.56336045,0.6042594,0.6588691,0.24148415,0.14700039,0.07915106,0.6372129,0.050300837,0.84313315,0.24764155,0.02870824,0.14303462,0.35651916,0.11447786,0.17424116,0.36883986,0.3393115,0.8938563,0.23331153,0.071593486,0.11072315,0.1470437,0.15858042,0.041216515,0.047427356,0.18889719,0.2981355,0.16960125,0.41801417,0.3767004,0.22738719,0.00038193972,0.05531171,0.9491563,0.19643405,0.274958,0.4824371,0.09996665,0.5137894,0.09482194,0.095856175,0.2774111,0.082446344,0.13695315,0.75443876,0.22609429,0.9463464,0.1289908,0.25698563,0.4111323,0.010756129,0.15561014,0.14710306,0.044434655,0.2919889,0.024051134,0.122402385,0.60759413,0.17776488,0.27185166,0.054423418,0.2957184,0.08423113,0.22192058,0.067950174,0.63707066,0.008194296,0.10898992,0.39983144,0.057613783,0.24090026,0.13511303,0.05200561,0.3081748,0.4292271,0.048654307,0.16049768,0.30328786,0.11271757,0.13947475,0.15905547,0.06506755,0.07670265,0.4414832,0.051888037,0.02361941,0.25353742,0.016213099,0.008227437,0.18218654,0.2750422,0.34175146,0.24375692,0.06556662,0.9106871,0.32106954,0.25801757,0.20731395,0.18544954,0.017261919,0.23570894,0.20532724,0.09270851,0.31494385,0.22889018,0.1076667,0.40190703,0.15756008,0.08800226,0.04882406,0.1998226,0.12934375,0.9318965,0.16276835,0.06695973,0.91978717,0.32131842,0.095586695,0.007753481,0.75449175,0.3230454,0.42896238,1.0062193,0.29175696,0.06340623,0.6019624,0.13931844,0.0496484,0.29904884,0.14064509,0.41338086,0.010904478,0.7632841,0.08545682,0.15417251,0.40708923,0.06952081,0.53832144,0.55026454,0.3275699,0.12601835,0.10776631,0.054030903,0.117548846,0.08982074,0.0949513,0.06178914,0.23968048,0.31270814,0.14346235,0.103405386,0.2924536,0.17710564,0.052064177,0.25019586,0.15147445,0.09111015,0.28039414,0.72801644,0.043569606,0.52099013,0.06571084,0.19247831,0.4441718,0.06806193,0.13759461,0.06097115,0.013372402,0.0,0.14579833,0.21028274,0.4135779,0.02899488,0.7012197,0.2095528,0.24487522,0.004434922,0.10500304,0.60379434,0.16768976,0.669011,0.02323344,0.014228612,0.4261487,0.13814203,0.066455595,0.49170148,0.09491427,0.11088819,0.036046132,0.15889096,0.3212003,0.38241518,0.11068586,0.109936364,0.008830672,0.5820649,1.39993,0.6581609,0.41760173,0.077111095,0.1253307,0.5388216,0.42742682,0.38533288,0.008760797,0.5621493,0.08823497,0.1628836,0.5084071,0.37323332,0.11232686,0.16740847,0.06630938,0.09629051,0.3130119,0.07180376,0.4289655,0.082819,0.08431589,0.004457663,0.06977919,0.039454468,0.017463677,0.32355967,0.13369581,0.4125071,0.82508147,0.27112132,0.17358407,0.7568904,0.4924548,0.8373785,0.20492636,0.59549516,0.0014091912,0.09014201,0.16556029,0.6326474,0.70336884,0.096803784,0.26938707,0.2240375,0.20579678,0.096431024,0.0047571454,0.22750486,0.5993434,0.5258044,0.43427938,1.2318549,0.18533683,0.5471197,0.15114029,0.21972886,0.24637331,0.4626323,0.6628117,0.15575157,0.2530019,0.07260644,0.80068153,0.56978524,1.0954742,0.78815156,0.1015524,0.65900487,0.551073,0.8530639,0.05457167,0.26651427,0.0030427682,0.5656934,0.4120549,0.122055545,1.0670531,0.4695461,0.27749264,0.14077297,0.3829196,0.2515093,0.18867907,0.009338203,0.30595055,0.11477029,0.164157,0.01713822,0.013530217,0.14318548,0.3462035,0.9123057,0.33888727,1.0255033,0.90943545,0.05797978,0.22467698,0.055686176,0.1747179,0.03738261,0.039176945,0.2691366,0.70473045,0.012629568,0.035631426,0.4343188,0.3783071,0.10871661,0.23580596,0.13835356,0.2512517,0.019958138,0.15771556,0.108482614,0.16147488,0.28321025,0.07604368,0.029306667,0.3157101,0.17542315,0.4450232,0.17980398,0.21492779,0.02813625,0.12607402,0.3369909,0.31451494,0.06706169,0.39825135,0.042687368,0.46142966,0.29430798,0.040647496,0.082578145,0.18398443,0.34550864,0.83399194,0.6377103,0.18961556,0.25260755,0.113353014,0.16901994,0.4555301,0.66045403,0.18224287,0.30507088,0.2344689,0.0007524041,0.19602638,0.059784807,0.2768492,0.45551848,0.08434185,0.06061855,0.24577641,0.15172225,0.28636402,0.06737462,0.3599506,0.17197812,0.32440582,1.0381536,0.26737565,0.12960102,0.08023548,0.14632896,0.09283074,0.20455523,0.030131074,0.4961026,0.054141976,0.021438172,0.14466454,0.30551654,0.16613501,0.09356798,0.31986928,0.0043377304,0.039952762,0.76151186,0.02760182,0.66393846,0.2583762,0.008858368,0.42164207,0.039906457,0.08155476,0.46081966,0.009272429,0.015679084,0.15313344,0.031935163,0.30954912,0.18398455,0.69074786,0.32025218,0.21435,0.14578506,0.039733022,0.6212373,0.6645131,0.16429172,0.2741179,0.40064508,0.11098477,0.019901035,0.65943676,0.26596156,0.17934011,0.03763993,0.017905213,0.5655125,0.58245826,0.070434414,0.63518524,0.36390916,0.1287252,0.28985035,1.1463468,0.1643841,0.3469618,3.3421764,0.37547165,0.6405637,0.48697168,0.7102634,0.45457563,0.06896121,0.14978877,0.27393687,0.07425142,0.4439407,0.10673371,0.0470218,0.71322215,0.21832883,0.17175044,0.11196469,0.20697008,0.0,0.06532929,0.055833012,0.0010276278,0.78153133,0.06801822,0.052934006,0.5315268,0.17632702,0.54116315,0.17014702,0.05881664,0.71728694,0.11762919,0.25001067,0.008347781,0.14135858,0.06111952,0.038723774,0.5168468,0.26205146,0.28536457,0.046114616,0.022211015,0.2263196,0.043733105,0.09249198,0.12996668,0.21359897,0.2573461,0.24205765,0.13956483,0.11990444,0.04609991,0.50684226,0.024201967,0.24240302,0.089645065,0.5804168,0.09733889,0.143284,0.623826,0.42965508,0.061178226,0.008296416,0.52613443,0.42075428,0.29427156,0.15190208,0.25507855,0.17936456,0.34440506,0.26873708,0.0010704313,0.3128227,0.14257246,0.05526748,0.046578657,0.37029555,0.1704922,0.20726272,0.0890522,0.3324744,0.29274106,0.38762033,0.1130773,0.21386784,0.06302655,0.20216441,0.57662547,0.46639678,0.1032123,0.021860138,0.06943637,0.018351682,0.16456407,0.38346553,0.53483605,0.02841784,0.24739487,0.06127978,0.5176302,0.5254637,0.022245115,0.11497681,0.10483692,0.1460092,0.07503411,0.764281,0.33016416,0.06754145,0.9588293,0.4276905,0.06826031,0.29896522,0.16080292,0.11216432,0.13546473,0.18610439,0.19660099,0.3381979,0.37896302,0.10541719,0.102283075,0.03690868,0.47762758,0.071400434,0.13432719,0.41419798,0.5612127,0.31623694,0.17117602,0.087888815,0.5955589,0.37119228,0.061175175,0.123740025,0.51153374,0.14151394,0.3424195,0.22868799,1.4191842,0.5326179,0.51408803,0.15249306,0.37442142,0.0986663,0.9826447,0.22155678,0.16207235,0.019315608,0.104833946,0.17683399,0.1468423,0.13787018,0.049323328,0.1596802,0.18046764,0.1425389,0.048258033,0.20387475,0.10683164,0.08474305,0.47033733,0.11007438,0.12661457,0.20990184,0.06135955,0.57958186,0.29439306,0.0021521652,0.0019077454,0.15573363,0.2466825,0.2580791,0.37830028,0.35620984,0.28463686,0.04088976,0.44657695,0.36723268,0.017015815,0.7083593,0.50068974,0.08426547,0.061012387,0.13978636,0.13041198,0.008901476,0.05875346,0.24936406,0.034081817,0.119749546,0.5231759,0.02331331,0.26730162,0.458376,0.09667647,0.16232413,0.024751676,0.38092506,0.04567854,0.022400036,0.26997852,0.2991125,0.6950965,0.0885232,0.5200978,0.12901235,0.14147153,0.08210193,0.28944302,0.4648831,0.033012226,0.7693732,0.22158204,0.24084006,0.07382202,0.026656067,0.054836616,0.5169463,0.06754989,0.35072574,0.2055944,0.15466489,0.026984092,0.13530838,0.056159828,0.07307726,0.5109494,0.21627901,0.30549228,0.10146299,0.45425597,1.1536646,0.4611447,0.7133359,0.3161121,0.08528252,0.14392781,0.8669858,0.36111206,0.36907062,0.036579892,0.40134966,0.28065467,0.007690401,0.094162464,0.046848778,0.78267896,0.28463674,0.24614069,0.5030902,0.5061273,0.035738014,0.7140728,0.45324048,0.05432661,0.065853156,0.49077868,0.11459126,0.32510686,0.26905525,0.027050342,0.19003531,1.259142,0.015938185,0.9225121,0.06344201,0.031870324,0.016089184,0.33330333,0.059502456,0.07563594,0.080711365,0.42459553,0.3261835,0.42704672,0.107342266,0.037094012,0.23821235,0.8140247,0.26940048,0.2658177,0.03008073,0.64567614,0.13330013,0.19469905,0.26607978,0.11503661,0.118221715,0.18916717,0.08098826,0.100119345,1.080204,0.1219938,0.06761099,0.1633185,0.12724587,0.15658213,0.0034541446,0.10042356,0.036580734,0.10074057,0.35663694,0.21395144,0.04029141,0.027071446,0.1760099,0.102082804,0.37675098,0.4646727,0.20758817,0.12143332,0.6034018,0.3602005,0.5357982,0.104374364,0.035322603,0.28299922,0.29326174,0.030690659,0.3991532,0.17178999,0.09046014,0.17631726,0.10732739,0.48950756,0.19909179,0.027743362,0.36017168,0.14635274,0.033887114,0.34870258,0.19747421,0.11972104,0.5695325,0.13288087,0.3929843,0.61585516,0.4551519,0.41721523,0.12895802,0.00752485,0.07103906,0.048427142,0.12823485,0.009476988,0.73979825,0.64565945,0.096355185,0.14428006,0.048359178,0.3257133,0.3697767,0.18573916,0.34526822,0.41598892,0.13533527,0.42045543,0.13895208,0.13940597,0.0643639,0.6130357,0.15151939,0.39026725,0.073036626,0.7417096,0.65410125,0.18947348,0.08928875,1.1113651,0.13272259,0.19698292,0.11796696,0.943774,0.7663877,1.1763332,0.56140256,0.5736711,0.023938946,1.3902323,0.5705428,0.31292784,0.24616809,0.1466267,0.1338893,0.22627625,0.14439246,0.8042356,0.822219,0.09386578,0.34510595,0.28969264,0.0012949412,0.9524809,0.2744822,1.0795497,0.3965942,0.6867498,0.189405,0.06982012,0.28622326,0.563699,0.56139284,0.03050079,0.4253583,0.19178659,0.09989187,0.53296244,0.48854262,0.07052362,0.8968332,0.17290777,0.119002774,0.5353219,0.12395862,0.57245326,0.10748665,0.31177354,0.5536351,0.3895229,0.16529745,0.3474217,0.79603064,0.44960636,0.3859408,0.09955087,0.6516915,0.57113385,0.5148964,0.10079373,0.43647885,0.22403269,0.73842657,0.27226767,0.24734783,0.54863226,0.6163236,0.31684786,0.46757865,0.2892581,0.2062111,0.5731152,0.47435528,0.33218592,1.0289291,0.08570664,0.78142715,0.38400376,0.21184237,0.24598493,0.50355214,0.10632417,0.12355609,0.62270415,0.3092752,0.0,0.055438012,0.25660437,0.04961793,0.16955376,0.14123099,0.37701744,0.44756326,0.2141954,0.03434996,0.5179033,0.20456484,0.0018769451,0.063202284,0.6465527,0.3010387,0.49579632,0.5733836,0.5285939,0.4240994,0.628686,0.20804521,0.14652152,0.36242414,0.09228826,1.0273159,0.020355955,0.37401247,0.37416047,0.1374287,0.805682,0.2836191,0.098154694,1.0564299,0.047944695,0.62607324,0.18543753,0.032454975,0.6538067,0.101227626,0.8492948,0.3505497,0.012422824,0.53209484,0.69890225,0.3284369,0.34391746,0.3361984,0.16452998,0.07023632,0.46196544,0.47803843,0.02525171,0.44016176,0.10369435,0.050873224,0.34603077,1.8366778,0.56600046,0.62169814,0.34807518,0.9317159,0.0,0.34227267,1.4697702,1.0020754,1.2920121,0.555187,0.100536615,0.24144939,0.40277287,1.0940815,0.3635356,0.41007355,0.13662751,0.656291,0.07050403,0.17590502,0.05375601,1.4070628,0.15123405,0.6288955,0.18781367,0.028861627,0.5129165,2.276466,0.18922183,0.52830267,0.16449516,1.1774204,0.4661228,0.3009454,0.8637252,0.05126801,0.364658,0.21128537,0.68584394,0.18954232,0.0,1.2006937,0.094964825,0.27513608,0.9082364,0.13376975,0.037920613,0.22157173,0.051593315,0.76844513,0.7128601,0.3922039,0.43415487,0.21352333,0.62454486,0.09704916,0.2088287,0.12695616,0.5805104,0.06970492,0.25794992,0.37205827,0.35553965,0.27990583,0.89858276,0.82523656,0.44837117,1.2125716,0.43975255,0.4472928,0.014634685,0.36255115,0.07292543,0.60037935,0.5391746,0.9839585,0.11186196,0.4982226,1.7812102,0.3163941,1.1398225,0.19571292,1.3928367,0.14308444,0.7788513,0.25660396,0.92015517,0.815779,0.3266926,0.3748901,0.06836821,0.06273535,0.80817837,0.2942436,0.09026336,0.34190726,0.74120915,0.8976449,0.039084002,0.14180169,0.20193008,0.032531157,0.031920254,0.0977315,0.60207075,0.3783887,0.007600311,0.34869528,0.23571503,0.9528393,0.41078037,0.43035787,0.35980338,0.59251904,0.9221566,0.44445232,0.0122182295,0.23696774,0.17512438,0.118623495,0.030520579,0.4637928,0.602648,0.56392545,0.8642524,0.26828837,0.044025738,1.7487321,0.55358434,0.68631613,0.66480327,0.41017437,0.31376076,0.28885907,0.221041,0.52815616,0.119712204,0.5094517,0.068374395,0.033078253,0.4301783,0.42241704,0.4526335,0.6125259,0.061350662,0.02223697,0.01030864,0.48195183,0.35398555,0.008666553,0.06298643,0.6852511,0.5546746,0.7796204,0.065969,0.57344544,0.50443083,0.48446885,1.3439697,0.62505746,0.32663175,0.35998237,0.0053421743,0.26347345,0.05269425,0.5640951,0.5181925,0.286315,0.05426795,0.01975495,0.5253799,0.16044216,0.6634686,0.07047988,0.27151978,0.5105089,0.22560291,0.18611878,0.5846904,1.2150185,0.35626933,0.05108495,0.69803524,0.22953737,0.18430588,0.26858038,0.047199167,0.477342,0.4091654,0.06626606,0.67151296,0.76912475,0.42389202,0.47520328,0.09106911,0.19360194,0.61969435,0.24592897,0.7092674,0.9813353,0.29260236,0.26608044,0.25646943,0.6638345,0.9235041,0.2524386,0.022221645,0.33487886,0.8016187,0.15457271,0.024083022,0.9506732,0.21427932,0.9959557,0.20963234,0.14966106,0.20416246,0.23468485,0.25131857,0.2662518,0.40943313,0.5244801,0.44338435,0.022240564,0.17973551,0.015863487,0.004049533,1.2552695,0.005972298,1.2137322,0.004858751,0.41294566,0.04613474,0.4575714,0.06985664,0.2704205,0.44968444,0.023179024,0.5770015,0.051599737,0.002854452,0.49218446,0.11900978,0.16893384,0.4260347,0.8362491,0.3944461,0.10767764,0.45758432,0.023279537,0.71793884,0.16123882,0.3811364,0.3567329,0.30288845,0.4876182,0.38567406,0.30655357,0.3037355,0.17970173,0.05575567,0.81563044,0.56154937,0.26016644,0.1833839,0.7047519,0.5131409,1.7246855,0.10208049,0.35661304,0.081964746,0.099648096,0.631894,0.42732054,0.049275685,0.059823547,0.20558524,0.025775358,0.06061203,0.17792368,0.09955107,0.05661915,0.3283438,0.04667559,0.0407176,1.0245354,0.25073528,0.04872632,0.14807248,0.106718525,1.009403,1.085109,0.47975832,0.2467359,0.98101354,0.417771,0.8051649,0.06580192,0.27595872,0.07627319,0.7218935,0.15836105,0.61325115,0.76071715,0.4222021,0.17024994,0.09588784,0.6822844,0.2545431,0.47055197,0.22560728,0.03039312,0.29335588,0.3598106,0.33083996,0.33253127,0.3799125,0.5437118,0.14165016,0.4893993,0.7074362,0.046092,0.49642295,0.235771,0.76396775,0.18792702,0.27368554,0.49868262,0.0047769924,0.69529426,0.63818765,0.30840617,0.5108019,0.57307947,0.032928303,0.8146521,0.3422866,0.6990957,0.042229168,0.22528529,0.11997908,0.18840887,0.41263494,0.63751197,0.09801356,0.11066731,0.20228012,0.007377062,0.42918435,0.26858342,0.5586988,0.05956665,0.049141057,1.6641244,0.0003129619,0.5120418,0.9203671,0.9855108,0.37789118,1.2542462,0.6898638,0.785215,0.17227857,0.5693719,0.019948272,0.20110469,0.7609153,1.1696,0.89345586,0.11610944,0.4362072,0.11738767,0.002287077,0.46811157,0.18319747,0.44355056,0.09199489,0.45205906,0.012705426,1.6612774,0.31454208,0.15053388,0.30649638,0.64298666,1.0092889,0.22816394,0.95889497,0.5035862,0.5094533,0.33440107,0.5950419,0.27183908,0.16295063,0.03296417,0.13726622,0.18507838,0.024622487,0.88066626,0.011717904,0.24142718,0.149838,0.21384352,0.95675087,0.18604143,0.123248085,0.88154006,0.99881756,0.1198916,0.3752491,0.30135444,0.12477159,0.11418283,0.54052514,0.47205186,0.11172418,0.19693905,0.2804076,0.32456073,0.14081775,0.2469135,0.72964746,0.5936197,0.08372675,0.52715605,1.0924268,0.98295116,0.017576765,1.4323527,0.14208975,0.3086986,0.36555547,0.16791712,0.12812874,1.09439,0.0,0.5975937,1.2551413,0.33539945,0.16170353,0.5609081,0.0,1.1777084,0.060501907,0.43241715,0.22907893,0.7705846,0.14399466,0.41628876,0.77611077,1.079213,0.94247687,0.06881502,0.027983425,0.31513104,0.18412365,0.4342125,0.615312,0.2405248,0.13012668,1.4691194,0.061602786,0.1152311,0.6630473,0.072939485,0.76364744,0.029471654,0.43347177,0.6602895,0.48606455,1.9850011,0.62472355,1.1609331,0.9395487,0.7239069,1.0990974,0.4173042,0.064969786,0.39997935,0.38143837,0.32109207,0.6493484,0.053274933,0.016694412,0.27768654,0.3601496,1.002631,0.10305342,0.68236655,9.8517725e-05,0.367876,0.43517762,0.16545986,0.20981397,0.08846758,0.21363118,0.49981475,0.27037507,0.2521999,0.09789578,0.3378892,0.38517794,0.29485404,0.72833574,1.212473,0.2885996,0.39494443,0.24562213,0.3091062,0.9592168,0.3042766,0.43805656,0.38625032,0.67142284,0.3116708,1.7423242,0.06864317,0.53081346,0.14529815,0.47621122,0.073924385,0.51643276,1.2938342,0.7680438,0.6029121,0.4381495,0.28674176,1.1215612,0.6515061,0.3267843,0.34779793,0.66347516,0.57414734,0.12989773,0.5124823,0.6347731,0.523713,0.78665185,0.14323962,0.4380773,0.16357765,0.11895595,0.5424979,0.4941205,0.10268693,0.17290266,0.58722866,0.24575631,0.58962995,0.09726155,0.457905,0.71133685,0.28252867,0.62526953,0.506942,0.49710035,0.06473952,0.3489481,0.21516132,0.56079614,0.50009245,0.5114945,0.1521373,0.72604525,0.34158224,0.1682475,0.17838104,0.13927041,1.2108171,0.27074823,0.7744881,0.30127388,0.16220975,0.2841105,0.8637698,0.25224817,0.78339636,0.9054942,1.2276748,0.29891062,0.29697195,0.54402465,1.0489278,1.2622478,0.055425324,0.55623984,0.22528413,0.22682373,0.061669532,0.27225417,0.2811954,0.008729247,0.090224214,0.339759,0.21907479,0.026386516,0.2480923,0.09121846,0.3066228,0.31231847,0.5752795,0.36953074,0.6216757,0.5470711,0.36371845,0.31651658,0.17098287,0.25371128,0.6282752,0.37734663,0.9856863,0.3835614,0.16058466,0.0055979216,0.47943062,1.1359029,1.3281202,0.18202552,0.06933278,0.4460169,0.31641144,0.5375822,0.24852613,0.30026764,0.20401561,0.48268342,0.44406772,1.3032334,0.6331682,0.31899333,0.35281453,0.22329831,0.4944672,1.227293,1.2987885,0.0062622614,0.6490565,0.5763347,0.16512115,0.6586543,0.38790256,0.23863935,0.46059695,0.37158236,2.0473557,0.37927675,0.08894335,0.08962785,0.17564997,0.009100399,0.53577363,0.16618235,0.0363706,0.2837866,0.78584075,0.32478818,0.22688341,0.88029283,0.87389624,1.4951738,0.038968302,0.65265375,0.21435417,0.39768696,0.040674884,1.3475325,0.0,1.3657885,0.30880493,1.8295554,0.31649715,0.14140016,0.396595,1.0213904,0.9970996,0.36588448,0.2981137,0.2490225,0.3644269,0.65272164,0.5884116,0.85105133,0.18374088,0.17766744,0.06515163,0.0,0.37309754,0.89742994,0.1959202,0.014173135,0.77426356,0.5893158,1.703353,0.45351225,0.19877999,0.17367935,0.7536466,0.010548106,0.11036277,1.3826075,0.36992532,0.39766264,1.2463291,0.26375252,0.05226327,0.28964522,0.7788843,1.7830975,0.6061321,0.012099505,0.25561774,0.49919334,0.6117246,0.45538282,0.75291646,0.142681,1.8713269,0.22204019,0.23905875,0.09682975,0.4791165,0.25404924,0.0,0.16849193,0.21746175,0.098568,0.27542168,0.1769184,0.014851106,0.9110631,0.38935044,0.24500187,0.2930989,0.26168245,0.15294752,0.030989401,0.4293901,0.72363925,0.1453889,0.07780508,0.7373181,0.13764754,1.2967122,0.29387468,0.21527445,0.8093254,0.98337024,0.14126457,0.4094512,1.470588,1.0696744,0.536378,0.20752367,0.3966459,0.20549543,0.73641956,0.29081583,0.074816,0.14398439,0.70596254,0.16638958,0.30648455,0.8828443,0.3651185,0.10375269,1.004673,0.43357283,0.6659554,0.0033401018,0.16505405,0.8078932,0.38108099,0.008645068,0.40555358,0.6800386,0.023168208,0.6222148,0.87375796,0.17688471,0.05124179,0.51990616,0.1123712,0.00859952,0.26292628,0.31200966,0.28368086,1.491989,0.45522505,0.4865188,0.290385,0.108302705,1.4084624,1.0851514,0.38634416,0.13367645,0.08738481,0.22910362,0.72150815,0.44111854,0.512057,0.014952194,0.93850034,0.018198617,0.71396387,0.66459954,0.3161031,0.53413975,0.014824338,0.73952174,0.088749014,0.018620059,2.1213613,0.8071227,0.613365
0.14805931,0.12797311,1.6666503,0.4264805,0.39684385,0.14014642,0.23891681,0.56995,0.20249496,0.77872235,0.6577761,0.017172677,0.20936012,0.35967225,0.1926149,0.08320914,1.1607866,0.11830019,1.4348869,0.7339472,0.63397187,0.24670646,0.5761514,0.020482993,0.20538217,0.028427677,0.26152524,0.54828554,0.30241165,0.15178981,0.09809638,0.61535096,0.1614304,1.1291215,0.7391168,0.08185779,0.024993375,0.96292734,1.1293519,0.093164206,0.17821163,0.2352742,0.23857363,1.2088263,0.36588708,0.03473538,0.09465475,0.34972093,0.3608002,0.21099591,0.24963248,0.34002525,0.048020303,0.14200969,0.0153693985,0.051617317,0.13188407,0.50574255,0.18280703,0.5144547,0.024639938,0.15328051,0.4386405,0.5753192,0.052121926,0.48953888,0.13485824,0.15123522,0.35677344,0.118150026,0.041550986,0.6319101,0.24749464,0.064025484,0.2488246,0.22280519,0.31142664,0.07749571,0.050840005,0.25245965,0.84845924,0.041037567,0.38359863,0.34903488,0.12105045,0.4591757,0.14295726,0.087709635,0.14369345,0.34714606,0.235693,0.18719968,0.0017984357,0.2991032,0.3875742,0.88694143,0.0814108,0.50106966,0.03754308,0.69816315,0.23146348,0.78567433,0.3868748,0.08304536,0.07988528,0.2516471,0.64842695,0.37672794,0.37886977,0.2081134,0.14253074,0.6768656,0.12507974,0.13184854,0.8371315,1.3467727,0.0459643,0.50807047,0.19116518,0.54659337,0.059795827,0.20051944,0.2865273,0.42485178,0.24816829,0.08127482,0.36939096,0.52914375,0.51823455,0.20802867,0.099393606,0.5679775,0.12220761,0.18280086,0.12149288,0.089523345,0.07879203,0.16319172,0.09151324,0.21200144,0.38693506,0.3485096,1.5609719,0.58769095,0.42579064,0.12836964,0.6662005,0.045398794,0.3649026,0.06336424,0.020907346,0.39161652,0.4056466,0.26478463,0.37240008,0.03950131,0.1343564,0.2176707,1.0838125,0.21235001,0.08992343,0.7060898,0.57362306,0.22406785,0.08437574,0.12415418,0.30012977,0.43244815,0.078216046,0.20623411,0.08655685,0.46105823,0.34054977,0.13539559,0.058114022,0.17941698,0.623355,0.28395095,0.5083468,0.064254634,1.2011738,0.5714796,0.18569514,0.1418716,0.4230362,0.3382263,0.44061396,0.27107853,0.65810364,0.18307334,0.06422655,0.98160815,0.065364316,1.0933461,0.16868131,0.16479924,1.0982332,0.21141809,0.46739084,0.09538679,0.19973189,0.12652019,0.40498525,0.39031786,0.18263973,0.019374795,1.5253054,0.3328618,0.100498736,0.16453567,0.3717176,1.3564599,0.46852654,0.89611846,0.5261409,0.51881653,0.4856212,0.045244925,0.2671311,0.3674709,0.2587678,0.11650376,0.5460596,0.49801838,0.19582179,0.58081204,0.38276055,0.1406169,0.0029975574,0.19290039,0.22149746,0.33932263,0.009876194,0.23070046,0.012440088,0.35435992,0.10269946,0.9779693,0.03900408,1.1208222,0.12310906,0.82143474,0.14771375,0.41581094,0.33034924,0.11076364,0.17245945,0.5020971,0.055829644,0.34864828,0.21002841,0.50628555,0.06969163,0.18014318,0.012352265,0.052800357,0.32080916,0.116426684,0.32037044,0.63774705,0.05652171,0.6080196,0.08467217,1.0631007,0.11451516,0.02995286,0.11014646,0.5257835,1.2984565,0.0,0.42203116,0.32266134,1.5259447,0.3908502,0.078530096,1.0315053,1.083127,0.31737933,0.08679654,0.24524674,0.5297378,0.20549,1.6667377,0.57428,0.39443198,0.026246708,0.3317231,0.791004,0.40313333,0.15074787,0.24771516,0.62019014,0.25158826,0.36859035,0.21667075,0.28994232,0.2900086,0.9420556,0.43327,0.5407603,0.23879622,0.40041608,0.6649977,0.58219135,0.6480067,0.31249854,0.119954295,0.081639536,0.6451663,0.0728246,0.8716465,0.29464114,0.04645165,0.120678075,0.37059653,0.13005546,0.16448289,0.35535342,0.30322397,0.9220507,0.27852273,0.058008358,0.13133554,0.1738938,0.21553975,0.04340993,0.038379576,0.1700964,0.2851519,0.1599654,0.40122628,0.3492494,0.2842661,0.00045661582,0.073616326,0.9335581,0.20107038,0.2592861,0.4775247,0.107353024,0.62595713,0.07813028,0.11800172,0.30529594,0.08244651,0.10554613,0.6058106,0.19997482,1.0159514,0.17007504,0.21157475,0.38287646,0.010782575,0.17675339,0.16090927,0.056318905,0.27990162,0.023887005,0.18019018,0.6305866,0.17288099,0.30527604,0.069436535,0.1991497,0.09227758,0.2178323,0.047292903,0.59374154,0.014492577,0.14699757,0.31938487,0.08760308,0.21994817,0.12551743,0.045662664,0.30472952,0.38825524,0.051094197,0.19209093,0.35491562,0.14748526,0.13840306,0.14248729,0.05440376,0.08380063,0.41828948,0.08498503,0.02380915,0.23919713,0.017514078,0.0060193925,0.16866127,0.37516648,0.2877444,0.22709331,0.10595493,0.8270222,0.41381112,0.355707,0.26445484,0.13776398,0.010127777,0.258429,0.17804079,0.086914256,0.42407864,0.28015387,0.14025536,0.3407793,0.19181964,0.10201761,0.04015503,0.1993208,0.12361792,0.77707493,0.17049825,0.074085236,0.66807616,0.31454572,0.074961856,0.015505176,0.77488256,0.3439253,0.4434673,0.8832934,0.29471433,0.048978437,0.6119819,0.14046164,0.062241185,0.2909125,0.1438999,0.37483135,0.0,0.7594974,0.11664691,0.15283087,0.36555436,0.1326488,0.5793168,0.6146658,0.30477184,0.061111268,0.12151989,0.03911677,0.1389236,0.11289466,0.11086996,0.090442464,0.1942791,0.34202182,0.12916449,0.18560177,0.30555266,0.3272507,0.0569233,0.2592865,0.13528045,0.09416863,0.32579833,0.6503856,0.06374939,0.5564213,0.05719991,0.26966664,0.4440457,0.087396964,0.13459586,0.05463772,0.017390963,0.0,0.11554676,0.1844117,0.4297853,0.022303984,0.68338203,0.31344882,0.30227387,0.0030074858,0.12487005,0.57108486,0.31299007,0.6204479,0.029774232,0.01444289,0.54851174,0.13982746,0.08434422,0.538455,0.10528966,0.14233308,0.059701055,0.13833763,0.30555785,0.35245275,0.12693806,0.10301613,0.022977639,0.53694475,1.3954643,0.5931957,0.42873693,0.08527031,0.09974311,0.51578045,0.5327096,0.45575047,0.019205024,0.5427083,0.11342628,0.2417181,0.5930928,0.24000296,0.08149573,0.1589064,0.0387011,0.084938064,0.40698206,0.082771815,0.4945565,0.070285425,0.11790622,0.006185334,0.069594264,0.06381055,0.03878475,0.30933464,0.17961052,0.37306517,0.86085737,0.34352964,0.17379075,0.70049906,0.5362092,0.6995471,0.2200128,0.55577075,0.001266017,0.1922351,0.1971306,0.597119,0.7169552,0.0890976,0.27110648,0.30627078,0.17606294,0.08327038,0.0067169755,0.25308266,0.5417794,0.5184253,0.41005757,1.0378395,0.122025296,0.45590758,0.10441829,0.22136086,0.39532566,0.39688572,0.8474629,0.09632953,0.287555,0.03163025,0.77694744,0.72899175,1.1532024,0.83838725,0.18337306,0.63242984,0.5052818,0.7223077,0.072862506,0.26307517,0.0013086161,0.45870155,0.3907709,0.10936596,1.0726092,0.42139167,0.25391847,0.1664621,0.39409667,0.2340037,0.1420119,0.0038984139,0.39401227,0.09734389,0.2241947,0.06318923,0.027544037,0.16619596,0.37041116,0.8350076,0.36431783,0.948115,0.9316694,0.057283767,0.2102972,0.046372287,0.14823337,0.0475139,0.05640621,0.24673022,0.59717315,0.011022065,0.052819207,0.5553886,0.32500526,0.09109129,0.26912582,0.13830179,0.3021903,0.024420934,0.14812398,0.105992556,0.20974612,0.23992737,0.0674405,0.047145113,0.3243005,0.1964696,0.47459805,0.15542558,0.19349591,0.024887932,0.10486585,0.33739668,0.4096745,0.09170978,0.35959467,0.10702266,0.4811882,0.3142561,0.0289207,0.08549716,0.16492482,0.28247166,1.0830225,0.71005595,0.27533382,0.23884964,0.118303895,0.13483334,0.49425155,0.6519186,0.24378107,0.2754596,0.24562138,0.017569302,0.2160907,0.12363972,0.2817064,0.48969248,0.051800296,0.050217707,0.23003405,0.18490225,0.2830897,0.12337275,0.38364482,0.18084389,0.4241218,1.0860934,0.30431628,0.10832377,0.05794344,0.08865574,0.13175792,0.2364665,0.05841388,0.45622015,0.06422449,0.011368303,0.17490493,0.28197363,0.16227928,0.12991948,0.3045703,0.008079579,0.06806696,0.81917584,0.02104202,0.65644056,0.2252391,0.06795028,0.42430374,0.0710451,0.16693549,0.6527801,0.0112443715,0.020205257,0.23607166,0.048255354,0.2069303,0.1857036,0.5521412,0.4029203,0.21634811,0.15219694,0.020783065,0.5593732,0.71555173,0.18130845,0.31922203,0.43101946,0.11486703,0.033522125,0.6790545,0.19045293,0.16495287,0.032306865,0.028494831,0.53737617,0.5474046,0.083855845,0.56197894,0.3542367,0.13224427,0.27605146,0.96075356,0.16423333,0.34096587,3.2166824,0.36432374,0.6333913,0.44309995,0.6900891,0.40950438,0.033229034,0.11562274,0.31939015,0.06132926,0.45291865,0.13703707,0.0165177,0.80874944,0.25335592,0.21851489,0.098119475,0.18417229,0.0,0.0846109,0.045074463,0.004994781,0.90049195,0.052195847,0.116378985,0.4390368,0.15628098,0.48863468,0.094658256,0.07956084,0.7058445,0.11306331,0.29692855,0.020085571,0.11259693,0.07094851,0.059653178,0.4692227,0.27103323,0.33504418,0.058779474,0.017981179,0.19773939,0.02564974,0.1123796,0.24430564,0.1571353,0.26897463,0.19791508,0.10491152,0.13547266,0.017811539,0.49774736,0.040764026,0.2660762,0.13208999,0.37900865,0.11026582,0.17630464,0.5314324,0.37921,0.059045844,0.03433363,0.52299273,0.48083362,0.20709185,0.13841167,0.2135205,0.14573184,0.27405196,0.2500199,0.00055586087,0.2387639,0.14150418,0.07174788,0.04849661,0.35426036,0.180246,0.18393911,0.12000588,0.32261097,0.32863778,0.3893441,0.14056605,0.13649003,0.07804743,0.27384567,0.5670188,0.41461667,0.11842753,0.039991714,0.05683911,0.020418089,0.19971606,0.44564974,0.45093682,0.015387157,0.22043559,0.05729855,0.510409,0.51198655,0.03284498,0.096996516,0.13274288,0.16362897,0.048398923,0.6784235,0.27847284,0.054728348,1.0363631,0.3835361,0.056764472,0.3564041,0.19875458,0.10691115,0.24618712,0.17736119,0.23434176,0.37755656,0.43621454,0.10371038,0.10911867,0.082062244,0.5498248,0.054588936,0.12050111,0.4332422,0.5282601,0.28161728,0.177814,0.1135786,0.70334256,0.42555586,0.104006365,0.093887344,0.4584334,0.10578157,0.26460886,0.23058185,1.4502122,0.4487337,0.52922165,0.14823534,0.2826876,0.114436895,0.9576068,0.29946372,0.18649903,0.000276438,0.12142059,0.17096959,0.17415145,0.14395908,0.08182092,0.23239993,0.16196282,0.18888895,0.035469446,0.15259448,0.1423541,0.10341086,0.44155264,0.10494526,0.16675591,0.23900369,0.057185963,0.61840695,0.337034,0.0029131812,0.0017460964,0.17677173,0.25309563,0.24493018,0.3900209,0.34065017,0.28982872,0.033932913,0.5109944,0.3296515,0.019632645,0.6497023,0.34947696,0.09862177,0.020734267,0.11382787,0.14057411,0.01546832,0.061315186,0.20620053,0.058526274,0.1482542,0.4430375,0.022485936,0.27624476,0.40165251,0.15182787,0.10357945,0.028187178,0.4014296,0.050808992,0.017520042,0.17428973,0.21194044,0.597556,0.09139429,0.40268767,0.13615598,0.23952404,0.0866341,0.35259444,0.45876423,0.035077352,0.7353495,0.29735494,0.26704314,0.13335389,0.0342907,0.059184447,0.4995106,0.03895956,0.35693926,0.18425739,0.1916282,0.037589062,0.13496977,0.08724324,0.09135661,0.47638106,0.24848035,0.2800686,0.12176883,0.45810604,1.0857794,0.52828723,0.65477467,0.32450905,0.06215739,0.14452323,0.85159117,0.40345794,0.36609408,0.035648905,0.34114867,0.23415986,0.0194269,0.11394701,0.04358639,0.7691468,0.29563135,0.2976763,0.50393295,0.52498734,0.038072735,0.64022124,0.4116444,0.06332634,0.0574516,0.6297232,0.120421626,0.34452248,0.26095423,0.03864742,0.17636414,1.1527411,0.009447584,0.9158858,0.057707913,0.02486394,0.022343608,0.41216493,0.09352264,0.051278077,0.056986496,0.40460813,0.30461615,0.38696104,0.118377745,0.042779066,0.21261293,0.8828212,0.27322102,0.25987372,0.016090054,0.70926076,0.168092,0.20667581,0.2055147,0.14023505,0.1522947,0.20688283,0.13489243,0.13401724,1.0630813,0.22339353,0.0064097615,0.15220045,0.18527645,0.16240484,0.014525177,0.1416795,0.047016807,0.108349115,0.28288594,0.16765586,0.04203403,0.054034796,0.1770531,0.0945896,0.44165462,0.55337936,0.18678194,0.118423276,0.5637016,0.44644952,0.47370467,0.1796321,0.034858126,0.29208452,0.29500988,0.035859503,0.38647813,0.23683633,0.087509006,0.18364237,0.15069392,0.37425518,0.19151673,0.012829213,0.38557625,0.23607124,0.04093164,0.356345,0.2189904,0.21751723,0.5686903,0.17176254,0.3461223,0.51066756,0.41803852,0.37021732,0.1293458,0.007399329,0.052799348,0.035640705,0.12811235,0.005690177,0.7473755,0.6223547,0.1373854,0.1046993,0.021413125,0.4000243,0.45357835,0.21858457,0.48681688,0.40393263,0.1669676,0.40588993,0.121759005,0.104028374,0.033809368,0.7043623,0.19319384,0.38375202,0.09354017,0.87969476,0.65436125,0.14869255,0.08600113,1.1334493,0.13934878,0.22130813,0.15329249,0.948612,0.77322996,1.250685,0.63250965,0.6530727,0.026552243,1.3149632,0.5976492,0.31627858,0.23665477,0.15386716,0.18995413,0.16117547,0.14896289,0.8665062,0.87869316,0.100231454,0.31739253,0.29788494,0.0,1.0449343,0.4511488,1.1260846,0.49518132,0.7339735,0.20558657,0.10195177,0.31157684,0.5436986,0.5762706,0.07970999,0.42893237,0.22914124,0.20883125,0.6305702,0.55066216,0.0704652,0.9795983,0.16417146,0.12555604,0.64929885,0.1368025,0.7611419,0.20420814,0.37254173,0.4267941,0.52687657,0.24602416,0.3706563,0.8504839,0.47182837,0.3933816,0.1721699,0.64666677,0.5045482,0.5871308,0.12463836,0.5189634,0.18772027,0.8520382,0.27225703,0.3357983,0.6363536,0.54207855,0.28983426,0.41780496,0.314254,0.20178144,0.6087749,0.58811784,0.3040361,0.9178814,0.09787959,0.76147103,0.36073804,0.23445484,0.23471265,0.57613003,0.103193924,0.1484597,0.5809718,0.21194012,0.0,0.055420954,0.2638564,0.059135623,0.15568261,0.11510342,0.33809805,0.53254634,0.24031202,0.048996292,0.53817356,0.20605007,0.0011456868,0.07442442,0.6369209,0.3086996,0.45475897,0.5473795,0.603279,0.47461182,0.6805984,0.20271139,0.16242434,0.31374198,0.10735331,0.9852793,0.022157619,0.39394057,0.3843691,0.110611305,0.92184293,0.32880977,0.089548275,1.0529332,0.043201663,0.53628755,0.20543203,0.027681382,0.6293687,0.12292781,0.66834176,0.3358932,0.029219538,0.4876787,0.7718557,0.271672,0.32327026,0.35408068,0.17427531,0.05353769,0.42428094,0.5029616,0.02256218,0.42971843,0.090757445,0.087741144,0.40317962,1.8719941,0.5969844,0.684686,0.3536983,0.9169348,0.0,0.3657659,1.4270582,1.1136119,1.0759811,0.59355086,0.10166308,0.24939844,0.39368457,1.1445787,0.36831546,0.36402613,0.15279835,0.68714166,0.10109555,0.19508092,0.03507229,1.4188273,0.20596007,0.7155223,0.22310826,0.0140998885,0.4717418,2.222657,0.18606791,0.56947964,0.16200876,1.1370484,0.5724002,0.28073722,0.8880478,0.04201305,0.4735729,0.23711513,0.6541527,0.20554902,0.0,1.4508681,0.09849484,0.3351159,0.92650294,0.10350604,0.063352674,0.25920606,0.08562032,0.87050235,0.791806,0.37765804,0.38460416,0.17840077,0.6474859,0.11627291,0.20404887,0.23397356,0.58662796,0.057859227,0.33706933,0.4153417,0.44502836,0.37108836,0.995858,0.6823067,0.32894373,1.2076079,0.567257,0.49352288,0.03322814,0.3253074,0.056537353,0.6565232,0.51182216,1.0064604,0.108123556,0.51084554,1.6288352,0.3035841,1.3593358,0.2262537,1.4212482,0.15946265,0.81258625,0.33802795,0.9393971,0.8927922,0.4563235,0.38238335,0.10669209,0.088340014,0.773677,0.37891528,0.0545741,0.47243398,0.7389302,0.78245646,0.08138998,0.14221531,0.14714162,0.057453625,0.029088816,0.11762499,0.58681464,0.33531737,0.0076823477,0.41170666,0.30379182,0.91613096,0.3782888,0.45440263,0.3560354,0.7027704,1.056679,0.5994493,0.09537977,0.28841406,0.21767262,0.104888454,0.04369063,0.54875976,0.7495787,0.5501975,0.7924917,0.30304337,0.019322494,1.7390673,0.4618159,0.5554237,0.6273315,0.43983454,0.28772676,0.26157126,0.31106362,0.44139498,0.115735576,0.44716358,0.08903512,0.043757424,0.45267594,0.5196651,0.48468682,0.70084167,0.061472982,0.019453224,0.013303645,0.47009295,0.33756807,0.011208424,0.08893049,0.7342848,0.4869581,0.75981057,0.06854603,0.57724184,0.42374414,0.5269171,1.3057542,0.5431208,0.3418186,0.4473745,0.004164694,0.20221135,0.06929403,0.6291578,0.6196911,0.30772865,0.062590055,0.03696621,0.52384365,0.21840021,0.6007639,0.08178078,0.2660143,0.59829855,0.2967564,0.23339233,0.61363006,1.241468,0.39894044,0.075078286,0.7353606,0.22712348,0.23192546,0.2656686,0.057223313,0.47298756,0.3841536,0.034699302,0.6107139,0.9426202,0.437079,0.52975327,0.12670179,0.09749317,0.52150893,0.25591838,0.6322341,0.9689072,0.24452433,0.28369337,0.35107315,0.71356106,0.9115702,0.32758588,0.013560813,0.34460098,0.7429798,0.16787744,0.043108463,1.0081568,0.24613413,1.0472485,0.27259895,0.15674892,0.19837531,0.20308211,0.19716984,0.44926858,0.4826796,0.65989447,0.56313396,0.034331225,0.17107809,0.026111707,0.0056401165,1.3064508,0.0061661797,1.2166429,0.017975776,0.3539437,0.04804346,0.38009048,0.064127736,0.3391611,0.3863756,0.025711369,0.45994884,0.033593003,0.0029644452,0.5534641,0.19069995,0.13427922,0.38554427,0.800089,0.37517008,0.031154102,0.4903892,0.023244835,0.9106465,0.21409462,0.42935634,0.2973424,0.2836598,0.40870142,0.32031232,0.32247323,0.42640954,0.23356792,0.060116746,0.8758386,0.67996633,0.2525377,0.20762125,0.8218981,0.5773375,1.8011332,0.103980765,0.36904043,0.092882864,0.07833068,0.76594806,0.39591774,0.054611877,0.03151393,0.30918032,0.048250295,0.12767917,0.21074384,0.07245879,0.113051996,0.34179366,0.06665659,0.026429756,1.0103909,0.370318,0.044680487,0.14035225,0.11614768,0.9171119,1.0990458,0.5722753,0.35588738,0.9458681,0.35986912,0.8338057,0.09520063,0.22735438,0.09095398,0.74802595,0.15388267,0.6491538,0.69803256,0.37285292,0.17608233,0.14655143,0.7402009,0.39601013,0.49397054,0.2603348,0.029211504,0.30804852,0.3776878,0.35373965,0.36453953,0.3565979,0.70359826,0.119399644,0.46383828,0.65911436,0.060061485,0.49325573,0.15559489,0.6565834,0.2337229,0.24310197,0.52172446,0.036690287,0.7359645,0.6713778,0.3737054,0.59174967,0.69209933,0.05883283,0.75078964,0.34189916,0.7781659,0.04926845,0.19945116,0.11033566,0.10139865,0.40636066,0.7642175,0.19610137,0.15095828,0.17466456,0.0073655667,0.44994608,0.35487685,0.51560855,0.010633066,0.061394643,1.7649602,0.009556452,0.4546087,0.96103907,0.9772543,0.30371073,1.2145824,0.64759475,1.0458624,0.24257332,0.69381666,0.023921467,0.1512453,0.69636154,1.1908712,0.88808537,0.10547052,0.4667864,0.13504475,0.0,0.37608907,0.17946091,0.5280151,0.124203295,0.49809635,0.02380273,1.6041397,0.40840808,0.107431,0.2886193,0.76123416,1.0814317,0.17079744,0.9050413,0.51747835,0.55023503,0.38537186,0.58881754,0.28009567,0.20088771,0.057754166,0.12703435,0.18720323,0.026342109,0.8502726,0.00811786,0.23479092,0.17194743,0.22788414,1.0551515,0.25954247,0.116760015,0.6999819,1.0237122,0.11826275,0.31032208,0.36029512,0.12637141,0.17468424,0.6434181,0.45902163,0.11239509,0.23243143,0.29030123,0.2882496,0.16186239,0.33931032,0.68323934,0.61984575,0.13287713,0.5115056,0.99878645,0.8674679,0.02613597,1.3486435,0.08299811,0.37242836,0.4404487,0.117709145,0.12078657,1.0870578,0.005129976,0.45028502,1.240145,0.29146907,0.18115419,0.50453424,0.0,1.1577551,0.0704137,0.5190246,0.24561974,0.7472463,0.20472926,0.48971578,0.7636617,1.1359975,0.95986474,0.09655712,0.018958068,0.30710113,0.25328895,0.45118627,0.62313974,0.27769604,0.22106189,1.4177876,0.031103533,0.14323756,0.7162679,0.061555944,0.77608466,0.013984491,0.45256773,0.8186058,0.51227945,1.9910641,0.65187997,1.1638181,1.0178621,0.6634238,1.0694079,0.44420528,0.12521562,0.3060555,0.4070534,0.34966576,0.6122881,0.07678217,0.022116562,0.35897094,0.33304775,1.1012051,0.14662656,0.5706223,0.0006797488,0.31978878,0.43872073,0.21041659,0.21943256,0.15428485,0.25357044,0.57218325,0.33184463,0.209091,0.1279262,0.38085115,0.32439446,0.31276444,0.64893293,1.2350923,0.3689136,0.31622702,0.28151244,0.35736293,1.1939516,0.39137188,0.46015024,0.4328621,0.6213506,0.35067385,1.7612932,0.0734148,0.531736,0.14160448,0.41934663,0.051814742,0.50432914,1.3086789,0.9093169,0.6200062,0.45802134,0.29470342,1.095773,0.6159506,0.39016566,0.40587905,0.6537163,0.5633037,0.09180328,0.57049906,0.69912565,0.5999118,0.7444936,0.14344093,0.49099872,0.1507087,0.21174547,0.56628907,0.5452041,0.19286582,0.19383131,0.59630084,0.27359,0.604826,0.15131608,0.51589906,0.78724784,0.20531034,0.74173224,0.5057713,0.48161379,0.075884715,0.35156238,0.2616675,0.5375305,0.5235286,0.46494758,0.1189837,0.7855834,0.37997422,0.13135312,0.17723686,0.1710661,1.2779025,0.3189686,0.68309236,0.28255022,0.15890202,0.26043528,0.879184,0.3784082,0.7441813,0.89907646,1.0921158,0.40543747,0.29414237,0.58988476,1.0299999,1.2908462,0.050463393,0.6497913,0.20971236,0.19016567,0.07521598,0.31365532,0.26554024,0.00841468,0.09548095,0.38791502,0.20230521,0.034079228,0.23210245,0.15005684,0.35054505,0.33673525,0.6143565,0.39547098,0.67304474,0.4339311,0.30578387,0.3330452,0.19287786,0.3496578,0.6218781,0.39268684,1.0521791,0.3057034,0.13946815,0.021796187,0.54502004,1.1732495,1.293032,0.20248652,0.026164584,0.43810302,0.31647855,0.49493828,0.3582123,0.29907805,0.16317546,0.40612224,0.5149623,1.2400706,0.5093935,0.30644134,0.297576,0.2368384,0.3810175,1.2345083,1.2365086,0.0032193267,0.61760837,0.53009653,0.17339122,0.5593537,0.3678124,0.2600354,0.43500537,0.3494144,2.1260056,0.38484687,0.14031914,0.12088771,0.16228104,0.006433427,0.60778964,0.20340663,0.051630702,0.34578237,0.74253005,0.36831844,0.22615436,0.9977849,0.6934775,1.5467519,0.055771932,0.54029024,0.20454718,0.3862356,0.044666238,1.3078625,0.0,1.2567794,0.3139953,1.8625728,0.24497324,0.119873956,0.47480088,0.9684202,1.0514979,0.42082936,0.28787565,0.27603602,0.39935273,0.7773526,0.61092585,0.7989043,0.29470664,0.16169977,0.08422092,0.0,0.41681826,0.8564674,0.15725361,0.023084471,0.71775156,0.61751837,1.7111399,0.38469195,0.19098753,0.21030992,0.6814907,0.039276816,0.05650147,1.2569504,0.42040178,0.37528592,1.0808187,0.24921283,0.038980715,0.31355697,0.8072195,1.9426337,0.52133155,0.013658159,0.28051665,0.4049636,0.5795007,0.42909884,0.7819005,0.13547955,1.7645857,0.22892815,0.19276962,0.11435039,0.39059135,0.22952044,0.0,0.116036884,0.21158022,0.07384132,0.32672513,0.15873468,0.036352348,0.8240263,0.34667015,0.2524916,0.31320456,0.26886123,0.16790247,0.017601997,0.47170115,0.765566,0.1547989,0.09173652,0.73604745,0.23011453,1.3009955,0.25028667,0.24999717,0.79023737,1.0418994,0.20550925,0.39782974,1.3966455,0.9587914,0.49890134,0.18498799,0.4014909,0.21728589,0.7069029,0.36316568,0.0354711,0.11587773,0.7579563,0.14640275,0.34741253,0.9083311,0.40251,0.14762285,1.0169182,0.48819032,0.5492731,0.001000056,0.19540024,0.7587454,0.39661318,0.018722435,0.41463053,0.5578453,0.03299939,0.61193556,0.76460624,0.1868341,0.07813822,0.48828286,0.098382354,0.0057909153,0.24692771,0.27231127,0.28750148,1.4676194,0.28649276,0.55669695,0.27575153,0.103774525,1.3814464,1.0026743,0.32098556,0.15056238,0.07027581,0.27003765,0.6311536,0.42548728,0.6482307,0.013925946,0.8969481,0.015520797,0.6294653,0.67413116,0.25644636,0.5913794,0.024281425,0.71792614,0.0852427,0.012167728,2.079445,0.86517787,0.56299466
0.15876487,0.12071165,1.6014919,0.40970618,0.394022,0.1253359,0.20145851,0.5921135,0.22743219,0.72081006,0.71902734,0.007854674,0.20473664,0.4358452,0.13317388,0.09660149,1.1168203,0.11002292,1.4027177,0.6948209,0.71425027,0.22312254,0.6100979,0.009450212,0.19431558,0.042197835,0.25950715,0.57431966,0.2922358,0.13914934,0.11328983,0.5888295,0.18668294,1.1308026,0.8452218,0.06454358,0.03525152,0.9191079,1.1648169,0.093610086,0.12592702,0.2615173,0.19445297,1.1238087,0.40652356,0.01881074,0.07088213,0.40513656,0.391187,0.19171713,0.22438723,0.31052327,0.03736496,0.14845651,0.029477421,0.07568146,0.10784839,0.44013757,0.1332523,0.51456773,0.01691819,0.0991938,0.38136023,0.5111675,0.045187537,0.526862,0.12757817,0.13449547,0.36802655,0.100780234,0.029394712,0.6218899,0.2525717,0.053626664,0.20272431,0.17860092,0.28460476,0.08555223,0.04430674,0.21160886,0.83159363,0.036439337,0.3633731,0.30340898,0.08393702,0.44117525,0.12431772,0.052158065,0.1439364,0.34611925,0.24544975,0.1743856,0.0055375705,0.32344046,0.4045695,0.7969239,0.06815298,0.46620017,0.037020195,0.77295995,0.19747269,0.8210437,0.38037556,0.10236181,0.07034445,0.20787238,0.714885,0.40847862,0.3490104,0.21857604,0.1317373,0.6872095,0.10176235,0.09349735,0.7726426,1.2197777,0.05649995,0.48683834,0.1464563,0.40138274,0.06419042,0.23599918,0.20746288,0.3463026,0.20580068,0.07222198,0.34665576,0.51832795,0.51223934,0.18942341,0.066919565,0.58835244,0.100876145,0.1637103,0.080430396,0.10595042,0.07173437,0.14085484,0.07924263,0.25223392,0.3460549,0.29997608,1.6090099,0.58023846,0.39925438,0.10343757,0.5814394,0.044574343,0.40697774,0.045621373,0.024290381,0.4344447,0.46746296,0.24920648,0.3819288,0.04397793,0.117720164,0.22413754,1.1437883,0.19821306,0.07889068,0.8108419,0.6207902,0.22106394,0.10479267,0.11588113,0.2963382,0.36397064,0.1018492,0.20712307,0.072899334,0.45875332,0.32568514,0.13434592,0.047105975,0.16025957,0.62929475,0.3103661,0.44038013,0.056179274,1.0264573,0.5632296,0.26417238,0.16790359,0.4530146,0.32311314,0.45939046,0.2501927,0.6882248,0.2628386,0.0607281,1.0310608,0.061465606,1.077904,0.14787199,0.11329752,1.0709536,0.23579279,0.48518926,0.07054098,0.24217674,0.115221076,0.38068172,0.3998409,0.22171889,0.014756223,1.6137351,0.37227052,0.12941499,0.13754097,0.31613004,1.44065,0.38504434,0.9233217,0.48932672,0.5330943,0.4526664,0.043339916,0.21331912,0.42535365,0.25640336,0.120455414,0.5417625,0.38876635,0.2122799,0.4864059,0.33700603,0.17520955,0.0,0.20549974,0.22115403,0.2659635,0.013329837,0.22818466,0.016992493,0.3235864,0.11669002,1.0191275,0.02822578,1.0404319,0.12148158,0.84776545,0.13100317,0.34687048,0.3009507,0.14015785,0.13410719,0.4727202,0.070258476,0.36893398,0.16403803,0.43089822,0.0690409,0.14410096,0.013572202,0.08448979,0.31790897,0.12150776,0.2670703,0.6036375,0.06913222,0.56747645,0.114001185,0.99091744,0.11482753,0.01647058,0.121849395,0.5432006,1.2732567,0.0,0.4367981,0.28427356,1.4356005,0.38782206,0.09217453,0.97769165,1.0164684,0.273112,0.046281468,0.23875701,0.55190194,0.2267513,1.6828089,0.54184854,0.40813208,0.018607661,0.3193953,0.7480409,0.44705158,0.11802879,0.19821228,0.5415077,0.22063546,0.34159577,0.21463478,0.29345793,0.27594253,1.0322375,0.42076063,0.46335286,0.25652704,0.3532622,0.59045017,0.56193966,0.7377779,0.29806527,0.09277378,0.040215753,0.6574078,0.061447114,0.8652407,0.27215153,0.05734673,0.13001812,0.3414501,0.15853362,0.18015334,0.34394076,0.34899604,0.9309428,0.2503856,0.08574906,0.11025995,0.13649449,0.15254368,0.06566976,0.051017694,0.20048232,0.2455345,0.18952729,0.40784818,0.25989866,0.2963212,0.0,0.103246436,1.0736613,0.07141781,0.27826935,0.57936484,0.15754032,0.5334135,0.101592205,0.12576719,0.3835941,0.072397836,0.13436343,0.61058027,0.20156704,1.1455204,0.11918634,0.2441366,0.42668313,0.01808602,0.19682324,0.17477123,0.06468725,0.29841822,0.010196036,0.21960771,0.64056885,0.17919695,0.3702869,0.08601532,0.22768876,0.08763853,0.188374,0.048627827,0.5275676,0.019510293,0.14678057,0.37776297,0.07510732,0.11635305,0.1415853,0.061176457,0.26645803,0.4526515,0.048153788,0.19583884,0.35110816,0.18768127,0.11239774,0.10896934,0.059661757,0.07951321,0.49731696,0.14663315,0.04173838,0.23318827,0.023346461,0.005118639,0.14852491,0.38278005,0.31152666,0.23996878,0.11024624,0.85532707,0.30497527,0.3628366,0.2663586,0.17509872,0.005462588,0.29082254,0.19406438,0.077774055,0.35520744,0.22716613,0.13693762,0.36748385,0.16108641,0.08763781,0.04214403,0.18805365,0.09375144,0.815444,0.1925613,0.0625471,0.67962676,0.23385528,0.044662774,0.004611107,0.86599207,0.34669736,0.4748912,0.91937023,0.2938198,0.044357702,0.60233545,0.18784153,0.071670175,0.24430464,0.13492599,0.38845778,0.0,0.8390528,0.13896349,0.110967845,0.4703371,0.11799742,0.5391857,0.6871615,0.26101598,0.02511113,0.14099547,0.094547056,0.1327261,0.16774707,0.07847347,0.07114081,0.18324944,0.341513,0.13074166,0.18161365,0.23234162,0.3475895,0.056436073,0.22400537,0.12764637,0.0849641,0.36370033,0.65915143,0.06848541,0.5451362,0.06372451,0.25424385,0.4303739,0.07667832,0.16817743,0.023990622,0.027321815,0.006306707,0.061095573,0.21675244,0.39973393,0.019961901,0.6962653,0.31468835,0.334376,0.019946408,0.16036656,0.5905418,0.39187205,0.67683995,0.018071527,0.0039616865,0.43380767,0.05275973,0.0840307,0.5369479,0.11152305,0.09391907,0.06825022,0.13905609,0.34021202,0.3961158,0.12051888,0.10658689,0.030741116,0.46611533,1.5439916,0.6585823,0.43043634,0.030641006,0.09802726,0.462995,0.552054,0.47529778,0.01339386,0.5671203,0.111804396,0.23421775,0.58838737,0.27154568,0.08332334,0.13082926,0.029130071,0.07689861,0.4322217,0.059508853,0.4628128,0.12127867,0.11995222,0.015132673,0.06363074,0.06284352,0.044432513,0.3109988,0.17618266,0.37254137,0.8472399,0.21518171,0.17476046,0.7030591,0.505493,0.6258333,0.13915569,0.5201656,0.011152539,0.26621497,0.20565015,0.3535333,0.66119665,0.05764571,0.26961964,0.2631644,0.23825729,0.15696226,0.01598636,0.30260465,0.42998025,0.45359087,0.30634087,1.0082679,0.17535111,0.5956987,0.13183092,0.17000838,0.43034393,0.4336692,0.7858409,0.14890751,0.2971564,0.046833195,0.81096625,0.70734507,1.222594,0.7930578,0.17023583,0.62571466,0.5318802,0.70804864,0.096998066,0.2769264,0.007939547,0.50654244,0.3867378,0.09494217,1.0468814,0.48597854,0.28055376,0.18559213,0.3875435,0.29653436,0.16451243,0.00853678,0.42222273,0.11923157,0.2908504,0.05282844,0.023781454,0.17433465,0.427418,0.8442595,0.30004388,0.8623971,0.9312705,0.06103296,0.20425457,0.034799438,0.24092011,0.04881993,0.0450567,0.26705593,0.57798386,0.019323807,0.03000921,0.5922039,0.3313424,0.1334618,0.2798849,0.1160617,0.18062872,0.0,0.1878365,0.12687857,0.15838888,0.19677202,0.09525364,0.010382284,0.35006994,0.17308453,0.42464185,0.1991718,0.13607857,0.019876901,0.1481804,0.28276324,0.3903583,0.0606808,0.35167795,0.10280665,0.44840217,0.34086812,0.054383967,0.06857344,0.18093632,0.27675948,1.1206812,0.7362181,0.33336526,0.17087552,0.15291867,0.1204585,0.60635495,0.6437163,0.11374494,0.32944858,0.19004944,0.044888683,0.16399188,0.08604115,0.24388537,0.5792781,0.061881367,0.057725787,0.17193624,0.19058464,0.32945752,0.11346434,0.38441938,0.18190667,0.42369318,0.9531763,0.33263385,0.1355491,0.08912865,0.099915996,0.17199524,0.22213794,0.046227302,0.5592642,0.05114223,0.0023102397,0.14140663,0.31446168,0.14772046,0.13944668,0.21646479,0.0047855414,0.066702254,0.772745,0.032669693,0.65557194,0.20143288,0.024665011,0.5140462,0.05049508,0.18391152,0.7706287,0.010514505,0.013167804,0.2596523,0.047905326,0.22182775,0.16881546,0.64573723,0.39440817,0.28014588,0.14956595,0.019779775,0.60629714,0.74571705,0.1571328,0.21629287,0.37878862,0.09793402,0.011353246,0.67465186,0.24285558,0.1494516,0.06844661,0.05828911,0.5259323,0.5639563,0.07397252,0.53678036,0.3552447,0.1300402,0.27534878,0.96230257,0.18930769,0.30622056,3.200573,0.32134336,0.6998664,0.41091672,0.7132241,0.38231653,0.0372824,0.12797397,0.2875644,0.07437515,0.42932355,0.14104182,0.040724345,0.77194333,0.2833134,0.16558443,0.12407134,0.102192745,0.0,0.12101969,0.035120767,0.0094503,0.8528571,0.05127595,0.057793777,0.5485318,0.124854706,0.43747115,0.114776894,0.08763957,0.6653855,0.128209,0.27253997,0.012050296,0.08550044,0.06738085,0.052405607,0.4407445,0.24024233,0.30527964,0.06804311,0.034562096,0.17351471,0.036634233,0.108380206,0.25410512,0.27236485,0.34264058,0.18882252,0.14923024,0.073849946,0.033914667,0.48647487,0.019822866,0.26195365,0.113704756,0.37201005,0.14910519,0.13182658,0.6432196,0.37070408,0.053110637,0.045372963,0.5315206,0.49508068,0.16609056,0.04802517,0.22635783,0.18841614,0.31330314,0.19479553,0.0,0.28360668,0.17532074,0.079932526,0.037516683,0.33472157,0.19065726,0.19192894,0.08935445,0.37280017,0.35906452,0.38368016,0.11389291,0.09430235,0.09816459,0.2366474,0.5496509,0.48793074,0.13251492,0.019703984,0.057865363,0.023982214,0.15073621,0.37996304,0.45439982,0.017034182,0.18628861,0.018039387,0.426846,0.48848954,0.022593873,0.19247943,0.05633175,0.18505803,0.06286065,0.7042836,0.35376137,0.061270308,1.0395324,0.32628506,0.08809632,0.30215463,0.15417361,0.08538223,0.31190273,0.1649584,0.1637106,0.40603065,0.5318851,0.088830255,0.13613161,0.064433545,0.61777383,0.071273915,0.07601339,0.4097536,0.6074892,0.24175246,0.14422068,0.15109259,0.5875311,0.3843878,0.07390705,0.107978255,0.44800472,0.109995276,0.2470217,0.25565317,1.5175421,0.46283752,0.5029589,0.09895158,0.28137055,0.1214491,1.0074301,0.33046514,0.21598777,0.0014183958,0.14925317,0.14665972,0.35635585,0.1173519,0.060560897,0.24911177,0.15360512,0.17420161,0.03709658,0.10783081,0.11875185,0.10487643,0.41724017,0.108791605,0.1476526,0.27897775,0.056737088,0.53763217,0.312919,0.001443558,0.0035389247,0.19884396,0.21736139,0.3386565,0.38738984,0.38237154,0.3206791,0.03520851,0.44676036,0.29318506,0.03152521,0.64500284,0.38980028,0.108435996,0.05724866,0.09387624,0.13662893,0.015898202,0.08958815,0.2166484,0.03256097,0.11084014,0.45619768,0.031080855,0.36314762,0.40312392,0.14553396,0.09350921,0.040569723,0.50985575,0.029052693,0.024932805,0.18626024,0.24076179,0.6153064,0.090615615,0.45711416,0.1117284,0.30923197,0.084013134,0.3406307,0.5921464,0.01269388,0.8470663,0.3304488,0.19149041,0.10017614,0.04863059,0.066710606,0.42200345,0.054539695,0.37895146,0.15829843,0.15924132,0.038296573,0.11307126,0.03418436,0.0755748,0.43261576,0.25084996,0.2830967,0.119570695,0.41019696,1.0849657,0.66850686,0.69103116,0.29997456,0.10019714,0.09217326,0.8443121,0.47524935,0.39102143,0.034946904,0.26450527,0.21209383,0.0062374696,0.12930009,0.04844667,0.6933707,0.29372212,0.21200521,0.50138646,0.4852454,0.039084703,0.64871097,0.4011998,0.06688495,0.07392249,0.60487837,0.089987144,0.41932046,0.32706705,0.029787088,0.15965146,1.0990326,0.008569708,0.997394,0.06118392,0.03908463,0.005259236,0.47993577,0.11424032,0.03912587,0.03944663,0.49506348,0.23701267,0.44760364,0.13024923,0.050491635,0.20819953,1.0167202,0.25286835,0.29398704,0.020939043,0.6572454,0.19721001,0.22211729,0.1785987,0.07331258,0.15101883,0.18876955,0.08835236,0.13780326,1.0130407,0.2284252,0.0057864347,0.08402799,0.21866086,0.06949757,0.05991159,0.14589328,0.042963322,0.08585299,0.27088067,0.19574268,0.030827943,0.07081129,0.109251626,0.07195487,0.47788244,0.5145025,0.18990728,0.15331611,0.5637518,0.4444245,0.51842165,0.13302165,0.034719948,0.27114058,0.298993,0.019492904,0.40501967,0.21992366,0.07746177,0.22587104,0.13792188,0.4611978,0.23991135,0.014189672,0.31086504,0.27779517,0.0345331,0.23640653,0.16005114,0.18369526,0.5808395,0.19577543,0.47922242,0.54217386,0.39338675,0.2985777,0.13725984,0.0078072175,0.11597725,0.030944774,0.1563302,0.013117904,0.8156345,0.7482244,0.16492845,0.079414874,0.008343281,0.31042176,0.42164755,0.22644931,0.35836494,0.37505892,0.14460085,0.45685327,0.1475842,0.16278717,0.040828925,0.6920812,0.1837849,0.44217622,0.111693226,1.0172586,0.72861886,0.16900456,0.12640963,1.1158926,0.07483394,0.2362813,0.06612788,1.0407,0.81842387,1.288291,0.59501004,0.6097934,0.023977788,1.3751768,0.5069304,0.37495244,0.25701308,0.25960526,0.22120996,0.19938418,0.120595165,0.86669695,0.8670869,0.112629294,0.38576588,0.49952528,0.0031313403,1.1847281,0.32660317,1.045615,0.6672016,0.7068039,0.21047288,0.04105799,0.2768456,0.58424556,0.74512863,0.15773475,0.41750973,0.27903613,0.19468188,0.61193454,0.5414833,0.019801438,1.0079076,0.1391073,0.11914232,0.771279,0.1337708,0.84932476,0.13502577,0.40518746,0.46645063,0.5516707,0.24944612,0.40759987,0.89519954,0.5011818,0.46567315,0.14674051,0.70484823,0.49191958,0.6894027,0.0923017,0.6520935,0.18696006,0.8322897,0.16387743,0.35482478,0.6246299,0.52485144,0.27738258,0.50727844,0.3951062,0.18268782,0.64178395,0.5374254,0.30516335,0.9075874,0.14075756,0.78547406,0.48430863,0.19297166,0.33035874,0.6659467,0.1334019,0.08627768,0.71949375,0.14275739,0.0,0.020382104,0.2284208,0.057332207,0.17918482,0.1477837,0.36194864,0.6090018,0.26539248,0.08401355,0.7038876,0.16071713,0.018636676,0.08747214,0.68687356,0.37807786,0.5345954,0.6264983,0.68465364,0.56290245,0.68035465,0.25329095,0.20799243,0.3109842,0.09958447,1.0017589,0.02915593,0.36258098,0.3791315,0.12944554,1.0923823,0.34809062,0.084582984,1.0688794,0.0427492,0.771122,0.20134234,0.046314836,0.7423235,0.11905813,0.77862024,0.29089436,0.017827323,0.499308,0.93756133,0.18895607,0.23195298,0.37651443,0.23620337,0.10312639,0.43505657,0.6446148,0.02429007,0.4211837,0.0976376,0.0715279,0.4065299,2.0243008,0.6031894,0.6880747,0.44396025,0.82510066,0.0,0.36114302,1.7994795,1.150553,1.0997279,0.55793905,0.07876138,0.24013227,0.42666212,1.1303623,0.3737116,0.41324353,0.12727991,0.75702894,0.09661388,0.0875618,0.033341166,1.3960304,0.24326375,0.7720214,0.32297197,0.013421176,0.58238006,2.365359,0.21333888,0.5967532,0.17902955,1.1709902,0.68174237,0.3073991,0.871515,0.036050044,0.54783213,0.2103476,0.70373774,0.23494783,0.0,1.6827719,0.063710384,0.29913384,0.9662099,0.07957606,0.033891965,0.1898248,0.11165658,0.9026378,0.8809668,0.39939678,0.40924126,0.26012102,0.78276515,0.11377834,0.18491225,0.1405753,0.49129134,0.031030713,0.3787547,0.4147204,0.5484729,0.38845244,0.95312595,0.7493227,0.31524467,1.2390736,0.5429801,0.44608095,0.020306744,0.3458393,0.07321429,0.7450707,0.6430476,1.1631738,0.08662424,0.5232656,1.805921,0.303449,1.3799841,0.2460098,1.3069518,0.18129873,0.8864148,0.22987823,0.8297649,0.97747093,0.519668,0.47198272,0.0717627,0.066907726,0.8477416,0.38017684,0.040946648,0.42579895,0.8576718,0.92302763,0.065025374,0.2301849,0.18121645,0.07031129,0.044988412,0.12579815,0.6738939,0.22587492,0.0007277505,0.3578095,0.297676,0.8709111,0.4142751,0.41359976,0.33019805,0.84285665,0.9353134,0.503494,0.09084733,0.13176638,0.18136667,0.097888105,0.00836421,0.51772296,0.7318552,0.66316813,0.893322,0.36621416,0.012623204,1.7260875,0.38957918,0.62258697,0.58058715,0.56994665,0.33025062,0.252219,0.23380084,0.45782667,0.07413234,0.50485265,0.07727076,0.05181522,0.44746226,0.34739295,0.5557963,0.792274,0.07479483,0.014803386,0.018289523,0.5541933,0.36969155,0.006694352,0.09105913,0.69592136,0.5971838,0.64402306,0.12584251,0.5021385,0.44150138,0.64642173,1.4583992,0.582834,0.28240576,0.38907462,0.0048174784,0.20933397,0.076257214,0.6984825,0.63488746,0.27046505,0.029641274,0.0109487595,0.56128544,0.27369648,0.61572206,0.0904474,0.21734187,0.5441988,0.24888417,0.20554297,0.5773053,1.2978424,0.5619784,0.113057405,0.80918,0.21803126,0.28284863,0.24473241,0.05805515,0.46799007,0.43171126,0.015723813,0.6443794,0.8646705,0.5020137,0.5387167,0.14433163,0.13685748,0.52156967,0.23785736,0.700656,1.1584983,0.2868474,0.20906419,0.35934794,0.82181054,0.95759255,0.31419212,0.015179113,0.38762534,0.92351496,0.11441903,0.018258162,1.0631971,0.24820906,1.0784869,0.26142156,0.17861305,0.24707669,0.260454,0.17034087,0.33995336,0.50067794,0.74627674,0.56349444,0.026331995,0.124914944,0.042821,0.021149974,1.5102046,0.0055526365,1.3302041,0.03818944,0.3546172,0.05414574,0.539502,0.07291688,0.31196314,0.39221185,0.053825088,0.44817328,0.036827575,0.003229828,0.61080444,0.17357317,0.15094832,0.5240014,0.77887887,0.35729733,0.048026618,0.5576983,0.010334842,0.9481163,0.352194,0.3957078,0.37277895,0.408462,0.58983594,0.38000113,0.21190318,0.46462664,0.44103965,0.05833582,1.1207916,0.6388006,0.25889114,0.10867606,0.8995148,0.5418806,2.15347,0.112715706,0.36330804,0.033167917,0.07608862,0.6776933,0.4658304,0.025103748,0.017948436,0.16983226,0.024792792,0.054037206,0.20919448,0.078849405,0.14822558,0.38179356,0.065848544,0.027828265,1.0802169,0.3018077,0.055989113,0.1568183,0.043080837,0.9832044,1.1730366,0.60994756,0.35867774,1.0871645,0.352845,0.7013488,0.10923377,0.23399757,0.03151764,0.87737226,0.18951778,0.6704898,0.8092842,0.26464692,0.18598267,0.13093707,0.85131663,0.38240612,0.6130811,0.19945434,0.055331327,0.30650905,0.55820733,0.36048216,0.39565587,0.332794,0.7180697,0.11186907,0.54593277,0.70577836,0.06202506,0.47805303,0.1519647,0.6421154,0.2111963,0.30471748,0.5205755,0.011246597,0.6480078,0.4774179,0.5124935,0.5115341,0.78181314,0.015869528,0.93940103,0.24941747,0.8219216,0.043566346,0.19745412,0.09868337,0.081599474,0.3617843,0.7847543,0.16110253,0.15766397,0.18367362,0.017008632,0.65098864,0.26798066,0.5237386,0.029896107,0.039941914,1.6959673,0.007813752,0.4104908,0.83933187,0.97726405,0.35139114,1.210986,0.61885786,0.9131303,0.2003647,0.94185877,0.028555995,0.18863241,0.6512092,1.3663299,0.85355806,0.13025206,0.44425553,0.10092318,0.0024827574,0.50073504,0.14499548,0.5868316,0.1157895,0.61180365,0.032751173,1.674326,0.43962684,0.16400236,0.23236643,0.8236594,1.2146238,0.21240316,1.0980257,0.47813213,0.5977601,0.29268914,0.6923579,0.31414092,0.21770802,0.037940998,0.096818395,0.1960884,0.0057407636,0.9374805,0.009091141,0.3390417,0.18105601,0.27863044,1.2425537,0.30046707,0.19757609,0.72678775,1.1301475,0.12383874,0.3131171,0.33151996,0.10857299,0.10889606,0.55697286,0.4396647,0.14850247,0.12553316,0.3381338,0.3829518,0.20543747,0.40101165,0.7442694,0.6232538,0.15508613,0.58613753,1.0403212,1.0036083,0.033215575,1.392463,0.124593474,0.401173,0.42993957,0.11749962,0.12019053,1.0661421,0.002331027,0.43864208,1.3728845,0.35454863,0.15006533,0.40496793,0.0,1.1958052,0.07177988,0.6584486,0.2377561,0.87723863,0.1539442,0.4592439,0.8394464,0.96980834,1.1095114,0.17388508,0.013499376,0.3168635,0.2812543,0.4793557,0.6680218,0.31865525,0.20256303,1.349923,0.006005539,0.1018748,0.8197694,0.022602227,0.66869897,0.023704562,0.41121358,0.7536088,0.5203528,2.1334453,0.64156723,1.2493109,1.0217903,0.77686274,1.059407,0.45355773,0.040246487,0.32940766,0.34620953,0.3055551,0.5607581,0.051248882,0.029350992,0.35402966,0.45552415,1.0905287,0.10174799,0.60968804,0.00053334486,0.3925181,0.48862517,0.1476231,0.1457834,0.23214245,0.26502204,0.58659184,0.37565213,0.22900353,0.09719269,0.52210474,0.46573338,0.23515256,0.632708,1.2988417,0.43396178,0.34095985,0.24024357,0.2911725,1.3871326,0.38120362,0.4144894,0.3772418,0.5886684,0.3045108,2.0216315,0.07134508,0.61026156,0.13580573,0.53403205,0.084734276,0.43169907,1.4294986,0.8588412,0.61229455,0.5068665,0.36772323,1.1067548,0.76240385,0.38114944,0.39458242,0.5709462,0.6252601,0.059680067,0.5204419,0.7722596,0.5666262,0.81394124,0.13456094,0.5441429,0.1851525,0.20261806,0.5872995,0.45059407,0.15817851,0.29117385,0.5793502,0.23151249,0.68503714,0.16024894,0.5881337,0.8295255,0.2095489,0.571946,0.49177498,0.5524951,0.054427013,0.3345857,0.3191397,0.52859235,0.4196533,0.5852611,0.081280366,0.725071,0.33680493,0.12312662,0.16849503,0.14992961,1.2866771,0.29583222,0.7021389,0.28559583,0.12374831,0.18574348,0.8524972,0.45088363,0.8178351,0.94693387,1.1040792,0.42479244,0.28429228,0.64364165,0.97634566,1.3473877,0.06896514,0.7642611,0.2501921,0.16400059,0.05927859,0.3300719,0.28804284,0.0021347739,0.055915482,0.36732936,0.22856899,0.05144818,0.23971127,0.16889137,0.35520706,0.33168095,0.6755074,0.47798437,0.7930661,0.36383462,0.33835885,0.28513664,0.12584579,0.40033114,0.73915815,0.40621525,1.1637192,0.30477512,0.14442408,0.0020590648,0.50551325,1.2486999,1.4767282,0.15044636,0.05133821,0.53396165,0.31513873,0.5639502,0.48711783,0.32473993,0.15282038,0.39281154,0.47254345,1.2113494,0.42489696,0.15365528,0.2633739,0.2664673,0.44036496,1.2366793,1.266424,0.007189085,0.5808016,0.64493227,0.19448069,0.555586,0.30733943,0.14203477,0.45717025,0.3899242,2.0520644,0.46821198,0.21224242,0.105625354,0.18798162,0.004583108,0.58466136,0.18619151,0.07689929,0.37445438,0.7097764,0.3213829,0.22082332,1.043829,0.57156366,1.6190392,0.023872342,0.5725452,0.16450535,0.37626636,0.060004637,1.3695624,0.0,1.2132026,0.29019034,1.8745708,0.2620772,0.2716022,0.54951406,0.9460784,1.0384374,0.3583161,0.29068312,0.31737655,0.4446162,0.6459732,0.7410568,0.83300936,0.25362474,0.25156224,0.054888614,0.0,0.3354472,0.7884246,0.22979432,0.035447992,0.7500375,0.6254314,1.6573741,0.36212432,0.2400442,0.21785542,0.6281587,0.029379353,0.102821425,1.2876797,0.41314268,0.33135092,0.9456594,0.23332724,0.05987589,0.3207229,0.7482042,1.8905853,0.41174597,0.015889525,0.3543635,0.3948006,0.51775485,0.41122386,0.89686537,0.08802977,1.7488651,0.27806234,0.13794559,0.14890069,0.40571684,0.19157106,0.0,0.108967766,0.17794517,0.04266809,0.32067615,0.16539781,0.067855164,0.8246838,0.27526367,0.20730759,0.29365784,0.37255186,0.19064954,0.018912878,0.5071362,0.8691958,0.13789849,0.024631273,0.78416765,0.23930895,1.3268093,0.30113795,0.30045584,0.64840573,1.0313567,0.17778191,0.411942,1.367811,0.880453,0.47076073,0.15189071,0.3733411,0.19507858,0.7483803,0.5337101,0.020067543,0.119650036,0.6682743,0.18686256,0.43869317,0.9114587,0.42427808,0.15836985,1.0348281,0.46865913,0.573606,0.0,0.25738388,0.68921375,0.45985472,0.02997516,0.3905146,0.5060299,0.07763392,0.666137,0.86911213,0.19054064,0.10375743,0.55960906,0.12228133,0.0,0.23023748,0.3428704,0.23656219,1.4429761,0.25863016,0.6491087,0.2639283,0.089786254,1.4286339,0.9946332,0.45126078,0.15940824,0.045224264,0.18009046,0.64408284,0.46183345,0.5607504,0.035944667,0.97349274,0.011297632,0.6223132,0.6152482,0.29036057,0.6429988,0.015985971,0.8240166,0.07120323,0.04358978,2.1141021,0.83696955,0.5196693
0.16987301,0.1072634,1.6530833,0.5069897,0.3596585,0.13498087,0.2404683,0.5989995,0.19888593,0.7054864,0.7821076,0.0116183525,0.23552874,0.42687643,0.12491187,0.092701405,1.1731036,0.15809676,1.4265598,0.69992006,0.61850595,0.21486375,0.60000646,0.010926072,0.14692019,0.0204244,0.29378492,0.6468224,0.28758782,0.14143308,0.13345823,0.5853286,0.17250302,1.101144,0.8350234,0.09243638,0.04344906,0.9523214,1.1680255,0.073999375,0.091291174,0.31534955,0.18608722,1.1000972,0.45059815,0.035505414,0.055264316,0.4022553,0.4279713,0.19730675,0.19473779,0.31110644,0.03548604,0.14001417,0.037306096,0.060920306,0.11507364,0.43278942,0.14060158,0.47940734,0.022120357,0.093226954,0.3914793,0.5246956,0.033980783,0.52676296,0.2005095,0.12853977,0.270706,0.11375551,0.0402992,0.5362593,0.23416838,0.03421907,0.16884953,0.18223017,0.30169594,0.05731697,0.09441838,0.20874578,0.82894856,0.02037812,0.32417566,0.28287062,0.08398194,0.44730633,0.10157625,0.06201692,0.15227357,0.31576854,0.28083712,0.12634656,0.0031102072,0.34069878,0.3636221,0.7813517,0.06895888,0.51269436,0.045692336,0.7228329,0.19506367,0.842481,0.40307927,0.095687084,0.07694288,0.22411296,0.7779998,0.40237463,0.3890602,0.21729463,0.12395598,0.65881896,0.12070082,0.099789284,0.79655975,1.2788188,0.03930427,0.46518958,0.1581097,0.37737247,0.0779814,0.19393535,0.29720533,0.32068145,0.26054883,0.06373973,0.31419295,0.4904725,0.51744276,0.25576645,0.069316976,0.65491784,0.08833146,0.16087285,0.060174838,0.103014484,0.04503811,0.16231738,0.09043871,0.2291564,0.2884757,0.38054138,1.5744236,0.539513,0.42647594,0.10952632,0.5408647,0.03583332,0.37769842,0.05503501,0.019840412,0.45552105,0.41740435,0.2430585,0.35285586,0.022715086,0.13421528,0.21692431,1.0801766,0.18068534,0.058994435,0.7603185,0.5936041,0.21665469,0.095583364,0.116560884,0.27738717,0.33071634,0.065215275,0.22834672,0.05816139,0.47058922,0.27358115,0.1452867,0.04254601,0.16774443,0.6803547,0.31916136,0.49888995,0.051618196,1.0439043,0.62870014,0.23899324,0.18713962,0.44431856,0.30841595,0.47715524,0.24226724,0.60997665,0.2649821,0.062196035,1.0195088,0.05812452,0.98755896,0.16411835,0.10337876,1.0498405,0.25647402,0.4883829,0.06989637,0.21262914,0.07247271,0.3341449,0.4526462,0.27310675,0.012085561,1.5120708,0.3687359,0.09360877,0.11159657,0.35711282,1.3970885,0.36581886,0.91023886,0.4488297,0.5210663,0.42629308,0.04955854,0.21407863,0.34441444,0.25896552,0.13661034,0.64741355,0.3819247,0.18330707,0.45073482,0.2969445,0.14533402,0.0,0.17852297,0.24895033,0.29018214,0.008684282,0.22516358,0.0067859665,0.35931206,0.13773903,1.0110136,0.035568997,1.0741031,0.08816069,0.8185603,0.1269809,0.2996165,0.3060979,0.131333,0.17571458,0.4819964,0.07605262,0.34129092,0.14761305,0.43670028,0.048979767,0.1625619,0.014019892,0.085971266,0.327303,0.135993,0.26172942,0.6095793,0.05511087,0.548132,0.059988663,0.91692543,0.120298594,0.016227208,0.18794204,0.55136544,1.1961392,4.238441e-05,0.48766726,0.32037133,1.4880415,0.3562445,0.06572008,0.94840646,1.0734291,0.26468053,0.05679051,0.27173895,0.5035307,0.21233518,1.6764749,0.49757254,0.4074052,0.037739456,0.3287601,0.7544013,0.4364444,0.11111531,0.21162817,0.49981079,0.24045661,0.34828955,0.21126863,0.2844234,0.3155719,0.98778427,0.39304414,0.51492923,0.21059284,0.29653677,0.6618273,0.5553347,0.7024177,0.2951368,0.09960836,0.03934487,0.69928,0.09803198,0.80038506,0.23026389,0.045581795,0.1558365,0.34116086,0.1472241,0.1828758,0.3239335,0.35888007,0.9757645,0.24294668,0.056654822,0.108103454,0.15553626,0.13161376,0.044728737,0.04872082,0.18721256,0.16527842,0.1904918,0.36223888,0.31841993,0.3484125,0.0,0.09026012,0.9392616,0.069250844,0.23844188,0.5701913,0.1220739,0.583222,0.13348258,0.18284804,0.3636471,0.06799263,0.14617372,0.6095101,0.20360342,0.94489706,0.117394075,0.21772768,0.4081087,0.039472714,0.1919626,0.18635702,0.011909984,0.3358375,0.025678504,0.18897744,0.6406968,0.18024248,0.37167785,0.07551642,0.16671953,0.086330205,0.1815458,0.02984971,0.69493544,0.0042695426,0.1776854,0.3654664,0.04983613,0.19438934,0.12388334,0.10354148,0.21856463,0.43149316,0.060672194,0.22574581,0.33768058,0.13866249,0.11105444,0.06379668,0.07085114,0.023764625,0.44697493,0.13851899,0.034248043,0.19815442,0.02242159,0.0058460096,0.18906808,0.37083095,0.31965697,0.20994371,0.11996149,0.7062755,0.3127085,0.3649072,0.2235194,0.21260804,0.0024704188,0.300124,0.23091394,0.08718073,0.33997276,0.20222151,0.1194731,0.38221374,0.21287712,0.06993769,0.041523613,0.22830664,0.12522832,0.6889936,0.18699282,0.06558906,0.7371644,0.26707822,0.059415236,0.0056121396,0.7691163,0.31994584,0.40942153,0.7248133,0.32118502,0.045282867,0.5907715,0.13702491,0.059120536,0.25088084,0.14415902,0.36699665,0.0049210927,0.63854825,0.108838975,0.13018164,0.45655984,0.11257368,0.48621446,0.5980038,0.33759218,0.06475447,0.13862386,0.04950223,0.078961335,0.1439705,0.07001082,0.0681397,0.099067815,0.2779358,0.16454343,0.18766929,0.29448634,0.22682014,0.05013401,0.2245896,0.13921885,0.07433679,0.41675702,0.5817431,0.060595635,0.4632129,0.060980015,0.25069404,0.3863153,0.048237868,0.15824233,0.05787927,0.048370894,0.0022643178,0.08774741,0.23230919,0.36358705,0.016070826,0.7988969,0.31218278,0.33842045,0.008728612,0.11034364,0.45363477,0.3371504,0.59255326,0.018309074,0.0053894,0.3297673,0.10680099,0.0437667,0.5426112,0.09510898,0.15647703,0.043869957,0.15373316,0.30095702,0.42863518,0.118938014,0.118229195,0.031434257,0.35816896,1.188901,0.59041953,0.47400627,0.04651573,0.05603883,0.4713744,0.47749227,0.45952183,0.015705481,0.5597107,0.092679605,0.19994158,0.47480977,0.2878436,0.068873055,0.14662053,0.02892132,0.0523021,0.42870492,0.039648987,0.4429989,0.122661576,0.091402754,0.007841085,0.053015545,0.05860661,0.060567968,0.2638603,0.16345826,0.4258293,0.749358,0.27459508,0.1480177,0.66030765,0.47920257,0.6192355,0.20309219,0.5208924,0.0028175702,0.14483285,0.22169763,0.4197105,0.5938296,0.068964675,0.32833436,0.18353826,0.21240605,0.13043359,0.0023366185,0.26297784,0.3779121,0.3966552,0.3597029,1.079643,0.07415469,0.50539285,0.14168307,0.16920315,0.32415062,0.364635,0.80951095,0.13980581,0.33009174,0.11025102,0.8365902,0.70235103,1.0292646,0.68882537,0.22383761,0.5674677,0.61036086,0.6724202,0.10479613,0.22321466,0.010443943,0.42188364,0.38097078,0.087127864,0.9739255,0.5016955,0.2351701,0.17409673,0.33699995,0.21726362,0.1399579,0.0027662693,0.3773861,0.123061895,0.17764354,0.058227915,0.04203484,0.16381718,0.44233412,0.7116572,0.36924696,0.91886586,0.85837317,0.046182103,0.22349164,0.07057838,0.25163555,0.033067208,0.052864797,0.26622078,0.7717625,0.023510356,0.027045716,0.5074539,0.39008993,0.10779664,0.20433813,0.13427046,0.13036667,0.008704874,0.19825509,0.11821489,0.14508013,0.2028893,0.11878821,0.019406311,0.2426135,0.18986487,0.40632543,0.17451221,0.20166919,0.00750005,0.12206975,0.30569008,0.3402885,0.071550965,0.37124914,0.09254642,0.4116963,0.23712204,0.035504725,0.059758537,0.19130139,0.16437739,0.9650682,0.68329155,0.26896107,0.19436383,0.12320671,0.090731725,0.53151,0.61751425,0.12543854,0.30007586,0.23582673,0.06260579,0.17454728,0.07373211,0.2623682,0.49651507,0.051732745,0.066566914,0.19057989,0.1845646,0.28969607,0.08978984,0.3958945,0.18010321,0.30352968,1.0264037,0.2422933,0.109978706,0.038763,0.118300885,0.18490633,0.22745723,0.041913304,0.43880618,0.030625733,0.0013038175,0.14685017,0.2822814,0.13343513,0.14920852,0.19716117,0.003287319,0.03154733,0.7137212,0.025906473,0.6722237,0.1698167,0.02304171,0.32701263,0.034667976,0.0878231,0.6734443,0.011361715,0.00621897,0.2144014,0.052731343,0.22079423,0.14611283,0.59354365,0.35494077,0.17724216,0.11694874,0.007059621,0.49271327,0.71048033,0.182965,0.25153226,0.3193617,0.12350732,0.015655395,0.69709754,0.2214072,0.14744127,0.06076166,0.033453275,0.44854677,0.61109686,0.07687949,0.60443056,0.34658822,0.101160884,0.29339373,0.92234826,0.2178931,0.2808815,2.8246593,0.29194638,0.6200185,0.4064709,0.6196109,0.44876197,0.070919335,0.11231074,0.2587747,0.06448091,0.38858217,0.08066784,0.028766919,0.68829083,0.29951334,0.2132388,0.13729717,0.16765179,0.0,0.0257542,0.023062743,0.0036602593,0.7133448,0.039214224,0.0321306,0.4950583,0.16713217,0.54831415,0.0753869,0.07214717,0.74279946,0.107711524,0.29043847,0.0031767946,0.12069033,0.074365035,0.018175809,0.41068017,0.40824488,0.27753466,0.08327893,0.039528996,0.21589221,0.05496892,0.111763686,0.24523716,0.2289966,0.26095846,0.20781182,0.10743897,0.12037905,0.040226866,0.46143997,0.025502998,0.24044225,0.09902302,0.36332762,0.12170502,0.11651951,0.5031856,0.370396,0.026468955,0.043938875,0.41180155,0.45173028,0.20652479,0.08877746,0.23265044,0.1576457,0.2738301,0.23297058,0.0,0.2754805,0.07318981,0.054872368,0.05673991,0.36130005,0.19284627,0.19935045,0.070435,0.30539528,0.37831157,0.47358233,0.14733428,0.08167099,0.11039303,0.28473634,0.5618024,0.52805704,0.11224671,0.020775644,0.051421653,0.03685665,0.16090071,0.38331085,0.44532764,0.018752217,0.22661634,0.033694588,0.5104183,0.50214934,0.018249834,0.21693256,0.07356681,0.2021932,0.042690955,0.67679894,0.30716038,0.05332575,0.9029337,0.26901042,0.09926574,0.31161535,0.17879975,0.08217787,0.24405123,0.17604275,0.2620628,0.283979,0.49229985,0.20095406,0.11661342,0.056732282,0.5615625,0.06363218,0.082854465,0.30386186,0.47264177,0.25708747,0.13735786,0.12380475,0.50656164,0.31912142,0.0718974,0.13285333,0.50135314,0.08458689,0.2399372,0.22474933,1.2467799,0.46750048,0.44771007,0.09408113,0.37965485,0.13468133,0.88899803,0.26358804,0.17387308,0.01844613,0.12100936,0.12248933,0.25180188,0.1480182,0.04160533,0.1673754,0.17590603,0.19739825,0.04380833,0.12072007,0.10473165,0.13110621,0.37076378,0.081070885,0.14973709,0.27749702,0.035763163,0.3914182,0.3471073,0.0019557308,0.0026927944,0.22813633,0.22758318,0.2340601,0.39873406,0.36382258,0.3439327,0.021953337,0.38487235,0.23207982,0.055541143,0.61964285,0.3940823,0.112633035,0.06982337,0.052625578,0.12594031,0.01260438,0.070039034,0.27052462,0.022613611,0.09282678,0.40659085,0.04251174,0.28343743,0.3747041,0.18735851,0.11827932,0.05701672,0.451859,0.024974419,0.018067254,0.14444062,0.27356786,0.65536946,0.11069965,0.4996782,0.1392297,0.28692657,0.08720972,0.29834443,0.54656494,0.018462919,0.7445295,0.2908008,0.19251993,0.099249154,0.018443927,0.060482726,0.46899545,0.06844482,0.36693382,0.13390645,0.15965393,0.011730006,0.12057397,0.052108165,0.12303782,0.44601068,0.30911493,0.3223578,0.116862774,0.52265143,1.2420988,0.63019675,0.621117,0.25784436,0.120241895,0.08269295,0.9283453,0.3388814,0.28928405,0.02870616,0.2236588,0.20922908,0.006226482,0.089350715,0.05550629,0.54854107,0.29264364,0.23721677,0.48857474,0.51078105,0.042650558,0.6470999,0.37084952,0.05264604,0.06441487,0.5902406,0.09497884,0.40954757,0.2727094,0.02855518,0.18304348,1.0787756,0.013557701,0.7698559,0.058742207,0.021301419,0.009321655,0.4512628,0.16139579,0.026678726,0.05561308,0.34263787,0.2612773,0.36742008,0.13182478,0.051728833,0.1940591,0.93641496,0.26365066,0.25104454,0.030772377,0.72286445,0.14855467,0.16817766,0.19241217,0.13347319,0.13952667,0.14737725,0.076945126,0.13050756,1.0059519,0.27114716,0.005517662,0.07735504,0.22161599,0.09090952,0.06529527,0.14603591,0.040493485,0.083242856,0.24013364,0.20177905,0.03645965,0.026780281,0.11836684,0.06417,0.40835518,0.5064025,0.14711791,0.12007259,0.59546334,0.46698672,0.41267574,0.101121105,0.03523945,0.27221018,0.3972265,0.015914991,0.42219853,0.22884773,0.07620326,0.18904656,0.10196896,0.3970313,0.2107878,0.0021660882,0.28516698,0.22161624,0.04286007,0.24826816,0.123088285,0.15717532,0.47267905,0.18778023,0.40786555,0.503245,0.32521832,0.3294356,0.13208304,0.0111795645,0.0719505,0.018623475,0.08328849,0.009361334,0.5900487,0.7704767,0.117899835,0.08934027,0.038658362,0.30348152,0.45508534,0.24515116,0.3089747,0.3162918,0.15323707,0.41754353,0.11569881,0.17091909,0.040308952,0.75525373,0.177837,0.3444988,0.11237227,0.9472314,0.6944258,0.123787776,0.06856474,1.0484297,0.12781246,0.2650525,0.09471235,0.99873674,0.83044416,1.2943852,0.57601476,0.61392576,0.029659485,1.4456491,0.45232695,0.3910931,0.27858457,0.2207799,0.21588656,0.21862182,0.13854924,0.83842814,0.81103075,0.08621316,0.39571244,0.51637214,0.0016545047,1.1592255,0.37550145,1.083339,0.5890617,0.7823136,0.21616074,0.040998988,0.3217361,0.5783256,0.7317735,0.118246734,0.50299144,0.27719632,0.1925411,0.59999824,0.5426161,0.04057395,1.0132904,0.19724078,0.1019141,0.6907476,0.15818396,0.68779737,0.18646538,0.42451406,0.57126725,0.46527097,0.24959725,0.27116176,0.80507123,0.45931965,0.4357289,0.1981478,0.68133307,0.4861255,0.7159733,0.08254268,0.59830946,0.27536497,0.8177245,0.1862141,0.35894582,0.44790393,0.5085977,0.31365928,0.45722574,0.38814032,0.20053229,0.6170485,0.514715,0.33646506,0.8471109,0.12389803,0.78069,0.3761404,0.26063403,0.29617918,0.47392204,0.108868,0.14781433,0.69911534,0.17859064,0.0,0.026332749,0.28328127,0.05853181,0.18028606,0.1340133,0.29001433,0.58314896,0.3548518,0.04073466,0.7403272,0.1441721,0.021713005,0.08077266,0.64017546,0.38142678,0.48326847,0.6179621,0.7271067,0.5209111,0.7317783,0.31103647,0.21424483,0.43779168,0.08697398,0.9459395,0.0039563575,0.3828623,0.42906404,0.1038016,0.98142415,0.34568042,0.10005582,1.0042568,0.028297855,0.6409324,0.19924748,0.03166064,0.6315929,0.1094538,0.8438604,0.27735505,0.026394349,0.46120295,0.8237457,0.2971286,0.29031783,0.41004235,0.20555024,0.16382429,0.4902937,0.7019079,0.030804344,0.49017593,0.08228427,0.057282954,0.411568,1.9925218,0.61773944,0.5916846,0.3824817,0.81523395,0.0,0.3718335,1.66178,1.1135459,1.0967609,0.66855216,0.08776915,0.18043922,0.3557076,1.1941597,0.37835312,0.42900795,0.15830714,0.75299203,0.09387241,0.06874785,0.020336112,1.3629966,0.25365746,0.6387894,0.29172638,0.038585246,0.53884906,2.2594404,0.18254748,0.70576596,0.1251477,1.2857623,0.6600343,0.3671518,0.78694504,0.036894314,0.46942264,0.23337975,0.53117424,0.25660574,0.0,1.6003916,0.06946976,0.32517546,0.8135473,0.12915683,0.033922024,0.22554527,0.09433902,0.72932315,0.929227,0.36907032,0.35716122,0.22750358,0.63547915,0.05499307,0.23462495,0.17511636,0.47043055,0.06220919,0.3041066,0.42499775,0.612368,0.3567413,0.74302423,0.71225107,0.25450212,1.2531029,0.5005095,0.5213946,0.04612749,0.39976522,0.05352395,0.7380873,0.61242884,1.232552,0.0583968,0.54160327,1.855005,0.33882838,1.5018015,0.19416723,1.3204923,0.12086469,0.87728584,0.2655291,0.80047953,0.9406458,0.50205296,0.35279977,0.0595592,0.0571144,0.77426136,0.3606012,0.048190325,0.35995984,0.73407304,0.9278691,0.0388402,0.1541143,0.18439764,0.090256475,0.03275165,0.15615623,0.6413365,0.29204074,0.0,0.42436004,0.25549856,0.94148666,0.39515972,0.44652456,0.29258013,0.879904,0.9389778,0.5301605,0.06440362,0.09617352,0.17500383,0.0894833,0.05617807,0.35981664,0.69422257,0.6619068,0.85234255,0.34228274,0.0569189,1.9319351,0.4152665,0.648913,0.6270255,0.53159547,0.2966261,0.20025381,0.3282719,0.49059403,0.046898942,0.5382205,0.07916757,0.035294674,0.5626819,0.32359815,0.5233549,0.65636116,0.061305404,0.009787628,0.013581267,0.51798904,0.44282132,0.013591677,0.09578587,0.7075192,0.5516999,0.6219143,0.15353069,0.5286174,0.45645207,0.59550864,1.3776283,0.5631768,0.3009552,0.33729294,0.0028252776,0.200319,0.06395363,0.9297175,0.6835682,0.2876083,0.018305007,0.020618562,0.57812345,0.30995542,0.6131792,0.0916519,0.36297688,0.51667094,0.19176382,0.28326112,0.5491744,1.4002069,0.6319935,0.07526628,0.92646015,0.25804472,0.40169692,0.23520897,0.0702983,0.38985944,0.43218505,0.028474953,0.6689677,0.8878956,0.5101792,0.56672937,0.13560942,0.13423279,0.56690454,0.2926746,0.72364485,1.0248702,0.19248287,0.19447246,0.34739614,0.9115576,1.0186225,0.37142667,0.0104809515,0.31533802,0.9253571,0.12076487,0.037352532,0.99506056,0.25146556,0.9118557,0.29756495,0.16167018,0.24432911,0.30669937,0.25078452,0.30547422,0.5258575,0.6018414,0.6122614,0.04366272,0.11329378,0.038135637,0.01542847,1.4013445,0.02302386,1.296464,0.04355085,0.26321435,0.10157896,0.43664593,0.06697926,0.23187083,0.38089117,0.06957558,0.4893281,0.039153524,0.007826305,0.5905938,0.23296607,0.21923274,0.46798742,0.8212795,0.38922507,0.04757624,0.48733234,0.036475524,0.8702635,0.26961935,0.472942,0.42104918,0.46222773,0.5464844,0.39615065,0.2568644,0.49980983,0.3863064,0.03185993,0.9487021,0.73347455,0.27666068,0.1763306,0.9552741,0.52613497,2.0746331,0.17426795,0.36327547,0.04730269,0.062063403,0.97747815,0.3623835,0.014207527,0.029480949,0.19578266,0.06814347,0.11385711,0.18770172,0.10926378,0.15686575,0.29250407,0.06527792,0.040418345,1.0148661,0.32559013,0.18236968,0.17826761,0.04714359,1.0234375,1.1884075,0.51515496,0.37594956,1.1371108,0.35567322,0.70611405,0.1546004,0.27953354,0.025555518,0.75111735,0.15402499,0.634289,0.45976186,0.29419282,0.17980155,0.15887538,0.6923868,0.44890624,0.6005324,0.23866323,0.041074548,0.2502727,0.5140066,0.34237725,0.4178605,0.3245755,0.71172935,0.109085396,0.5321107,0.80703944,0.042513244,0.589579,0.13564557,0.57727194,0.25988492,0.22877389,0.5758943,0.02350057,0.76036876,0.54338753,0.45532456,0.4640706,0.8091853,0.032172427,0.84208715,0.24945273,0.9536909,0.047566444,0.24148357,0.10212587,0.12778373,0.3865106,0.6589235,0.13798887,0.13999277,0.17412126,0.01574905,0.64888185,0.3085028,0.45236588,0.02088321,0.12545604,1.5590409,0.0038738637,0.3219993,0.7773477,0.9644984,0.39795452,1.3090585,0.644885,0.94782877,0.3354103,0.81666267,0.025989488,0.21468988,0.5298107,1.2752078,0.8932617,0.14230031,0.50623393,0.15288378,0.0,0.47123405,0.14083974,0.64427686,0.12183422,0.6755152,0.016638607,1.6039096,0.43955806,0.12743717,0.26358372,0.84812045,1.2868471,0.27818772,0.9858507,0.5191153,0.5149677,0.38451803,0.5531142,0.3066346,0.24199247,0.02610105,0.10499,0.14528576,0.011073375,1.0275738,0.017295115,0.36573252,0.20058286,0.2055192,1.2335781,0.36297938,0.26480633,0.74584174,1.0609264,0.13988309,0.34182894,0.38801125,0.08040891,0.12938143,0.54549605,0.41760725,0.12929288,0.16000348,0.39762402,0.39984128,0.17074409,0.35403264,0.92129433,0.56837857,0.05845596,0.5960059,1.0480754,0.9535707,0.029617272,1.3225,0.07850833,0.51470697,0.5600333,0.16608337,0.105250075,0.848761,0.004569443,0.515938,1.332169,0.40933332,0.15290704,0.4588157,0.0015291618,1.1227986,0.087743305,0.71531045,0.267662,0.88449013,0.19461691,0.4266256,0.7563636,1.0801606,1.0665358,0.15977395,0.033575594,0.21905652,0.2952014,0.5560413,0.6371199,0.22531638,0.14173323,1.413837,0.011219535,0.0962711,0.7307596,0.04570617,0.53792596,0.023139808,0.48298815,0.71452403,0.55030054,2.2799625,0.7215424,1.274802,1.0443003,0.8407571,1.1736758,0.45688266,0.07242741,0.3492172,0.43191332,0.3015461,0.6851127,0.08516936,0.038440008,0.39074236,0.40883487,1.0526574,0.13024321,0.52925205,0.02295545,0.36894208,0.37089932,0.1723239,0.1608909,0.28392303,0.30333835,0.6573782,0.39089084,0.21697344,0.10463621,0.37472808,0.49145526,0.2428521,0.68399775,1.1684487,0.3422432,0.41090542,0.2566934,0.34293753,1.3114486,0.34745407,0.41494298,0.42027044,0.6414796,0.26291513,1.9240429,0.081396356,0.50248694,0.1173332,0.5051185,0.1328362,0.47374943,1.3453575,0.90641344,0.6136836,0.431306,0.33741352,1.100594,0.89382094,0.3677941,0.4249127,0.44433784,0.6553204,0.09396552,0.5063996,0.81401414,0.5669518,0.7737605,0.16650784,0.582831,0.113574795,0.097266525,0.49105814,0.42761898,0.15256563,0.3374133,0.6338008,0.18540284,0.8230443,0.18261951,0.66718733,0.80087376,0.25160605,0.5582286,0.52629733,0.57262576,0.06744715,0.34677488,0.35821623,0.5536585,0.43612325,0.5122043,0.09299517,0.7403641,0.2859763,0.12426821,0.1491876,0.172017,1.3168004,0.3800132,0.76255804,0.26580322,0.17909136,0.333602,0.8635256,0.48468143,0.69825864,0.96057844,1.1340451,0.52607214,0.30306828,0.5603751,0.8973401,1.460485,0.15713722,0.78249717,0.18990302,0.20174327,0.05444127,0.32187897,0.36560398,0.0049049044,0.062634446,0.41283977,0.21594723,0.033926748,0.2930991,0.20568508,0.31902698,0.32142967,0.69471633,0.46150357,0.70704234,0.5036132,0.31745043,0.2910533,0.13252255,0.35100463,0.73823714,0.41129312,1.3248465,0.34745538,0.14971898,0.010997207,0.6136328,1.4252746,1.5084864,0.14509416,0.03901836,0.46310008,0.3463359,0.5688879,0.44194472,0.4087001,0.13351582,0.3764423,0.42343783,1.2394637,0.43512994,0.1662309,0.25886005,0.2504453,0.5237615,1.1617508,1.3425037,0.0006482786,0.5693651,0.62880504,0.15323512,0.6095345,0.33465442,0.17771155,0.43029898,0.39047152,2.1472707,0.4813627,0.24488944,0.03783465,0.15462112,0.0032737982,0.59925205,0.16290778,0.08748388,0.43131167,0.71579766,0.2502762,0.2566862,1.1385039,0.52840257,1.6132907,0.021788694,0.6457273,0.16800627,0.34046328,0.037679818,1.2664595,0.0,1.2096708,0.2542515,1.8203235,0.2523852,0.13878623,0.47913796,1.0573704,1.0647079,0.33230233,0.29184696,0.24331899,0.45618936,0.67058814,0.65635633,0.8171685,0.32342532,0.20217392,0.012145507,0.0,0.35626996,0.75306296,0.19240844,0.0030250617,0.8708515,0.5581876,1.596216,0.34466192,0.20597902,0.20458463,0.5879915,0.045555722,0.104194224,1.1086216,0.33494443,0.3736329,0.9234428,0.2546835,0.0655235,0.3571813,0.702937,1.8445511,0.3694068,0.009828848,0.42733914,0.38949934,0.46992886,0.3839801,1.0213604,0.09857791,1.92295,0.24470319,0.16021429,0.099101156,0.51238084,0.27739567,0.0,0.13482949,0.20041175,0.06453734,0.28824586,0.17149109,0.06716896,0.69779575,0.31316072,0.21899234,0.3585169,0.33082318,0.16045535,0.045789987,0.49648094,0.7065286,0.189078,0.0323366,0.72574186,0.2069615,1.2663097,0.2604621,0.16354534,0.57814646,1.0601548,0.16936737,0.44332734,1.4556999,0.781338,0.49702048,0.19561881,0.32523066,0.21315071,0.81637174,0.40585387,0.033897065,0.13929705,0.7483041,0.23213972,0.4123708,0.8695493,0.38313386,0.083560646,1.0130662,0.484202,0.5264274,0.0,0.24013224,0.73355925,0.41512474,0.010275036,0.31999063,0.49180722,0.055318475,0.6548548,0.77842623,0.24089953,0.08003564,0.512047,0.10860916,0.0,0.26753312,0.39677918,0.2097623,1.3984282,0.33686742,0.60752773,0.23645377,0.083557755,1.4086063,1.030212,0.34166402,0.16795132,0.06560886,0.22091755,0.6220169,0.48133484,0.579785,0.04121885,1.078669,0.012759311,0.63655955,0.5917798,0.29511273,0.6005471,0.020829901,0.9285935,0.06561435,0.05583196,2.0725613,0.8000914,0.5861026
0.18504943,0.113301784,1.6439339,0.48131454,0.42194927,0.1590434,0.16442151,0.6174722,0.23850618,0.81899023,0.8141906,0.02317708,0.2385416,0.3956492,0.11742528,0.09099462,1.1199176,0.14484672,1.4024603,0.72804606,0.7025856,0.2106176,0.62446964,0.0070698885,0.12870036,0.04622226,0.27412412,0.57158196,0.29053855,0.13089599,0.06897282,0.5553549,0.21823533,1.1537609,0.7847468,0.10797785,0.046826676,0.92439014,1.2151009,0.07499345,0.12037226,0.27589017,0.18762445,1.0891638,0.6017926,0.040412918,0.10073151,0.47825316,0.5524902,0.16595012,0.22875428,0.3609215,0.022789843,0.1544506,0.027193598,0.08389445,0.21434617,0.42303628,0.133946,0.5175685,0.04111934,0.1089572,0.45691767,0.46799475,0.043396886,0.5784484,0.15930903,0.10127032,0.31094176,0.15165488,0.10422189,0.5029481,0.20195587,0.016467763,0.11799623,0.17918535,0.294613,0.08704829,0.054565396,0.27882934,0.7537739,0.033128582,0.30682057,0.2780623,0.08732097,0.47839195,0.122739516,0.066899166,0.16870005,0.31194928,0.2903909,0.13521886,0.0062069986,0.23616263,0.39957762,0.90929675,0.084486976,0.5219357,0.07858991,0.8847967,0.19050503,0.9570772,0.43162477,0.12133988,0.054704614,0.24426103,0.82795954,0.5324589,0.36647493,0.2945312,0.110862106,0.67190355,0.10175422,0.121768214,0.79946953,1.2543056,0.065332934,0.4580774,0.11400242,0.3551459,0.073060825,0.24254501,0.4361065,0.39690295,0.23213947,0.07818717,0.36564144,0.4800023,0.5730574,0.19721074,0.0679317,0.55499434,0.08866192,0.20862508,0.07908748,0.12484565,0.06598176,0.11648269,0.10170351,0.30754155,0.31914166,0.4710257,1.6510266,0.5987437,0.33134258,0.11876689,0.5801629,0.045625605,0.4053976,0.08954253,0.025503492,0.4583721,0.43941617,0.24962333,0.331425,0.02385678,0.1179312,0.22130245,1.075894,0.13099983,0.06627716,0.86030895,0.70649993,0.21370345,0.14283788,0.10398474,0.302453,0.35161698,0.107195154,0.2955671,0.054724805,0.52521664,0.319922,0.16397989,0.038394257,0.15752941,0.6467496,0.35854578,0.58327305,0.052603457,1.0234797,0.66527903,0.23365714,0.14632125,0.5453157,0.2672451,0.5156052,0.24852127,0.554734,0.22542378,0.08026879,1.0284796,0.0745647,0.9991756,0.12906334,0.11725802,1.2231729,0.26875454,0.5210068,0.06498309,0.2960351,0.0944691,0.3264652,0.44036362,0.26609617,0.016093992,1.7279696,0.41446978,0.13448247,0.108062655,0.3465347,1.5409073,0.37353653,1.0592294,0.5529692,0.49334818,0.42804557,0.047607977,0.24587487,0.39601165,0.318921,0.1348203,0.53487796,0.35468262,0.24308659,0.506315,0.24385016,0.15076968,0.0029244036,0.21807972,0.28666988,0.22965592,0.004142416,0.19956544,0.012871832,0.34696558,0.12454477,1.0648723,0.05680829,1.1455486,0.09543793,0.7372908,0.06705952,0.32100588,0.33983594,0.1304851,0.16735637,0.5336722,0.054539192,0.35264164,0.1828088,0.39924428,0.053965464,0.189295,0.015158306,0.13631386,0.3296792,0.11078572,0.18132927,0.64768183,0.06041434,0.49299085,0.0693938,1.0639936,0.077916324,0.020409841,0.112878,0.5145255,1.2928624,0.00022625357,0.52396744,0.3327863,1.563003,0.38296932,0.10334018,1.0586436,1.018918,0.28505436,0.048968256,0.25726706,0.5271685,0.2683097,1.7616566,0.57360005,0.43375036,0.0774132,0.281209,0.82505965,0.39339155,0.07905221,0.24608701,0.57909787,0.24362293,0.3103149,0.19877079,0.32017934,0.2832465,1.000277,0.33299512,0.55844074,0.19712226,0.3468257,0.6219904,0.58592206,0.7003229,0.2962998,0.1318529,0.06133271,0.72757256,0.043626003,0.74705136,0.24759644,0.107929975,0.1633539,0.43497932,0.14399868,0.1933546,0.37941468,0.41242817,1.0419612,0.28625676,0.1313712,0.069000036,0.17379864,0.120460644,0.028439414,0.060142137,0.24806482,0.18619493,0.16766089,0.36778075,0.34657997,0.26894712,7.655188e-05,0.112645,0.98115736,0.04782423,0.31623688,0.45412242,0.10559697,0.6834135,0.09997441,0.18224534,0.29550397,0.060153645,0.08301766,0.6829722,0.20616199,0.9290191,0.11444306,0.23666558,0.41457283,0.02360351,0.21647102,0.26047847,0.0018691465,0.48111105,0.06439086,0.15327333,0.52334994,0.20705488,0.4302133,0.0791554,0.28492403,0.08458228,0.22818315,0.026165185,0.6111529,0.006515822,0.1417637,0.4727909,0.036880013,0.19673187,0.112194374,0.1148394,0.26053792,0.4588433,0.06063136,0.21040757,0.39144123,0.11323201,0.1302441,0.07484805,0.087446995,0.012147467,0.47778594,0.14858946,0.009588271,0.22735742,0.010150781,0.015234255,0.23303741,0.35115227,0.468816,0.18751399,0.17363603,0.7817492,0.3032859,0.577976,0.16971126,0.20565791,0.015596728,0.3685003,0.18317655,0.08461373,0.27685705,0.22285715,0.13808367,0.50756013,0.18628414,0.044233136,0.059023652,0.20164667,0.14052151,0.8612468,0.23400031,0.052635312,1.0953971,0.2819004,0.06539853,0.0059950943,0.7005036,0.3775915,0.3986818,0.72771347,0.24991325,0.04056361,0.41225117,0.18326654,0.02460125,0.3048641,0.13540961,0.32295927,0.00053164177,0.5134691,0.07564032,0.10992718,0.31704384,0.051326122,0.49472168,0.40270177,0.327885,0.15732163,0.17579098,0.03977812,0.052968346,0.25209677,0.07235013,0.057064813,0.07547739,0.31973493,0.13579854,0.26624364,0.20853962,0.21379972,0.05665319,0.18480733,0.1912126,0.10212231,0.5377233,0.59447545,0.0607647,0.3552226,0.06394248,0.28804776,0.422863,0.032830924,0.1891966,0.07644211,0.070660435,0.0008256344,0.07404399,0.24889347,0.37427855,0.02380135,0.6694763,0.26951784,0.3597452,0.005178947,0.17410013,0.53259885,0.2690629,0.65433836,0.007340373,0.008172126,0.48192483,0.087950766,0.06241373,0.55492115,0.04339078,0.19640647,0.06704283,0.20457566,0.3760258,0.4542855,0.15258218,0.07422279,0.084824905,0.42027968,1.2096629,0.5989897,0.42307404,0.0606141,0.04819956,0.50116855,0.59638226,0.49619317,0.019020338,0.5474899,0.037811767,0.2368044,0.35347852,0.28206807,0.0972226,0.2377334,0.07134424,0.037700463,0.76717246,0.09209502,0.37436646,0.088209435,0.1001444,0.06984874,0.014889051,0.050345,0.028823223,0.35951138,0.13525029,0.41185507,0.8616634,0.23791963,0.17838502,0.89501077,0.5344387,0.7505939,0.22535712,0.58292043,0.0034521366,0.24533603,0.16683114,0.47957554,0.5839256,0.04724466,0.22504543,0.21555248,0.25839663,0.1317473,0.0061872764,0.3059201,0.3816271,0.43955663,0.3306753,1.0832279,0.13296402,0.4868007,0.11039785,0.1138133,0.30246,0.38843507,0.7426442,0.13279092,0.24964458,0.109305516,0.6748814,0.7735281,0.89828026,0.71039665,0.12755547,0.4983452,0.5507591,0.920892,0.13486408,0.3146099,0.041229323,0.5088012,0.46443927,0.018615827,0.94180363,0.506142,0.28406394,0.20129031,0.36908412,0.16781199,0.18454662,0.0017244362,0.4032318,0.1555079,0.19398451,0.05714012,0.026752539,0.12797573,0.451845,0.71263933,0.37888315,1.0383127,0.88710606,0.057677,0.25267646,0.0696722,0.23024192,0.05487099,0.03066646,0.29148406,0.9138175,0.011574568,0.027510606,0.44915432,0.43710625,0.096731976,0.13856307,0.12672867,0.100802526,0.01797033,0.1672276,0.13567567,0.24251416,0.25924936,0.10416618,0.028517764,0.236933,0.1768769,0.45996785,0.24228418,0.17091598,0.0021158652,0.13440603,0.33697486,0.4485023,0.09435547,0.42732275,0.07080694,0.4010486,0.21534559,0.032764304,0.08935315,0.1618862,0.14046508,0.8407264,0.69017315,0.26478678,0.21146542,0.13029204,0.09348425,0.42123672,0.5014842,0.10483888,0.35361487,0.3736504,0.047706015,0.19336668,0.16384506,0.34846938,0.6261714,0.043022245,0.1387441,0.31899962,0.18229564,0.22825852,0.11159406,0.3333534,0.1710732,0.46533042,1.0076971,0.20760313,0.13551,0.075363755,0.27383426,0.20222071,0.112008736,0.030289158,0.4929913,0.05850464,0.019827165,0.09315512,0.37662852,0.101347186,0.150412,0.21127552,0.0030203825,0.03201411,0.77221155,0.030055795,0.83033144,0.22061282,0.023654882,0.1676673,0.03725822,0.087643564,0.6500699,0.018580034,0.033464864,0.23145114,0.051530477,0.234005,0.14946896,0.6297085,0.45924023,0.15898447,0.14832735,0.024733655,0.50134474,0.66394573,0.24970074,0.39837083,0.2420678,0.15536171,0.03346665,0.7851609,0.27375764,0.10920257,0.092443675,0.030019823,0.5106394,0.74237835,0.07870714,0.5594137,0.2903338,0.118029624,0.29403424,0.87954575,0.11507064,0.35326445,2.8838415,0.3643263,0.6000704,0.5312929,0.55167276,0.3797971,0.17968684,0.09199138,0.24559665,0.117632434,0.39366418,0.024113026,0.059037678,0.48582262,0.38375401,0.27694848,0.1344141,0.19532704,0.001088984,0.017214775,0.02412596,0.008998135,0.6792567,0.060569912,0.02384592,0.5929651,0.23219517,0.87690043,0.13502379,0.040178694,1.0166864,0.15125369,0.3396786,0.005918054,0.12445703,0.06904668,0.015159376,0.47697955,0.42222095,0.27494216,0.07331958,0.05144702,0.18777174,0.082509495,0.100856915,0.20406005,0.22201967,0.34598073,0.2045737,0.11261017,0.10973219,0.083321705,0.5284706,0.036383405,0.27540782,0.08034054,0.46699747,0.08487092,0.13357443,0.5313706,0.41951084,0.061253984,0.081645384,0.4697852,0.42762667,0.32947102,0.05356788,0.20136781,0.16811699,0.22476725,0.24513012,0.0032827538,0.31036377,0.07123118,0.03338877,0.059050396,0.39573413,0.18481871,0.254488,0.09736282,0.27983105,0.4215421,0.690408,0.09057468,0.07678764,0.08081072,0.2611682,0.47202086,0.47137934,0.091462195,0.03581371,0.055730388,0.02858266,0.14767048,0.4690082,0.4877491,0.03205215,0.25041434,0.04693727,0.6044977,0.4677142,0.029574238,0.34619978,0.10021998,0.15907983,0.0841368,0.80738485,0.3354596,0.038837887,0.9469995,0.25013727,0.11859223,0.45451713,0.30306947,0.06736228,0.14149895,0.15871568,0.3692131,0.23311308,0.55657995,0.13941504,0.11561324,0.021657696,0.60707986,0.047364123,0.13758886,0.34236732,0.42302167,0.25457627,0.14877671,0.14409226,0.49330166,0.26794368,0.04186494,0.18831082,0.5923004,0.062366646,0.20160551,0.16779068,1.2616853,0.5558486,0.5123031,0.10051005,0.34743655,0.12396772,0.85579044,0.40221035,0.15363616,0.010451846,0.1436156,0.11106576,0.16974749,0.12872186,0.017373351,0.15340382,0.18646654,0.15873304,0.051616084,0.1433107,0.1460297,0.09088822,0.42481548,0.12804116,0.1109258,0.3003875,0.07681262,0.36787793,0.36347717,0.0019214929,0.0031391135,0.35926676,0.2072044,0.4033075,0.50536954,0.2982911,0.36795038,0.03142915,0.4183586,0.19468427,0.10312079,0.588729,0.6810624,0.16485836,0.11542703,0.0690694,0.14618826,0.011846531,0.062494118,0.2591847,0.04342705,0.060008954,0.5470805,0.019994939,0.37329018,0.43330294,0.18983933,0.13632101,0.085744604,0.4988727,0.022103375,0.027993675,0.1728183,0.2612511,0.7895255,0.12533045,0.4658441,0.16531199,0.18548995,0.1132725,0.38484776,0.5110477,0.02657098,0.60904306,0.29392987,0.15720952,0.118618615,0.016874148,0.086191386,0.4106551,0.055246867,0.30619046,0.24704652,0.17937863,0.0061995946,0.08563887,0.057913788,0.123083815,0.49551553,0.38193586,0.37704933,0.1079846,0.48441666,1.4357963,0.591244,0.4961399,0.23568791,0.13810256,0.11189093,0.86786246,0.40421957,0.22946262,0.033169843,0.3388695,0.17915887,0.0009306357,0.09994435,0.079910345,0.58706367,0.26056278,0.24340305,0.5270047,0.6201393,0.040058613,0.7740477,0.39193946,0.036663227,0.052770674,0.64464474,0.1443452,0.3246503,0.325095,0.03966816,0.22840914,1.2412287,0.024935093,0.7729542,0.075916566,0.027722176,0.0071598217,0.39065197,0.18387845,0.03370265,0.10628253,0.31983656,0.34767988,0.35945845,0.09697753,0.02503087,0.26440963,1.0193328,0.2886726,0.19861421,0.020475462,0.73954564,0.1255699,0.20284013,0.2963797,0.15387774,0.2041075,0.17469972,0.14237703,0.09190017,1.1920781,0.23318732,0.017529793,0.04571288,0.20653048,0.16316026,0.07707866,0.2091535,0.09265277,0.093621686,0.38911963,0.2682972,0.029675774,0.031668484,0.12754531,0.07913957,0.44805247,0.5283686,0.12908275,0.23742935,0.6522646,0.49790674,0.49382752,0.14159876,0.021074664,0.27316663,0.3779713,0.022734508,0.39179486,0.32461774,0.10987593,0.21349327,0.13295609,0.42959744,0.23885384,0.0021377476,0.20648763,0.22361289,0.06683759,0.32892013,0.029520003,0.17453416,0.60180044,0.17056149,0.49617526,0.55855787,0.33400354,0.3272269,0.15840471,0.018713506,0.09177029,0.028653946,0.14978105,0.0035540333,0.6149434,0.6644826,0.2150119,0.096834764,0.030468497,0.32930285,0.38714778,0.20575422,0.4145527,0.250759,0.121362165,0.49611738,0.12428461,0.1254617,0.046529736,1.0463256,0.20044889,0.3791476,0.15434074,0.86860764,0.518082,0.052557148,0.10318402,0.9237292,0.10435869,0.26549682,0.06398259,0.9382559,0.7204449,1.1268251,0.5590677,0.57198924,0.0006251597,1.4382315,0.47332704,0.5042603,0.20621304,0.093494505,0.08689263,0.12262721,0.1564769,0.7473729,0.67715746,0.07478855,0.32578358,0.511581,0.0032493328,1.0547346,0.2705437,0.98427236,0.37712353,0.75327903,0.10559181,0.004258165,0.29497725,0.2986493,0.73597395,0.120493636,0.56271607,0.27367768,0.18578252,0.5888727,0.407105,0.020829182,1.0159566,0.19525129,0.052499898,0.60485905,0.15598518,0.5136708,0.13675255,0.32422143,0.45467317,0.3375458,0.18523908,0.13379729,0.81245804,0.48737663,0.32067567,0.1723647,0.6029141,0.5126275,0.70530546,0.094779156,0.5155761,0.2817553,0.79264146,0.23566654,0.26163203,0.43383896,0.398473,0.29465523,0.47843575,0.32434902,0.2150701,0.50857896,0.5267007,0.22066076,0.78502417,0.10762335,0.78523636,0.37595075,0.28646612,0.45409808,0.46544403,0.080456555,0.099577524,0.7253872,0.18176556,0.0,0.01937975,0.2519998,0.053730763,0.1789878,0.11753333,0.26200044,0.5137847,0.2615224,0.04499483,0.798723,0.15995285,0.021816956,0.04954975,0.6390704,0.29287755,0.45657358,0.6159727,0.83844507,0.39160144,0.38172066,0.3590123,0.19399658,0.39869508,0.07279893,0.8022939,0.021986805,0.32116127,0.38086313,0.08332561,0.6946112,0.35466623,0.110580966,0.90873796,0.02767423,0.47394794,0.18252726,0.020108273,0.6645764,0.08145709,0.80734074,0.17825486,0.029157363,0.43117172,0.83325845,0.25077933,0.1888409,0.30161768,0.27387232,0.099443324,0.53375643,0.6658068,0.02396911,0.4581327,0.023601547,0.091796756,0.3808438,1.8632759,0.48903453,0.5461907,0.4064178,0.5511926,0.0,0.30831754,1.6060373,1.1606196,1.0745533,0.56215847,0.052846223,0.15619951,0.28738886,1.0799135,0.3962717,0.47899687,0.12933475,0.84235144,0.06534976,0.06405853,0.034187384,1.1549001,0.2413274,0.49152985,0.35158193,0.006258005,0.4751111,2.185898,0.19796738,0.66415375,0.11006329,1.3189968,0.56272703,0.31388107,0.69547236,0.016308637,0.32098055,0.20929444,0.5769832,0.13567938,0.0,1.2553451,0.072615,0.20339325,0.81298184,0.095327705,0.023557883,0.2349674,0.15033787,0.7378489,0.9046111,0.3383005,0.33382913,0.13130584,0.47841877,0.05936786,0.08006953,0.1623297,0.47000256,0.04565559,0.1679669,0.35261482,0.5625799,0.23902851,0.6487659,0.5301001,0.1855505,1.1611466,0.5112344,0.5164943,0.042205364,0.32149488,0.037269656,0.6564566,0.49292824,1.1872305,0.022414122,0.39505565,1.5250825,0.16825375,1.5592724,0.04112622,1.2005758,0.14094308,0.82321984,0.28286412,0.7053417,0.7586252,0.41552407,0.24255002,0.066892564,0.07095902,0.65620273,0.4495384,0.033046536,0.36725032,0.433042,0.74461555,0.006702805,0.076781616,0.16662851,0.13660473,0.023031859,0.13212879,0.6280262,0.25423187,0.0004668833,0.32030815,0.23080246,0.7940897,0.3763286,0.46312946,0.1930539,0.68363386,0.8136464,0.56325436,0.07716431,0.034876153,0.13928422,0.04446516,0.04120736,0.4246284,0.7152877,0.55428874,0.7477681,0.2549489,0.030810535,1.7349315,0.3656187,0.6867228,0.6626943,0.44856405,0.24227957,0.24996448,0.27656636,0.4196626,0.0026809962,0.55493206,0.13382216,0.023699041,0.41643304,0.225651,0.602999,0.626165,0.07554492,0.005308517,0.028679345,0.45655197,0.30893153,0.0049598645,0.082763016,0.6867837,0.4706501,0.52741456,0.1552799,0.47430694,0.4410245,0.37260655,1.285614,0.6681652,0.2118726,0.29027632,0.0028792918,0.12874368,0.07507265,0.8350832,0.5950484,0.2621778,0.009180402,0.019191105,0.44733283,0.33559912,0.43286335,0.081745036,0.4377672,0.4373597,0.15541516,0.159138,0.4835534,1.1680216,0.6316201,0.12727496,0.7486526,0.25231537,0.33253393,0.124353126,0.060172126,0.34598452,0.33388254,0.042744152,0.5815538,0.89545375,0.5415951,0.67538667,0.102676444,0.12252351,0.5252519,0.36325157,0.64965224,0.80999875,0.13223678,0.15252161,0.4510889,0.8809383,0.98745674,0.4309882,0.017768228,0.2880951,0.9251369,0.06579622,0.045532636,0.95340604,0.19794603,0.7069424,0.32844228,0.17648411,0.20810664,0.20062134,0.19005577,0.29272047,0.5502913,0.568082,0.5154929,0.047058027,0.10245586,0.07318093,0.0017752402,1.4873834,0.009760281,1.237232,0.002224912,0.17944993,0.053638794,0.27184367,0.09060321,0.22415948,0.23977964,0.15205562,0.36255768,0.01395276,0.0046066246,0.7220683,0.23733369,0.15967576,0.4128547,0.7223761,0.4364532,0.09085545,0.5410522,0.029295783,0.8535398,0.15477923,0.45179892,0.32323802,0.35267493,0.48393118,0.3436364,0.12235361,0.55989397,0.31177604,0.03518808,0.709399,0.74565595,0.25192237,0.12886757,0.7351723,0.58126044,2.0523229,0.12119887,0.33896473,0.04760764,0.04522941,0.8193623,0.26484454,0.020035414,0.01248188,0.17212677,0.047794785,0.09544863,0.042468503,0.07446138,0.058172744,0.29467976,0.050812945,0.05130302,0.98327124,0.29367298,0.11327019,0.13734347,0.04687693,0.9641829,1.0475621,0.57058436,0.2521609,0.80456007,0.28519642,0.5412368,0.15890124,0.16559742,0.040207505,0.7096949,0.13971767,0.50043297,0.35270327,0.25652927,0.25474665,0.08548509,0.723593,0.43803602,0.6328999,0.19159913,0.056286246,0.16219297,0.3301006,0.28777316,0.2806564,0.26671866,0.6065381,0.12799816,0.5100279,0.7359514,0.015110631,0.62587816,0.058002684,0.43748745,0.15362981,0.17788425,0.5678755,0.017569948,0.6232169,0.37958628,0.1045747,0.42412952,0.7580002,0.022148103,0.92988664,0.16343051,0.895343,0.036927417,0.24902484,0.102413826,0.0818409,0.32983416,0.525793,0.124296136,0.11966452,0.13552207,0.008104433,0.4178341,0.19573784,0.45927513,0.03235054,0.04505044,1.4118514,0.00342066,0.12633948,0.6771908,0.8986439,0.34943646,1.293961,0.46778333,0.8071579,0.22647677,0.5313491,0.009183737,0.11329031,0.63686407,1.3669633,0.8323506,0.1285425,0.49281108,0.13152924,0.006245786,0.38815042,0.19380867,0.59888685,0.108277656,0.41862693,0.022966927,1.4241849,0.3616352,0.13079195,0.1769813,0.95684254,1.175,0.17551658,0.60083187,0.4742502,0.45131594,0.39012843,0.36131454,0.22014384,0.21625489,0.007243683,0.062322993,0.11786752,0.0042267926,1.1777245,0.012315664,0.21694851,0.1372839,0.21358426,1.2231178,0.17695397,0.2422148,0.59913397,1.0005593,0.07790371,0.4320222,0.4054604,0.0075342497,0.07891253,0.50398445,0.49563116,0.15263282,0.07922882,0.2987712,0.42277756,0.16538045,0.22513326,1.0607564,0.6411781,0.033535525,0.506719,0.89798737,0.83038515,0.01636592,1.1924564,0.101378866,0.47630912,0.56668925,0.062033415,0.04515304,0.5803516,0.0,0.49212164,1.0514133,0.49139482,0.1617696,0.33938146,0.0035369033,1.0552509,0.10864751,0.60633147,0.30066592,0.7849506,0.2507046,0.4709656,0.6419989,1.0483713,0.9449752,0.13864729,0.009946093,0.1177365,0.3154608,0.47135067,0.505146,0.19147357,0.1421575,1.2269354,0.03527403,0.08845393,0.57615644,0.034418188,0.4540401,0.015278757,0.3031095,0.6535231,0.48674858,2.2127616,0.71200806,1.31325,0.947342,0.7555502,1.1115817,0.4144426,0.011008283,0.24469578,0.4487787,0.33421016,0.58869666,0.1550217,0.056509234,0.36398375,0.28462714,0.8555843,0.04212699,0.5277852,0.009600584,0.19862904,0.31635243,0.16435964,0.21069452,0.17056125,0.39029077,0.55578613,0.27679324,0.10167229,0.02014701,0.109884694,0.53456736,0.20484105,0.6481328,1.0911076,0.19631742,0.2160312,0.27447006,0.28997263,1.0990003,0.41228598,0.44378647,0.40003106,0.44489166,0.25126624,1.9018614,0.0069011254,0.54513526,0.06781039,0.5390998,0.10815354,0.34012794,1.2188398,0.7952671,0.65854734,0.34728378,0.3781942,1.0180058,0.544294,0.33973575,0.29805827,0.38153067,0.6407981,0.09033402,0.36985126,0.69345313,0.43862695,0.61431134,0.06843051,0.54843384,0.14026964,0.082412235,0.3688479,0.43310398,0.14433855,0.18136987,0.60157114,0.06419353,0.70038843,0.07420796,0.5383642,0.6604373,0.23309465,0.40639684,0.655179,0.6312276,0.056651015,0.27039748,0.23835137,0.54133475,0.5564157,0.47590137,0.040453374,0.6714953,0.24433802,0.0937525,0.099436894,0.23177975,1.1370955,0.28661907,0.7387656,0.24854906,0.046714094,0.25453568,0.82648313,0.374291,0.7580937,0.7966778,0.9830487,0.45898724,0.25818205,0.58103347,0.80506706,1.4290084,0.12515882,0.7084013,0.1614006,0.1653014,0.02068059,0.16618508,0.30657363,0.0016330698,0.08050804,0.2798344,0.273825,0.100107566,0.28002927,0.10233241,0.30416274,0.27067512,0.58418465,0.44549477,0.6032789,0.44071755,0.2614153,0.33999652,0.076629594,0.37211066,0.70636755,0.36602396,1.0618242,0.28641477,0.14079788,0.01875683,0.4865201,1.3950622,1.5068678,0.1134479,0.03485427,0.35882926,0.3746503,0.48735398,0.38379627,0.49333477,0.097656265,0.39405882,0.4112885,1.3039116,0.5070556,0.21166033,0.29162025,0.17438133,0.4113971,1.1261691,1.1854616,0.037449244,0.5745185,0.64395714,0.12970662,0.5644872,0.41551626,0.23673801,0.4357471,0.434681,2.1744447,0.36852604,0.10705124,0.0756741,0.2597779,0.0,0.4582405,0.104261786,0.11821972,0.40423143,0.72569984,0.3520149,0.26155913,0.9786998,0.5011016,1.828383,0.022495136,0.67968714,0.18771975,0.36903617,0.038376726,1.4572691,0.0,1.2467561,0.24573742,1.7747356,0.18513846,0.21166775,0.46187586,0.9956379,1.1598567,0.21404313,0.44448692,0.21100086,0.5011919,0.6567838,0.47745693,0.83126855,0.3533689,0.22376476,0.0024008767,0.0,0.26870865,0.76527125,0.27964935,0.021210678,0.98430943,0.43552446,1.8877089,0.34735683,0.2850021,0.24157736,0.7038852,0.024602609,0.094960384,1.0906684,0.45656222,0.41845834,0.99604213,0.31517684,0.061774876,0.30116445,0.7540436,1.7278744,0.23956849,0.017011534,0.45073023,0.38782433,0.38930577,0.3964578,0.8665356,0.11651704,1.9422307,0.23096944,0.23387723,0.14960176,0.39147106,0.13278566,0.0,0.07649158,0.21327716,0.084753275,0.32828486,0.13870636,0.03844844,0.6714288,0.36915386,0.16589043,0.3461988,0.33993202,0.24558324,0.07535489,0.5290888,0.7852764,0.2637279,0.048879046,0.7305139,0.17149742,1.0590888,0.40504473,0.18323213,0.4728719,0.91360474,0.20304006,0.4709515,1.4164126,0.86051226,0.44437137,0.22967985,0.44325593,0.18317522,0.6390618,0.32813075,0.037324775,0.20873384,0.6655493,0.24572243,0.4789796,0.8933491,0.4164816,0.053000074,1.179424,0.47429633,0.46046105,0.0004101881,0.191875,0.6698543,0.38697568,0.015104074,0.30592874,0.48576134,0.07847667,0.54722124,0.6591164,0.24120289,0.09216671,0.4802548,0.18496712,0.0,0.21703699,0.35629106,0.22130176,1.6241424,0.3546871,0.6588838,0.26137725,0.11359492,1.5514531,0.97457933,0.7091422,0.11324201,0.03532251,0.13909929,0.59269947,0.42003137,0.6475481,0.036570538,1.0586123,0.07010942,0.88287985,0.6826385,0.23715535,0.43023548,0.033648115,0.8948766,0.11027083,0.066128455,2.19044,0.8034376,0.6451093
0.15636,0.06982741,1.7179269,0.43207753,0.41680104,0.14926425,0.20003921,0.62989503,0.20996064,0.75175905,0.7570878,0.0104998415,0.22579803,0.4520976,0.121306136,0.08291958,1.1411433,0.15868616,1.4207401,0.7147706,0.78998435,0.26634097,0.6832014,0.016983215,0.14574254,0.026829617,0.25031686,0.58446574,0.2654178,0.1358342,0.07084279,0.6572176,0.17664273,1.1379956,0.8339828,0.13692793,0.029574271,0.93228984,1.1619806,0.0815703,0.12338353,0.3289499,0.20568053,1.0455353,0.5681132,0.045389984,0.11245986,0.44712996,0.51499015,0.18271236,0.2502115,0.35743558,0.01964518,0.13553768,0.019292485,0.09561403,0.21883835,0.38443595,0.15312934,0.48067772,0.04164177,0.10856432,0.39732158,0.5058369,0.045045543,0.57116544,0.17849945,0.118608475,0.2581485,0.12742803,0.11459525,0.55548066,0.23389296,0.04947,0.18323082,0.15706326,0.26327217,0.07409803,0.07640618,0.27978325,0.76677096,0.027742714,0.33252504,0.2723184,0.10872996,0.48520213,0.15010813,0.08296892,0.17337283,0.32751423,0.27740252,0.14107826,0.0041105724,0.24903503,0.41979486,0.98095286,0.102413885,0.5381737,0.06278869,0.84795153,0.17764458,0.88596594,0.4532899,0.11430462,0.07398844,0.24349505,0.7840913,0.44906807,0.37117046,0.27415788,0.12455356,0.71859837,0.09129194,0.11527092,0.803324,1.1589833,0.074422985,0.4211434,0.122091144,0.4712276,0.05621835,0.2700975,0.40779167,0.36258513,0.19722676,0.06241501,0.4306021,0.51911664,0.56869274,0.2451959,0.10419348,0.60907555,0.07606143,0.16956304,0.10501547,0.13821037,0.08091986,0.16233183,0.11678668,0.30269355,0.30924034,0.40047872,1.6856755,0.59129155,0.31158784,0.10284822,0.58822584,0.026840253,0.44466573,0.110695526,0.029497912,0.41122365,0.47362053,0.22234756,0.33767894,0.01853104,0.15485072,0.21604799,1.0958474,0.13417096,0.042045318,0.7919628,0.73714167,0.20214753,0.13764083,0.08291863,0.28950202,0.33696574,0.11721197,0.24477121,0.07522386,0.41486463,0.2962501,0.120053515,0.051068082,0.15251462,0.7209296,0.35210305,0.5384884,0.06850272,0.9925487,0.66767406,0.24036966,0.17988478,0.5037386,0.23995474,0.6093146,0.26189715,0.60515237,0.23979655,0.07858532,1.0739605,0.09473599,1.0506124,0.11417941,0.09938568,1.223969,0.27336374,0.50877476,0.0523154,0.28259042,0.09313775,0.3503107,0.4410258,0.3102714,0.02124989,1.7881426,0.3912592,0.14788648,0.08804465,0.30453682,1.4882987,0.40584865,0.92114234,0.52884436,0.49399474,0.4243436,0.062113725,0.22852974,0.3836583,0.29126984,0.11987373,0.55686647,0.38832355,0.22214448,0.5124451,0.26984254,0.15211385,0.0068359785,0.23629026,0.29167625,0.2642533,0.009301651,0.20862877,0.021768354,0.32952124,0.13391018,1.0424837,0.047876578,1.1168036,0.12034871,0.7708932,0.08780671,0.338183,0.38274628,0.14858761,0.16183981,0.5040652,0.05637339,0.34696302,0.22225368,0.37922102,0.060074225,0.18679772,0.016527707,0.15500742,0.3157416,0.16942477,0.1823352,0.6438064,0.051152524,0.5267785,0.08191869,1.0136149,0.09170343,0.021497652,0.12433563,0.50027347,1.3153422,0.0033499,0.47733495,0.32836908,1.5832509,0.39049804,0.107863486,1.0944061,1.0171428,0.24951354,0.03775905,0.21670817,0.57946134,0.2563365,1.8347986,0.5924564,0.45308465,0.07716694,0.26462984,0.8772942,0.40521127,0.06882989,0.21862327,0.53671086,0.23426966,0.3369727,0.17195782,0.3203993,0.21210855,1.0777019,0.39393803,0.56410676,0.21319549,0.36871344,0.5445056,0.5126979,0.6449065,0.26426685,0.1341124,0.069601744,0.68847233,0.042125143,0.7842206,0.24519204,0.088454455,0.17916933,0.42218733,0.14232127,0.1931117,0.37055802,0.40542185,1.06059,0.29877955,0.15969488,0.08106427,0.1863533,0.14120737,0.036105398,0.078835875,0.25241792,0.28584704,0.23482797,0.40629292,0.34511095,0.30066118,0.0,0.06736237,0.88136184,0.088599995,0.27904958,0.64427435,0.1342171,0.7289279,0.053585358,0.24578846,0.30848888,0.06610911,0.09422074,0.6406286,0.22702447,0.99203813,0.14132696,0.33977076,0.3268191,0.0027942471,0.18383664,0.22457431,0.017255103,0.49007064,0.07185582,0.17027372,0.6355884,0.15201329,0.40034753,0.07382342,0.23539752,0.058808975,0.2584864,0.037822142,0.6224927,0.005123619,0.15783016,0.38748488,0.026526803,0.2168773,0.11583109,0.048901647,0.28674543,0.44056737,0.065406494,0.22893405,0.31410778,0.08165135,0.08683721,0.106966406,0.07024627,0.025251377,0.50783587,0.07319504,0.011850248,0.30024087,0.019400991,0.021231279,0.17926773,0.37093568,0.37844026,0.23825768,0.19092275,0.7787532,0.33908913,0.51457775,0.13698108,0.19386119,0.045538392,0.2918157,0.19061798,0.09056716,0.3621955,0.34694275,0.09270106,0.40884823,0.1407837,0.060261227,0.056838762,0.22121502,0.11411786,1.0207262,0.20378853,0.041572012,0.9837387,0.2899928,0.05867442,0.014667654,0.7301111,0.4135667,0.32976276,0.83565366,0.31638137,0.049408507,0.47013247,0.23158292,0.01884844,0.31223905,0.14124094,0.31367713,0.00449562,0.6712035,0.09808099,0.10239687,0.39733607,0.06293459,0.5085304,0.40751028,0.316028,0.12571496,0.1456976,0.05138704,0.0812275,0.20132397,0.06259385,0.06105154,0.18304864,0.31608307,0.124022774,0.24893317,0.22768834,0.23452061,0.052761327,0.24556458,0.16989976,0.10968368,0.470306,0.63776445,0.045685813,0.4554215,0.06586549,0.22363207,0.3933072,0.026806116,0.21858536,0.080519214,0.055335507,0.0004560198,0.14144912,0.23702307,0.35054535,0.04054892,0.66020435,0.29936805,0.41132805,0.004763156,0.18000045,0.5181328,0.3461746,0.7158405,0.008196265,0.010726424,0.5372226,0.13837445,0.07304783,0.5787746,0.07400499,0.14561254,0.05667419,0.21552563,0.39705798,0.43391085,0.17135873,0.11522288,0.07351932,0.44216114,1.3820928,0.590662,0.551515,0.099370465,0.101209044,0.5422389,0.4672674,0.4721816,0.015158356,0.61052155,0.105227284,0.20227467,0.382652,0.35590157,0.056293577,0.19294813,0.114411816,0.038911216,0.66613203,0.11317016,0.48464853,0.059840076,0.11203062,0.051579934,0.026270626,0.040296353,0.062705584,0.3840428,0.14818946,0.48430163,0.92131734,0.29081166,0.18620378,0.8726065,0.5127206,0.7490189,0.2669025,0.70231354,0.0055500055,0.28022605,0.24925776,0.47412267,0.68980694,0.044041004,0.29556412,0.24463214,0.23468305,0.18612978,0.01851287,0.34606487,0.4535113,0.50982696,0.28220305,1.0842342,0.2021275,0.5310427,0.11282631,0.14770365,0.36840367,0.47854462,0.84954304,0.12739973,0.2698347,0.065293536,0.6916752,0.8273312,0.96920437,0.9017748,0.14323172,0.59958375,0.62825584,0.8539245,0.12477633,0.349644,0.025562432,0.5339732,0.49880886,0.044725273,1.0413632,0.42788446,0.25478983,0.20667872,0.3773271,0.21067,0.1783025,0.016529085,0.34599042,0.163175,0.24094847,0.057053626,0.014531728,0.12760524,0.43565542,0.710052,0.3769238,0.97602516,0.98036796,0.09498429,0.29024434,0.06838591,0.28407347,0.065685555,0.040806722,0.33669576,0.7818408,0.041491024,0.039903224,0.56212175,0.39988813,0.06492422,0.14247224,0.20190021,0.15553048,0.0040069115,0.21634042,0.06237604,0.3061478,0.2332699,0.12990123,0.037545547,0.23462705,0.15012634,0.40843007,0.22014248,0.18544409,0.0049350625,0.11070433,0.3453146,0.4617548,0.09352949,0.45169848,0.03947039,0.47541392,0.19427598,0.051557537,0.11047085,0.09999543,0.15892859,0.93067336,0.7142122,0.25885984,0.24565074,0.15042146,0.08369623,0.49906895,0.5620766,0.090885356,0.34071025,0.35273033,0.022361077,0.21593484,0.1210731,0.27604866,0.65896434,0.058737855,0.122612104,0.2734065,0.18072347,0.24764536,0.13316621,0.4451939,0.1715692,0.52754974,1.1000361,0.25191882,0.20735759,0.09946262,0.21813896,0.23700616,0.085331485,0.067967266,0.54115933,0.06608784,0.010487536,0.16040549,0.29747173,0.13704541,0.1665144,0.23596899,0.0032799467,0.049747124,0.732898,0.017379314,0.56672,0.24032101,0.047666207,0.28118163,0.05654992,0.12665263,0.65099037,0.0135398125,0.031387188,0.20863768,0.09101558,0.24275321,0.15049,0.6751065,0.48560068,0.20322065,0.24079153,0.034439802,0.50884116,0.79345906,0.23586941,0.4139791,0.26651046,0.13602853,0.058953933,0.8205526,0.26840377,0.12919056,0.12221733,0.011899884,0.61335623,0.70956326,0.07671215,0.59393454,0.26996136,0.14334841,0.34692836,0.8870826,0.13387895,0.33745748,3.2132587,0.3952493,0.6009108,0.5952185,0.5500605,0.433333,0.11007848,0.09836654,0.26264185,0.13244656,0.48269016,0.06560977,0.14065692,0.66367215,0.3987905,0.22139989,0.11825584,0.14076418,0.0,0.0662267,0.029167544,0.012985852,0.7109711,0.024466135,0.018375263,0.5148194,0.2235513,0.8080028,0.14355853,0.08131391,0.9069217,0.1475022,0.36578107,0.007292804,0.10966699,0.099904805,0.02508258,0.4460115,0.3871815,0.2752951,0.08102679,0.06882721,0.20299007,0.056349464,0.12163319,0.20796616,0.25085288,0.37123242,0.21502,0.111959845,0.12166484,0.056033067,0.4930177,0.028299619,0.28681955,0.09383549,0.41325933,0.069097355,0.09985553,0.59177804,0.47919446,0.104413226,0.08491218,0.41835135,0.43083876,0.33159232,0.09009661,0.19023144,0.15796143,0.25245786,0.27160498,0.0044887615,0.31560728,0.118038714,0.023745071,0.06469818,0.4304769,0.26314867,0.25526756,0.07094524,0.31951657,0.3758735,0.6070286,0.14288887,0.13792433,0.093019955,0.24371648,0.517636,0.44078183,0.12695688,0.031573493,0.06665099,0.018262923,0.14697346,0.38699165,0.6250267,0.015390344,0.27316755,0.06356962,0.66826844,0.55014247,0.03657163,0.24189657,0.081578135,0.14162952,0.10144439,0.8297866,0.38981238,0.041027024,0.93041563,0.32499546,0.11748153,0.4643708,0.29066294,0.069694445,0.13449374,0.23275068,0.33360642,0.2803464,0.58134913,0.1115049,0.18606749,0.016454868,0.69086987,0.046909384,0.14462513,0.36032462,0.49680907,0.28458983,0.15336177,0.11208579,0.6744544,0.28275362,0.062659524,0.24177817,0.59189594,0.06874444,0.2663346,0.2156249,1.433852,0.6125899,0.4952311,0.14619665,0.35845268,0.13578448,0.9601823,0.39633578,0.15186521,0.006918473,0.14404209,0.09572606,0.2444728,0.14890327,0.01335299,0.20757776,0.19271335,0.17155322,0.05266431,0.14960986,0.15069197,0.08042924,0.49689797,0.1221307,0.09188631,0.31891072,0.09428148,0.5248896,0.3265921,0.0,0.003507991,0.3106169,0.26377985,0.32250354,0.46958172,0.31133407,0.39488265,0.028793322,0.45303848,0.2531115,0.07242745,0.56554025,0.55381966,0.17327625,0.060445983,0.08200199,0.17974626,0.01039437,0.07866254,0.2583512,0.041696317,0.075573124,0.56729984,0.03769544,0.3664122,0.45897952,0.15043874,0.17870778,0.0749709,0.4187222,0.012918888,0.026206013,0.2740736,0.26068205,0.87366354,0.10982786,0.43475062,0.13872325,0.25167,0.13643362,0.36243743,0.4448911,0.060289018,0.68283737,0.34585688,0.19425851,0.11275472,0.021046016,0.08925074,0.4150638,0.048304565,0.39889622,0.2324209,0.19798875,0.0042086467,0.11815275,0.057605807,0.11023204,0.4777276,0.35090715,0.42313966,0.14495061,0.5363282,1.3205636,0.5377842,0.64885724,0.24784166,0.17382178,0.120864704,1.1440626,0.4410256,0.27582973,0.043569952,0.33313757,0.2376801,0.0011124038,0.09232062,0.08454049,0.71738815,0.22663724,0.22484063,0.5385615,0.6064399,0.044093322,0.7507101,0.37867373,0.03000967,0.05414194,0.6542018,0.1484882,0.38253516,0.42615157,0.05330445,0.25146708,1.2966404,0.017318882,0.9354207,0.08843668,0.035627253,0.008941357,0.45386112,0.15050678,0.0475318,0.059667148,0.34857857,0.48155284,0.44151086,0.1298137,0.017634029,0.20952989,1.1004748,0.2777522,0.27652055,0.022688486,0.6519947,0.1729117,0.26238084,0.20985042,0.12799737,0.2160595,0.19015366,0.17631072,0.11236249,1.0738153,0.24339697,0.03419373,0.038954906,0.21526685,0.15428676,0.068317235,0.13865405,0.107103825,0.092546664,0.26122606,0.23647493,0.027100066,0.06242214,0.13767359,0.09288507,0.3694863,0.51541406,0.12093043,0.159976,0.5428033,0.5203191,0.4900865,0.15603286,0.033769492,0.4109366,0.323811,0.031483673,0.34047377,0.32051688,0.11365248,0.20764439,0.13117543,0.3921256,0.16620933,0.024008796,0.32619247,0.27274996,0.048708912,0.37230977,0.07693012,0.15661201,0.6155698,0.16254532,0.4377702,0.4964034,0.33242124,0.31125283,0.11211016,0.011483863,0.12998356,0.047123864,0.17783181,0.0,0.7145722,0.73055464,0.090223074,0.1800052,0.018338881,0.41121817,0.43356603,0.19511543,0.4663077,0.30749568,0.10330673,0.53126943,0.18303421,0.12985677,0.011654502,0.89953315,0.22589627,0.40124238,0.14021015,0.9308593,0.45347577,0.027894894,0.119992144,0.9576987,0.09877922,0.2684814,0.059199564,0.9641329,0.8094044,1.0992082,0.6183476,0.6092757,0.0039637764,1.3454902,0.531716,0.48641253,0.21676399,0.031134387,0.0844017,0.1404588,0.1974563,0.75742924,0.8634089,0.07983779,0.26838106,0.43220645,0.008548638,0.9921453,0.24797335,1.1472429,0.29547635,0.8166411,0.11159182,0.0060214177,0.34762225,0.37582487,0.66653425,0.058314964,0.685171,0.25117284,0.1535193,0.5722656,0.36739895,0.011185622,1.0785692,0.1944759,0.028766017,0.59479475,0.107460134,0.538833,0.1862971,0.3063473,0.51638573,0.36695552,0.20796639,0.109791204,0.8175999,0.59295374,0.34999377,0.2136169,0.6489042,0.5064403,0.7438063,0.09176957,0.4370255,0.27156013,0.8659566,0.2711237,0.2904507,0.28462416,0.45895183,0.41373044,0.44552892,0.17909709,0.17694914,0.45258334,0.6105561,0.18001604,0.78481376,0.12389451,0.76786596,0.36357686,0.323739,0.38366157,0.5587305,0.09351505,0.11791649,0.7020205,0.1913042,0.0,0.013726898,0.33677942,0.010887049,0.21323493,0.09552364,0.25081867,0.4068116,0.28057313,0.045276206,0.63885784,0.12690118,0.035613943,0.044004984,0.737291,0.26430246,0.50727105,0.5250194,0.7117318,0.41354162,0.4318738,0.37849182,0.15112022,0.41173473,0.07988635,0.8714653,0.016524872,0.39557222,0.38248536,0.13099128,0.6605244,0.35891777,0.12877834,1.0342355,0.03230222,0.66415894,0.13920902,0.0359786,0.61398774,0.09649739,0.9763632,0.2380152,0.03060198,0.48051003,0.8450088,0.34954816,0.24200208,0.29697746,0.29826474,0.09958697,0.50888836,0.5853555,0.03724657,0.5413474,0.023720507,0.07392081,0.40638673,1.8465261,0.47357032,0.538123,0.47062522,0.62961304,0.0,0.2851282,1.6004131,1.1427284,1.1425223,0.53572154,0.0830575,0.20643017,0.25086552,1.0491202,0.43870342,0.5914317,0.14472926,0.8527964,0.054903526,0.074222066,0.07383866,1.2917336,0.18083198,0.63083386,0.2631215,0.005607698,0.47353375,2.2038014,0.1941279,0.6687994,0.14673081,1.2367853,0.5471035,0.27742958,0.73438334,0.015519531,0.32753712,0.20773342,0.6359195,0.06562379,0.0,1.2067204,0.08361409,0.2665894,0.9353,0.050908536,0.012876071,0.20587453,0.1378221,0.8517832,0.89097273,0.407216,0.31868452,0.09980706,0.6315603,0.055271998,0.07005192,0.22601274,0.5098998,0.0471271,0.2259277,0.39417633,0.561873,0.2510564,0.72937256,0.65307707,0.25127357,1.2042947,0.57451934,0.57604784,0.028185412,0.302589,0.03824467,0.72885114,0.540174,1.158267,0.0045132115,0.384447,1.5534755,0.26487374,1.4443132,0.03470954,1.3053758,0.2198408,0.80891234,0.28680736,0.66332114,0.7559226,0.35374182,0.279309,0.036523208,0.092867024,0.6775862,0.4310156,0.028553287,0.35077307,0.41671237,0.93588,0.015897596,0.07506866,0.14649713,0.1322643,0.015240206,0.24713619,0.6650598,0.301785,0.0002723922,0.29100242,0.2115172,0.79190665,0.49233788,0.40275455,0.20136438,0.62086254,1.023682,0.49799377,0.03188433,0.035105083,0.15135303,0.046588957,0.029482704,0.51714945,0.73618627,0.66315174,0.8100264,0.2728853,0.031271465,1.7249495,0.3591919,0.8546085,0.7398776,0.46612942,0.25300622,0.29425085,0.20576811,0.44339406,0.030913102,0.5620023,0.1425135,0.0081256665,0.56948125,0.2734303,0.53462636,0.5345859,0.07956278,0.002729478,0.020257551,0.46821558,0.32475403,0.005442739,0.08433469,0.7423036,0.516889,0.5893246,0.13602254,0.5447818,0.5991949,0.346959,1.316585,0.8225283,0.2147814,0.301603,0.028694032,0.21180126,0.077580474,0.79068327,0.6166244,0.26560336,0.008358928,0.014349382,0.40662625,0.32516304,0.46795952,0.12229425,0.4310657,0.46478787,0.13408563,0.2113396,0.42769247,1.2168981,0.47456428,0.09808439,0.8444128,0.23031977,0.28804705,0.14590113,0.069957756,0.3773687,0.32131958,0.002619538,0.64789796,0.76040804,0.5643625,0.7012535,0.08675458,0.085591786,0.49425676,0.24835481,0.6889163,0.9666339,0.16715117,0.14506015,0.486515,0.8030991,1.069937,0.39455676,0.02174134,0.3756148,0.9763837,0.07279108,0.047960617,0.89731145,0.09578612,0.78776914,0.27310598,0.15228894,0.16724445,0.19240046,0.2973106,0.39938003,0.49147427,0.6222873,0.54937387,0.020878056,0.095530316,0.085019834,0.0008457754,1.3827393,0.0047706934,1.1236653,0.0029918654,0.27858526,0.07935221,0.25795862,0.09852415,0.1789042,0.20360327,0.1262457,0.51226926,0.02327349,0.00093446806,0.6358224,0.13878891,0.19139694,0.38282335,0.7957864,0.41886103,0.074826,0.52074516,0.035258606,0.74906576,0.103643805,0.5010815,0.378011,0.40395737,0.5012781,0.37658972,0.13909145,0.49071074,0.24057817,0.04775659,0.7180626,0.87643063,0.27160865,0.12953651,0.58173275,0.5257375,2.1041572,0.09219256,0.4272943,0.076977715,0.07522621,0.7537134,0.28937787,0.014341432,0.01002988,0.1703529,0.039157953,0.12853947,0.087724835,0.052100502,0.023729654,0.31604543,0.029919744,0.057034414,1.0633333,0.19181056,0.048161004,0.14341035,0.08196231,0.94863063,1.1796314,0.67042315,0.17069939,0.71305096,0.3758486,0.5006932,0.16561016,0.13708831,0.02180247,0.66351736,0.120453134,0.54380596,0.45862013,0.38643074,0.21276602,0.11799201,0.7263877,0.36309415,0.61653787,0.14383009,0.0800266,0.20712993,0.4140855,0.28866962,0.262453,0.29082054,0.59441155,0.20311531,0.7479239,0.74088395,0.025758052,0.5518045,0.123114675,0.5501503,0.13740379,0.16573733,0.7268218,0.015195962,0.6757536,0.4446054,0.08968514,0.49709976,0.74224186,0.011430538,0.9951817,0.15183333,0.9446509,0.044008546,0.2780871,0.095683664,0.12696008,0.33041927,0.45167348,0.117191136,0.15752003,0.16862099,0.007204772,0.5349389,0.22782141,0.51789856,0.025163714,0.055383172,1.690973,0.011276204,0.14127979,0.7771654,1.1874294,0.37640148,1.4330324,0.535358,0.96762556,0.23341763,0.3978386,0.024748692,0.10680203,0.6932221,1.510702,0.9178984,0.08942346,0.51367456,0.13597155,0.0029868607,0.34412402,0.1901022,0.7630946,0.09826329,0.39518103,0.007692308,1.4710435,0.42113692,0.15673006,0.17562886,0.9075626,1.0016764,0.2226907,0.63438463,0.5435138,0.5065279,0.4260686,0.46506518,0.17853409,0.28036982,0.006268392,0.04944043,0.14907837,0.007815317,1.1028242,0.015078048,0.17791486,0.12055141,0.14888483,1.0310571,0.19481838,0.19316924,0.6695406,1.2158706,0.11960383,0.44331026,0.38076136,0.031603403,0.17673387,0.50340295,0.4808213,0.12425673,0.12523115,0.31772536,0.3335111,0.15540558,0.18621922,1.0394652,0.67731893,0.051334508,0.5517663,0.9186811,0.8644296,0.00064532284,1.195689,0.10880014,0.46888044,0.38649285,0.03145818,0.026865695,0.6873941,0.0,0.552163,1.1363499,0.45340687,0.15470968,0.5072799,0.0032864828,1.0504677,0.056645267,0.5014225,0.25715894,0.69515413,0.2435761,0.55717146,0.67373425,1.0646303,1.0737264,0.14045453,0.0016191021,0.13697782,0.3373509,0.51309943,0.48542354,0.21561903,0.1252025,1.3000709,0.028229313,0.0888602,0.6436227,0.03875112,0.5390036,0.016133035,0.30887422,0.67420506,0.56380844,2.2897182,0.73245806,1.2527211,1.0063431,0.74371594,1.1102971,0.44923365,0.002142182,0.26063058,0.43582895,0.3513347,0.60485923,0.18880546,0.068413235,0.3731808,0.3273772,0.8239676,0.026941448,0.46030408,0.0,0.2930188,0.27857596,0.1746081,0.2525251,0.16722186,0.30565822,0.3850118,0.30545557,0.1608854,0.050199848,0.09742599,0.5011416,0.3019792,0.72278416,1.0725489,0.18380314,0.2465631,0.27133703,0.31888878,0.9896792,0.31726354,0.45719635,0.41791233,0.4741577,0.28264606,1.9509859,0.0039824033,0.54573256,0.08469015,0.6077641,0.09607066,0.3654142,1.3008547,0.78461295,0.5494184,0.40841055,0.36391562,1.1952076,0.5800351,0.20213015,0.15775222,0.35339177,0.66493046,0.077373385,0.3498527,0.6878856,0.4132467,0.6334255,0.05943171,0.6146012,0.16486555,0.09832125,0.3306772,0.4744983,0.081747234,0.17101303,0.69663334,0.16544963,0.6008432,0.08795492,0.37258723,0.6317501,0.22526363,0.4166838,0.6566738,0.7001861,0.06982076,0.3473394,0.2670302,0.55942214,0.6465976,0.41851974,0.041529164,0.6717176,0.2325029,0.11432643,0.110622086,0.15446043,1.166541,0.26411897,0.63579345,0.2716583,0.11937615,0.22660212,0.84050596,0.3983158,0.79926217,0.7917382,1.185443,0.44589725,0.28109467,0.47904474,0.9184211,1.4808543,0.07868199,0.7318505,0.20283438,0.3025843,0.035058547,0.18119657,0.4420398,0.0054801023,0.07491585,0.33240384,0.329872,0.08017961,0.24806301,0.10266665,0.30157787,0.246566,0.6489034,0.46609753,0.6233182,0.52217317,0.28559864,0.42575505,0.09910944,0.3359765,0.8800727,0.31670955,1.0328311,0.38948762,0.16087204,0.011695825,0.5005447,1.4525023,1.5326002,0.14112696,0.07845728,0.27783903,0.48810723,0.41882458,0.34300107,0.3599878,0.11724573,0.5415129,0.40076524,1.368722,0.5138903,0.19642399,0.326105,0.22016114,0.46742308,1.1562676,1.1614733,0.01817676,0.4757884,0.6533734,0.107261494,0.6123047,0.47876728,0.215576,0.46439826,0.44091636,2.1650987,0.32857522,0.15984184,0.1700914,0.26107192,0.015726939,0.4331619,0.13807783,0.08930614,0.41643736,0.8338891,0.34653175,0.2945438,1.0002942,0.66641587,1.7681265,0.028052278,0.69421035,0.19768211,0.35775015,0.04747602,1.4712766,0.0,1.1592004,0.3059386,1.7404802,0.25126332,0.28211936,0.3850184,1.1088874,1.03684,0.25750166,0.3305264,0.18048881,0.50293314,0.72646666,0.50416577,0.8344866,0.31169796,0.22291005,0.001829851,0.0,0.3497495,0.6630077,0.30117768,0.025777785,0.94214904,0.66860485,2.0295806,0.29001582,0.259454,0.22450808,0.7900516,0.018309293,0.11334474,1.1415968,0.43861827,0.3883586,1.1184392,0.33141974,0.056544323,0.29716453,0.80460906,1.7454942,0.37685177,0.0144044105,0.3917513,0.4546006,0.5473306,0.39102253,1.0334089,0.12500873,2.055122,0.18989599,0.2467804,0.1483719,0.333033,0.22386825,0.0,0.10753849,0.18113813,0.078758106,0.32069463,0.20887066,0.034563545,0.73388314,0.36709565,0.18109366,0.39152992,0.332454,0.27004462,0.08590945,0.42920876,0.75759006,0.18285254,0.08582309,0.70876694,0.14014372,1.2083546,0.40793723,0.2148976,0.54328203,0.9951658,0.14706129,0.50557745,1.3715593,0.96465164,0.49385545,0.29700953,0.39993635,0.20124818,0.68452144,0.37844253,0.08370138,0.20965949,0.640628,0.19841337,0.39573714,0.8476103,0.42559546,0.06129943,1.1636724,0.40516603,0.52786875,0.0,0.2366154,0.7946851,0.361064,0.016784586,0.37401968,0.5057243,0.061169226,0.61899376,0.7935767,0.20394799,0.08906274,0.48990816,0.23625451,0.0048681446,0.24384779,0.41599923,0.24190924,1.7085737,0.32195863,0.67174995,0.19423768,0.10045898,1.5695846,0.96251094,0.6392294,0.1270155,0.03125063,0.1706906,0.6398302,0.4464805,0.6123266,0.014813218,1.0180973,0.06318715,0.9159006,0.6880039,0.26937583,0.47663817,0.03567626,0.90705603,0.112788916,0.054011196,2.3092413,0.8596769,0.69380724
0.16255806,0.07199174,1.6088045,0.44024575,0.47468817,0.17362472,0.16014041,0.5837878,0.21837297,0.7634341,0.68862486,0.025380505,0.2614814,0.39914548,0.12290761,0.07277949,1.1478531,0.13442397,1.4433923,0.83320856,0.6698046,0.22951183,0.5189421,0.024687998,0.12839265,0.029146228,0.23602,0.5450216,0.2586177,0.1595232,0.11701548,0.6872309,0.14181936,1.0938566,0.8150741,0.119299725,0.030985503,0.96361125,1.0560255,0.0742675,0.12718911,0.35938054,0.19665705,1.1762931,0.51830757,0.032984894,0.10995123,0.40689105,0.5420924,0.20860143,0.25646397,0.32250714,0.0432808,0.13224772,0.039644483,0.09478918,0.14875534,0.39098334,0.22390644,0.45178413,0.05539947,0.10995644,0.37623766,0.41409397,0.048164476,0.5042419,0.13111123,0.13100907,0.2777344,0.109402485,0.11951872,0.5946195,0.21542317,0.0453187,0.17595387,0.17697753,0.28242287,0.081917584,0.059690736,0.25819448,0.70808864,0.01900265,0.3294661,0.26495087,0.09870532,0.5452155,0.16610932,0.08609046,0.18821459,0.35407665,0.21684214,0.16698772,0.0024217723,0.24361315,0.48522878,0.7912216,0.08263709,0.58983344,0.06322584,0.81363803,0.1798317,0.85202575,0.46017534,0.08959342,0.108014,0.22723854,0.60651445,0.50138265,0.32239503,0.32890913,0.12007125,0.67816424,0.10939231,0.10821877,0.80793965,1.229877,0.0600889,0.4378247,0.121735774,0.42430627,0.07849299,0.3314109,0.37586683,0.39768544,0.1371176,0.059628185,0.33145294,0.59304863,0.5645719,0.21785478,0.112454146,0.547637,0.10299696,0.20003256,0.12895198,0.10797657,0.09388092,0.14785494,0.18122092,0.36673504,0.36241728,0.39895892,1.6543732,0.54960173,0.32098532,0.106859244,0.64012575,0.034050394,0.44303626,0.10448964,0.029602174,0.4297758,0.48197523,0.25657883,0.3125469,0.024518691,0.15425414,0.2504133,0.9979747,0.21209681,0.050713256,0.8019619,0.7051116,0.18583423,0.13144213,0.1020122,0.3162792,0.32948363,0.13491318,0.23730186,0.08308287,0.49877274,0.35991,0.12950128,0.071075514,0.22258313,0.70100343,0.35843015,0.46125925,0.069027185,0.98355955,0.6111321,0.27578247,0.2066921,0.514004,0.22461057,0.5498294,0.27895826,0.58276606,0.20744334,0.073824674,0.9821712,0.09201355,1.0575073,0.14253537,0.09207118,1.2446891,0.18983088,0.48181012,0.06480083,0.20814052,0.06144365,0.3774308,0.4615612,0.28604156,0.00511967,1.6568459,0.27653491,0.12816158,0.06845127,0.29055315,1.451822,0.4529403,0.94258493,0.48508,0.5258084,0.38456175,0.05773819,0.24273527,0.36296526,0.32755297,0.09558261,0.50516605,0.43621248,0.22515044,0.57801384,0.29099,0.121214665,0.013229482,0.23625651,0.28859544,0.28283894,0.007228614,0.18645726,0.032721378,0.327176,0.08924851,1.0596895,0.034700543,1.1147021,0.11225863,0.6707117,0.125185,0.35835138,0.34409374,0.17103249,0.15477985,0.51096994,0.05974128,0.3403876,0.19984409,0.41438353,0.07503176,0.18778357,0.03190649,0.1190985,0.3777598,0.18420793,0.19899456,0.69821274,0.03637959,0.52644515,0.08968637,0.95680547,0.083248824,0.0132834045,0.1113106,0.52657545,1.3177426,0.00082236127,0.48417866,0.28493407,1.4620875,0.37152755,0.11325557,1.0687914,0.9498579,0.2732423,0.048451684,0.27525514,0.6762428,0.2721572,1.7526864,0.60542935,0.44831938,0.08484271,0.3150903,0.92385817,0.32394654,0.05160853,0.19142133,0.5307929,0.26657647,0.27639294,0.17890906,0.30929044,0.22904651,1.1083542,0.37116733,0.6334461,0.25417525,0.39130768,0.5630437,0.5332453,0.64189124,0.31432283,0.14363348,0.081853464,0.7085376,0.027020063,0.7674588,0.22045884,0.081612006,0.16815689,0.3820716,0.103877515,0.18862124,0.41747975,0.4192326,0.9879038,0.28166166,0.19532242,0.14006402,0.1690689,0.091084644,0.078794144,0.060127344,0.19228232,0.30940753,0.19632667,0.3388363,0.33277574,0.32892978,0.0006322478,0.108251214,1.1122204,0.073698595,0.3559673,0.4365041,0.1745984,0.6192719,0.074980535,0.19350505,0.31048235,0.054388233,0.08611033,0.6626752,0.19878367,0.82344234,0.14406693,0.27875847,0.43988058,0.004474731,0.2083747,0.24382237,0.008909223,0.36884874,0.069345765,0.1313197,0.7577943,0.14096905,0.43666846,0.100904584,0.25327316,0.07890942,0.24886532,0.051904436,0.5840588,0.009946128,0.18514526,0.4102429,0.039598316,0.22799554,0.12430623,0.12580904,0.25359088,0.47448257,0.045928925,0.16588703,0.3113183,0.08574956,0.13404326,0.088615075,0.073438376,0.03173463,0.4239686,0.17771061,0.043614123,0.2625366,0.05066801,0.007662016,0.19542408,0.39750522,0.43282703,0.2882163,0.15576556,0.7901531,0.2975767,0.40574518,0.11977075,0.30572313,0.040403813,0.26830024,0.23347135,0.095387645,0.50111675,0.32122764,0.08129511,0.48063636,0.10459293,0.08114595,0.08187878,0.2057165,0.10045922,1.0399514,0.16162813,0.037708275,1.0748786,0.2534644,0.063627645,0.008786655,0.7094618,0.452752,0.34237096,0.7592497,0.22030541,0.009193939,0.71606225,0.16678877,0.023817651,0.29794315,0.1366017,0.38001025,0.016716618,0.7194989,0.11186706,0.22547139,0.6116949,0.050146647,0.52947545,0.40906674,0.24380535,0.160223,0.1119766,0.05534006,0.04816518,0.11129922,0.043730572,0.045977935,0.14759892,0.38730344,0.15810847,0.2443861,0.3391397,0.24452597,0.055973914,0.28666535,0.21860102,0.13134767,0.34372666,0.65993315,0.0404302,0.5925536,0.060442697,0.23187324,0.465356,0.10289529,0.19616501,0.07691702,0.053279202,0.00011344081,0.117338136,0.2586785,0.386576,0.031177964,0.6311147,0.30907676,0.45035732,0.0014701958,0.18761942,0.42520487,0.2583955,0.73858255,0.008375315,0.010071509,0.44428042,0.06491461,0.060332745,0.6363066,0.05157873,0.14307411,0.07193044,0.16963011,0.3822866,0.43627757,0.14790545,0.12896767,0.05504604,0.4574068,1.4968688,0.66186786,0.4026901,0.08477476,0.091906644,0.551306,0.66644466,0.37891456,0.015637739,0.57263756,0.08047987,0.19655335,0.5077232,0.44727963,0.05276311,0.23327202,0.11859302,0.026147842,0.5135044,0.14550748,0.4490412,0.0603341,0.06712308,0.024851855,0.014044327,0.04371694,0.1047318,0.39183718,0.13517438,0.39985895,0.7333681,0.29410827,0.20368902,0.7743975,0.40263158,0.73301756,0.28522202,0.7527955,0.001204908,0.24152684,0.14783579,0.56425977,0.7999025,0.10621905,0.23627758,0.24481279,0.26636088,0.18715063,0.03311719,0.29237285,0.4775263,0.3389754,0.40692404,0.8095151,0.20004912,0.5305321,0.1224243,0.14240889,0.30259305,0.43442535,0.6819689,0.16402373,0.30919465,0.049469985,0.5282718,0.64507693,1.0975593,0.959147,0.17490143,0.5707376,0.53301495,0.94470996,0.09006571,0.3333761,0.0050199777,0.48852268,0.3815298,0.060144797,1.0119153,0.53765976,0.2316331,0.23010164,0.41701698,0.29869133,0.1629034,0.010024315,0.2569617,0.14523502,0.2742527,0.078093044,0.028431587,0.14799741,0.43740076,0.76009125,0.3593151,0.9068449,0.9639701,0.10550101,0.235398,0.08620005,0.28525627,0.12738603,0.07735844,0.25315884,0.6418487,0.058337472,0.043741114,0.4616344,0.29368073,0.06908281,0.16405141,0.15553787,0.08550502,0.01896983,0.17297892,0.061791375,0.28942478,0.2999071,0.108184114,0.030096898,0.21559483,0.16433369,0.42399344,0.21934715,0.1885392,0.007564885,0.14947927,0.3115683,0.46686497,0.15770577,0.4459403,0.047960173,0.43869475,0.21921523,0.023618216,0.08646004,0.2275756,0.21616407,0.97752476,0.7657248,0.2024914,0.21225375,0.22027408,0.08817176,0.5099448,0.51179653,0.0935905,0.32573256,0.31776047,0.0093914755,0.2515124,0.11067079,0.2592068,0.64697325,0.07352366,0.07663545,0.32238442,0.122542515,0.27646837,0.10134205,0.4269765,0.18616661,0.42879397,1.3671138,0.34706426,0.25832802,0.13525751,0.21630055,0.24486272,0.09450711,0.099567875,0.595677,0.103435874,0.009144543,0.119886756,0.29481906,0.14473486,0.2132295,0.20230696,0.006171581,0.0081499275,0.7297078,0.03567613,0.58606476,0.24734859,0.03653554,0.24974415,0.04896758,0.16423078,0.62610215,0.02518613,0.03453738,0.27462476,0.07585157,0.24014297,0.15149441,0.77794504,0.49701232,0.17252314,0.20975918,0.061132684,0.5235462,0.7066529,0.2572961,0.32602695,0.35319436,0.21609414,0.051545836,0.75321114,0.24242112,0.12692007,0.09644388,0.012670442,0.70519334,0.63903105,0.0648658,0.49885082,0.28414017,0.06942533,0.443966,0.8056208,0.1254356,0.39124978,3.2568922,0.3928197,0.6490176,0.49794164,0.5943602,0.45544,0.10248408,0.06491794,0.26294538,0.11672161,0.52820075,0.061505802,0.06196156,0.64536595,0.2805504,0.20952709,0.2159775,0.114599265,0.0,0.0633437,0.038828656,0.00317196,0.8496041,0.06689195,0.051684953,0.49268556,0.18913037,0.61800647,0.11227107,0.07799124,1.0449646,0.14783475,0.31363863,0.012722136,0.17749074,0.09314371,0.022180308,0.40463358,0.3828902,0.31490588,0.058619544,0.016325982,0.2308373,0.04210255,0.0949928,0.23345941,0.2691407,0.29295647,0.21685156,0.17971128,0.1428893,0.069165096,0.41484606,0.014883708,0.20449147,0.07396438,0.40791738,0.07777454,0.20101486,0.5962105,0.53946817,0.023991726,0.059644498,0.5339726,0.44052672,0.32188606,0.1569438,0.12648146,0.15415147,0.25110668,0.24598867,0.0070243487,0.36775178,0.12813284,0.024711274,0.050472543,0.33431023,0.19548315,0.25287178,0.09744636,0.42536318,0.4552872,0.4276608,0.14776126,0.11241787,0.059078798,0.3026937,0.6043106,0.4645465,0.10359588,0.037583996,0.059482176,0.037390716,0.13453892,0.38509482,0.5272536,0.1005717,0.22308967,0.054682255,0.63039243,0.4564223,0.012583169,0.17247112,0.09887592,0.13014106,0.090739965,0.76907,0.36093235,0.026842605,1.0538843,0.341004,0.07325588,0.43217564,0.2540868,0.12194997,0.19618595,0.19439124,0.2769578,0.30347395,0.42673504,0.11137766,0.16296987,0.011995589,0.65314883,0.053085573,0.1272105,0.44054577,0.47440487,0.18161578,0.1778838,0.094515786,0.738801,0.32515663,0.036958836,0.1238468,0.50429535,0.105559185,0.26502666,0.21616918,1.4286247,0.6676338,0.5136951,0.13765952,0.49522552,0.1187933,1.0729139,0.428127,0.15576693,0.011055422,0.13641389,0.1212133,0.21377721,0.124198526,0.053311422,0.15396109,0.20986581,0.18470818,0.062460516,0.11835914,0.14250645,0.052537657,0.44794032,0.098094024,0.13929516,0.3296929,0.087046266,0.5540757,0.29884812,0.0,0.013457776,0.28305626,0.23282266,0.3266297,0.31993288,0.28130144,0.36267683,0.033907942,0.54862183,0.36010513,0.07371588,0.6253904,0.5652604,0.15709129,0.0630257,0.11013137,0.16428703,0.011734061,0.08409789,0.13189739,0.022201601,0.10094169,0.5479784,0.024395175,0.29961252,0.43278474,0.15770525,0.11607726,0.10483906,0.46205762,0.035263598,0.019035483,0.34023494,0.18318939,0.6769628,0.09795803,0.51501393,0.12976077,0.35530812,0.07805437,0.3056242,0.45926237,0.019941032,0.48479894,0.41252208,0.2331271,0.10984523,0.029154282,0.07788347,0.39489043,0.06911603,0.31849742,0.19223936,0.24763903,0.003268649,0.13301325,0.09358294,0.08646447,0.35939598,0.29651275,0.46904427,0.17317809,0.5221308,1.1464751,0.6004741,0.6080376,0.30031967,0.12491533,0.1600843,0.8938466,0.43654433,0.30749,0.03585582,0.39744836,0.262752,0.0050803623,0.15120408,0.06115298,0.8139537,0.23547968,0.22566134,0.5573005,0.43986267,0.06306758,0.7374179,0.47890767,0.03452317,0.040902667,0.53642154,0.16419539,0.41527072,0.35053563,0.052008025,0.19533542,1.234414,0.019775558,0.98287976,0.09318067,0.05706381,0.02087206,0.3509161,0.19056962,0.070201606,0.062113337,0.5531607,0.37724677,0.40477526,0.113656186,0.035111874,0.2717986,1.0238056,0.29957736,0.23167951,0.019596823,0.7704953,0.1568988,0.23816219,0.17672363,0.06756321,0.15393993,0.20803943,0.28255907,0.18280919,1.1979408,0.1808435,0.025249472,0.017141324,0.1764686,0.23477978,0.042096145,0.21920024,0.096590236,0.10708892,0.25515866,0.24469778,0.03700359,0.05504819,0.08329739,0.09711665,0.44059914,0.5711235,0.1597317,0.13192862,0.6526864,0.42670673,0.63921773,0.12370488,0.025758993,0.42099142,0.33507693,0.032898456,0.36301506,0.28495157,0.08332698,0.254062,0.1337992,0.43789124,0.23722053,0.016240245,0.31814784,0.22201684,0.06451064,0.2699111,0.08116715,0.17618155,0.6026057,0.24251308,0.31137326,0.4205327,0.3086409,0.44937986,0.082133986,0.00969583,0.06078519,0.038851693,0.14902511,0.010850508,0.76683074,0.64508057,0.17553005,0.1420018,0.04301302,0.39930063,0.4163441,0.15412448,0.43923056,0.28914338,0.10986534,0.4918766,0.18593214,0.16589147,0.029843058,0.78925747,0.23178685,0.3936117,0.11990079,0.8029978,0.44667375,0.035934575,0.056576252,1.0530154,0.10469875,0.2813958,0.04836014,0.71880835,0.69823813,1.1348419,0.61481375,0.4102717,0.0019961416,1.2629659,0.45937854,0.36168033,0.0674289,0.06726274,0.11692694,0.12550285,0.16543679,0.7007897,0.79396105,0.064652555,0.14138566,0.43988502,0.00521792,0.92135173,0.27256185,1.1046054,0.3751452,0.7469014,0.044460524,0.0012399441,0.28705168,0.3789743,0.4965673,0.053594872,0.67262447,0.3486997,0.120466754,0.55226374,0.23049785,0.009903723,1.0858427,0.1135061,0.013705311,0.57515246,0.16603428,0.5989218,0.17087173,0.293527,0.4618701,0.35576275,0.26070976,0.12201832,0.77529407,0.44819552,0.28916305,0.21927798,0.8500991,0.36249536,0.66456175,0.12174587,0.35495317,0.21260916,0.9859471,0.09085667,0.19739205,0.3245536,0.30085456,0.34378856,0.40611294,0.17510974,0.1669075,0.36511892,0.6838244,0.069933444,0.71954304,0.08649466,0.69966364,0.3587646,0.3386032,0.25319177,0.40983608,0.06442922,0.08799295,0.58390135,0.13079496,0.0,0.04938265,0.35889667,0.01816731,0.051436856,0.09375436,0.1544823,0.41409552,0.25034,0.031667262,0.60611916,0.09727652,0.1209045,0.046426624,0.766919,0.11398655,0.28823,0.53997004,0.6966172,0.40261406,0.45049602,0.26663116,0.12264451,0.3566771,0.07944974,0.77753294,0.009069101,0.3963856,0.3075404,0.07813709,0.5083253,0.30251265,0.13260977,1.0280929,0.017727613,0.56225705,0.11698773,0.016984846,0.5121193,0.11041176,0.7173797,0.23513816,0.015334299,0.387991,0.8589866,0.3153164,0.37865797,0.24750793,0.3375925,0.04693725,0.4007419,0.36397544,0.010996221,0.43520415,0.0225765,0.064649396,0.37331197,2.0095382,0.5527809,0.4537437,0.40416223,0.5044587,0.0,0.3030406,1.4599159,1.294565,1.0724329,0.6077931,0.05938171,0.24316126,0.2306964,0.9057215,0.4845761,0.42486343,0.12392435,0.782205,0.05240205,0.07234289,0.0072811386,1.304411,0.22430204,0.8009413,0.12556475,0.01016671,0.34780174,2.0114918,0.15272105,0.6216861,0.07979121,1.434519,0.59152174,0.23917063,0.8239584,0.042328283,0.3380826,0.13721967,0.3505889,0.11465533,0.0,1.1392813,0.06093519,0.2204103,1.017097,0.04295083,0.004682459,0.1890144,0.06086562,0.7624141,0.8441042,0.32252544,0.13453916,0.10837967,0.43124318,0.046806693,0.13273954,0.16005711,0.4694537,0.05973511,0.11950322,0.4246775,0.52317643,0.2166182,0.7017857,0.55721545,0.11646826,1.2038457,0.6528729,0.590939,0.027350819,0.37752128,0.029763356,0.55949455,0.5099212,1.2092721,0.0055618323,0.29959682,1.7053713,0.21946494,1.4549485,0.024451764,1.1716374,0.20264402,0.74847144,0.24232665,0.673313,0.65594214,0.3525164,0.36407045,0.03342755,0.094474554,0.5668337,0.21582565,0.030620022,0.28289732,0.23832878,0.84490407,0.035976857,0.14357542,0.08372724,0.10762949,0.013589049,0.13366726,0.55163914,0.22240058,0.00013430155,0.2071702,0.23110327,0.76399195,0.38647062,0.40546134,0.19757137,0.38706577,1.1728821,0.46393472,0.038425893,0.06847968,0.22082733,0.036673103,0.046357147,0.48810893,0.6671487,0.60531545,0.7862261,0.25861627,0.040387884,1.66278,0.3591739,0.7270082,0.5296281,0.45388627,0.18663725,0.19679826,0.2025387,0.4391137,0.045780152,0.38080513,0.13958648,0.017894384,0.49703705,0.21188363,0.5085374,0.5683015,0.06889303,0.007288482,0.016443525,0.34466076,0.2930072,0.009203112,0.07788724,0.82729954,0.45976683,0.44174832,0.05676587,0.43544382,0.4303789,0.5262426,1.2370695,0.73071253,0.2161902,0.23183107,0.036986683,0.11691558,0.096630156,0.84506154,0.6140146,0.18064001,0.028995562,0.021200802,0.34100497,0.2389469,0.46094644,0.10878867,0.28823268,0.44302043,0.1691335,0.1663118,0.5175513,1.1676779,0.57912177,0.04764265,0.8076053,0.22888309,0.3520329,0.06638135,0.01513361,0.41273475,0.34294438,0.0,0.44368637,0.65403414,0.50591606,0.6256758,0.07411161,0.14203192,0.46492198,0.22978446,0.7845973,0.89146775,0.07622604,0.1804924,0.44905376,0.7796583,0.9721393,0.35434985,0.023781367,0.47152442,0.85670626,0.11103484,0.062638074,1.003754,0.077935785,0.6277869,0.2842863,0.15382418,0.13788489,0.21353547,0.09410194,0.4466015,0.42264247,0.610745,0.42492977,0.0034368634,0.061091885,0.022513261,0.0012409722,1.2641797,0.0019620596,1.0893736,0.0,0.24622047,0.02221603,0.22069038,0.11439817,0.088582106,0.1784865,0.101546794,0.45059937,0.0019395675,0.0,0.67986476,0.14494842,0.17835452,0.5397557,0.6176851,0.3217452,0.040767886,0.5331779,0.056817524,0.85837144,0.069362745,0.41109985,0.2577577,0.46789098,0.41677636,0.336478,0.06552286,0.40465936,0.25424373,0.0795549,0.5601104,0.751809,0.29513896,0.117503636,0.48454386,0.59524816,2.0058446,0.10546683,0.3279922,0.057572164,0.026540894,0.7707745,0.29469234,0.035780203,0.0033792178,0.25987685,0.023691133,0.20127198,0.07130267,0.047108687,0.022103775,0.31985158,0.018322464,0.05780899,0.9690548,0.17149785,0.055393185,0.23543523,0.08049357,0.6652273,1.2918798,0.62109274,0.12119492,0.59674764,0.2257022,0.47569072,0.16649067,0.1887794,0.023791982,0.5667379,0.06611463,0.58269405,0.45334297,0.25808388,0.12354419,0.11887413,0.6588679,0.35760364,0.6807074,0.21161067,0.070864186,0.2171153,0.3617531,0.29949853,0.26084858,0.16414922,0.66366875,0.22698255,0.57650745,0.78711116,0.026886271,0.4455967,0.107474275,0.5394812,0.27024803,0.19126415,0.6424873,0.024432437,0.49005148,0.45686692,0.034032602,0.6324798,0.5486647,0.015357871,1.0345927,0.16616808,0.9112362,0.023099337,0.11964156,0.14442694,0.112087555,0.39239928,0.5239558,0.14357246,0.15112843,0.0769365,0.0066849254,0.6163974,0.33517122,0.5700659,0.05739801,0.058524072,1.7148206,0.0044152327,0.114286266,0.67193544,1.2164629,0.23491064,1.2202915,0.5262654,1.0842751,0.23551595,0.2710548,0.028236704,0.08817698,0.66753685,1.4416624,1.0556343,0.08989387,0.4123084,0.12228383,0.006696585,0.31242135,0.1751093,0.7141389,0.15812066,0.2641089,0.00014014539,1.1861176,0.29219848,0.13283256,0.18514252,0.8770171,0.9479898,0.20606124,0.43516186,0.49323678,0.475542,0.41948795,0.472054,0.25430867,0.29742676,0.0039368616,0.030939657,0.13325343,0.010211701,1.09236,0.0122056985,0.29524225,0.10559933,0.21781649,0.9271517,0.1554377,0.29423442,0.6419086,1.3903815,0.11531925,0.24164912,0.28921622,0.0342985,0.121970885,0.56091714,0.30118644,0.103513554,0.049808808,0.16949075,0.32594955,0.14848804,0.10173756,0.9349326,0.6921081,0.027583642,0.5113529,0.8721051,0.7552419,0.006119101,1.0117955,0.09257949,0.49689445,0.3829293,0.041625436,0.011775246,0.62929523,0.0,0.42650664,1.0827109,0.3875085,0.15863726,0.6052184,0.0,1.1073248,0.08152208,0.3393496,0.22839573,0.69173276,0.21206927,0.6863339,0.601423,1.1399996,0.8560716,0.12154359,0.00041355533,0.1886229,0.36954188,0.4481157,0.36465955,0.2699433,0.14035031,1.1593177,0.0030383272,0.058103684,0.62909645,0.05948375,0.5359405,0.023657475,0.33697042,0.63439393,0.6711194,2.1283755,0.82098424,1.1200765,1.0145199,0.6011871,0.9635998,0.40802342,0.007929258,0.21983756,0.55749667,0.3720229,0.56513053,0.13533059,0.04011032,0.3446666,0.49595422,0.8078722,0.03347572,0.45362937,0.0,0.4485366,0.20977947,0.20622289,0.21755236,0.16577968,0.16196147,0.38169527,0.39653498,0.17521429,0.022603445,0.13841814,0.44748822,0.20865265,0.556468,1.0156302,0.15174127,0.17817914,0.2913615,0.36712644,0.82359314,0.30678317,0.35089985,0.46113557,0.41972592,0.3410893,1.676746,0.0034171657,0.5121037,0.11495852,0.72285885,0.13704228,0.3966642,1.0791162,0.75106406,0.57772493,0.38239402,0.2356182,1.1260564,0.67145264,0.1628139,0.09341724,0.37393332,0.58733785,0.11087309,0.43567908,0.59113175,0.36207783,0.66303575,0.064287364,0.6449136,0.14913633,0.04238824,0.31801218,0.68283224,0.104622595,0.23820058,0.83338565,0.16058877,0.67037004,0.13113597,0.33225715,0.5131546,0.16288291,0.36549795,0.6162466,0.6026746,0.07420948,0.3420864,0.24121061,0.37087947,0.48269767,0.41346648,0.036420695,0.6799408,0.33094975,0.07922804,0.075896,0.22480133,1.2466452,0.26716095,0.55431736,0.17431656,0.24183619,0.1741172,0.9029204,0.6814435,0.6006029,0.7835971,1.3608679,0.598858,0.32391363,0.5347828,1.0091532,1.334284,0.10056346,0.6755276,0.18536046,0.32162383,0.07947312,0.094561026,0.38060835,0.013970286,0.08177613,0.31728506,0.22134957,0.11935379,0.25021762,0.15102457,0.29286906,0.24862824,0.5353526,0.4088148,0.38802555,0.5719101,0.25537065,0.33416414,0.077766955,0.26269713,1.0138143,0.17824504,0.9770862,0.26938775,0.15312704,0.061445706,0.45195413,1.4236511,1.3537889,0.06862128,0.032154627,0.27483934,0.50073653,0.27492362,0.3054483,0.24714527,0.07374085,0.48335627,0.4021309,1.3793151,0.66278267,0.16372201,0.2690206,0.19900735,0.48542693,1.1875097,1.2353944,0.0107982755,0.38969955,0.50435984,0.2256237,0.62798333,0.4036948,0.20980904,0.53237516,0.39895543,2.1902447,0.39048222,0.18735486,0.17578658,0.15916328,0.005497739,0.40274876,0.21451208,0.10359405,0.3354067,0.89725983,0.3273281,0.31131387,0.9461961,0.63665485,1.8723718,0.03318108,0.7035716,0.17481932,0.3722725,0.043891266,1.4187883,0.0,1.2340914,0.2836253,1.7787653,0.26377243,0.21495318,0.41494673,1.1191776,1.1395323,0.27625152,0.2288312,0.18293771,0.49925545,0.7686441,0.5779451,0.740645,0.2902947,0.26509857,0.00042199023,0.0,0.31758153,0.7149832,0.22615013,0.02362841,1.0676901,0.5935831,1.947269,0.3779065,0.21800062,0.20929241,0.7173951,0.0207659,0.095551595,1.12746,0.42666534,0.35936815,1.129941,0.33845633,0.07481914,0.29832017,0.90031457,1.724891,0.5052328,0.024169477,0.39537105,0.43659756,0.48415583,0.39038903,0.9112899,0.11788665,1.9641259,0.2061181,0.2355759,0.18062966,0.34824216,0.20185307,0.0,0.10547088,0.1837045,0.12054551,0.3442739,0.2163333,0.047712162,0.6314299,0.36292917,0.21679853,0.4204627,0.37448317,0.29809654,0.056418844,0.43204236,0.6434469,0.093607105,0.0308072,0.7950075,0.18719104,1.2214794,0.3208657,0.24036436,0.7238545,0.9314079,0.17929162,0.51489615,1.383814,0.91798466,0.46525413,0.31106085,0.3775503,0.26513895,0.5585883,0.433643,0.08458169,0.19037099,0.6344919,0.18779033,0.3642705,0.9771749,0.39716157,0.08071391,1.0984865,0.42413267,0.50673485,0.0,0.29578507,0.9343076,0.36732852,0.01527152,0.38042682,0.53323734,0.09325814,0.6917398,0.68839294,0.27782792,0.12237923,0.5158872,0.109047465,0.0023630164,0.275688,0.39440584,0.23187791,1.5017607,0.291701,0.69910955,0.19679609,0.13994381,1.4479879,1.056126,0.59296006,0.13795242,0.04438989,0.1760718,0.69603497,0.41757447,0.47590145,0.003386067,1.036464,0.051319603,0.93584484,0.72039187,0.23303857,0.45123804,0.018936213,0.76918775,0.07292563,0.05004202,2.2544887,0.8200957,0.5710152
0.17140663,0.10897942,1.6341478,0.5194624,0.44763756,0.17109437,0.22835878,0.60218,0.16665383,0.82087743,0.79712415,0.037047677,0.27987444,0.4103459,0.15318951,0.0880131,1.3015752,0.07656162,1.5399005,0.7256438,0.6271588,0.30897412,0.5687571,0.030632513,0.12906821,0.0253873,0.2582527,0.5041244,0.26156834,0.16216314,0.08566594,0.5544628,0.14119262,1.1078018,0.9428859,0.108730026,0.020365667,1.0253501,1.1999352,0.08764394,0.097650655,0.33597463,0.22158448,1.1173388,0.47906765,0.04924194,0.094357364,0.39825222,0.54473376,0.14893362,0.27386877,0.31736827,0.041213073,0.18494186,0.07551283,0.051620133,0.115002856,0.409033,0.12971213,0.43254432,0.069238216,0.13569158,0.44434094,0.37842137,0.025340283,0.6987188,0.15283301,0.1309374,0.31171942,0.10961246,0.09516094,0.5248941,0.24502954,0.056973897,0.2005912,0.18515502,0.28096884,0.0672961,0.12362945,0.20459254,0.7041241,0.044223145,0.33837926,0.20637338,0.124946386,0.48331165,0.12601845,0.08998478,0.16291864,0.30856496,0.28986394,0.14423977,0.0035976735,0.2930432,0.48290434,0.84432906,0.050761413,0.52212304,0.080976054,0.79796684,0.14713319,0.8819854,0.46034986,0.05669587,0.10867447,0.21957035,0.7604772,0.43973592,0.37683326,0.3254943,0.10373171,0.63662314,0.09996383,0.12420086,0.7289937,1.0907413,0.10838996,0.4465736,0.113425076,0.427967,0.057872284,0.23383161,0.3679908,0.43660206,0.27994317,0.07145107,0.30873683,0.496515,0.57355064,0.2718297,0.07363405,0.56239617,0.09347583,0.22594994,0.122899815,0.07269028,0.07783149,0.10940491,0.14939418,0.35812813,0.30421147,0.40105134,1.6698972,0.67096776,0.36431697,0.10788862,0.6222229,0.05488939,0.3864568,0.06079405,0.026603974,0.5074006,0.5029274,0.22704369,0.29094547,0.03423348,0.16690615,0.23853502,1.0784082,0.14630528,0.06107541,0.8270646,0.5985681,0.2154825,0.08804542,0.110832445,0.3134268,0.38826266,0.065975465,0.23037434,0.079032384,0.5010315,0.39370316,0.13191023,0.056364436,0.24568662,0.7066845,0.311997,0.50201035,0.08649228,1.0407434,0.65622294,0.26689488,0.1852684,0.48968023,0.26590273,0.5504411,0.22928074,0.6575357,0.24807988,0.08922155,0.9702128,0.061630268,0.9371402,0.1549237,0.10418073,1.1824458,0.22043103,0.4817977,0.087591596,0.20510772,0.06406869,0.29941887,0.42283,0.23919848,0.011028742,1.5315967,0.28878653,0.13098073,0.10249876,0.31679714,1.3968554,0.46446216,0.9997107,0.5423347,0.57150567,0.38780048,0.08723627,0.2968676,0.37794027,0.3239411,0.09552109,0.66652346,0.40283906,0.24646081,0.46876594,0.3139189,0.20112082,0.023215186,0.1703209,0.24002841,0.21507967,0.0038233965,0.18754603,0.025279751,0.38873324,0.15738556,1.1388266,0.04660718,1.0254078,0.12445288,0.72780424,0.11950542,0.37368408,0.38413322,0.13760382,0.1785108,0.47001898,0.08049435,0.34650448,0.21543135,0.44763106,0.046912916,0.2245602,0.0524434,0.108903416,0.35121313,0.20542014,0.2345233,0.6616118,0.07600212,0.49109513,0.08257751,0.99777746,0.0703935,0.012754178,0.15474868,0.68473864,1.3886669,0.0,0.45514455,0.34266344,1.5443434,0.3251226,0.07522197,1.0747695,0.99414855,0.24221405,0.066237204,0.26617748,0.51944005,0.1898318,1.7450197,0.6499738,0.38309494,0.105393395,0.3581093,0.9759935,0.3371303,0.06978118,0.19296856,0.52247965,0.27083704,0.30279738,0.18760744,0.3063589,0.31670073,1.0546669,0.338336,0.5380188,0.20373505,0.33151925,0.5919519,0.5677109,0.6527388,0.27697825,0.11191754,0.07434492,0.7334907,0.050684586,0.8655944,0.21155602,0.09127776,0.21175206,0.3752831,0.097480506,0.15260954,0.37781936,0.4284262,0.88627636,0.3320359,0.16454898,0.1736243,0.14003906,0.12819733,0.041227665,0.0867095,0.15015149,0.25300723,0.22414379,0.37747073,0.32941592,0.27426708,8.693336e-05,0.07184256,1.0797244,0.074555814,0.30729645,0.38398162,0.2213453,0.55479,0.09766887,0.1688479,0.25014362,0.035204694,0.08651625,0.70984507,0.22051476,0.90616566,0.19715747,0.29154438,0.44139713,0.0019827853,0.20239344,0.19232534,0.018194476,0.44561437,0.06778378,0.16527486,0.60199934,0.102290444,0.42221713,0.10230542,0.26248398,0.041704122,0.24597085,0.04685193,0.58039814,0.003504071,0.088201456,0.45153058,0.037018035,0.21916929,0.1371403,0.0861164,0.33067918,0.3737662,0.03619704,0.14345054,0.33643198,0.093592405,0.09431903,0.16375795,0.04440996,0.015436018,0.36479032,0.11674902,0.033782933,0.23101933,0.046477444,0.015855111,0.19063337,0.42233783,0.38405687,0.34138972,0.26083416,0.78110754,0.21165621,0.5323324,0.22531796,0.3186544,0.026622813,0.26679003,0.23689476,0.03689383,0.42145777,0.24907169,0.08346663,0.52185893,0.13941933,0.08382979,0.06565515,0.22308855,0.08003071,1.0780499,0.2526647,0.06968436,1.1705067,0.34715444,0.054817505,0.012492856,0.66112137,0.3926259,0.26884896,0.9121205,0.1924674,0.025780998,0.605462,0.19231743,0.042279977,0.2966177,0.17795351,0.39983168,0.011581797,0.6951743,0.14671504,0.046807855,0.45921433,0.0375193,0.5010328,0.48543113,0.29506132,0.16977069,0.10986033,0.080202304,0.07145711,0.16435051,0.039796546,0.049015447,0.1498156,0.36396834,0.16264232,0.35800955,0.20952106,0.25364494,0.068740375,0.15676478,0.23458332,0.07332662,0.43982843,0.6799823,0.048495818,0.45990917,0.01102147,0.25177717,0.4233812,0.054580756,0.14093837,0.056366295,0.06312794,0.0,0.18440779,0.1918107,0.38008344,0.03314998,0.58998287,0.1809522,0.36251068,0.0072241593,0.1459553,0.42312962,0.16724057,0.57483125,0.016840061,0.00049468654,0.5973255,0.123458385,0.03731843,0.47873476,0.040297173,0.037562236,0.016378492,0.19084524,0.34764624,0.40434134,0.20688722,0.16483992,0.03894027,0.7091652,1.5570292,0.8021696,0.4433667,0.045766205,0.051091727,0.5501308,0.631989,0.2869183,0.000565986,0.5986701,0.15795085,0.18190983,0.42324516,0.30969042,0.049600426,0.20624706,0.09732465,0.018531954,0.66345835,0.1326193,0.4317863,0.07897576,0.111319244,0.0014820867,0.027164657,0.038632058,0.058330286,0.39773926,0.21882506,0.48414403,0.7720481,0.2971446,0.14886099,1.0149803,0.43337435,0.6514511,0.23373915,0.63989127,0.0010924666,0.41207668,0.11450531,0.61011285,0.6498796,0.096064806,0.27489477,0.3148106,0.2099947,0.16848242,0.011027386,0.2954235,0.5277833,0.40724474,0.3962925,0.923685,0.2008017,0.6187842,0.17681828,0.14521314,0.40086856,0.5655936,0.81799626,0.09988228,0.26076925,0.053085126,0.50352514,0.7292867,0.9437012,1.0331665,0.21534365,0.5967279,0.5445839,1.1548343,0.0264239,0.4801233,0.005222014,0.5601342,0.33750775,0.088289276,1.1442614,0.52813447,0.3079247,0.14486507,0.4639747,0.17365353,0.17599587,0.0043642484,0.29025584,0.090657525,0.41174394,0.013720294,0.0135453185,0.07662057,0.4442977,1.0873388,0.44833666,0.80651486,1.0733864,0.10140658,0.20769028,0.07305914,0.20232984,0.098877035,0.060586046,0.24885252,0.7827835,0.021821413,0.0667665,0.55975693,0.38365668,0.04613021,0.1574233,0.11841409,0.14551318,0.011242046,0.15269195,0.104486406,0.19457129,0.31012747,0.075725324,0.038416035,0.304614,0.12132086,0.51572895,0.14082782,0.21237554,0.0012489166,0.13194478,0.2983983,0.56375605,0.13793592,0.265075,0.09885459,0.50260675,0.17996448,0.033282284,0.08091706,0.21596745,0.28414547,1.1017921,0.8164252,0.24474277,0.26193026,0.187673,0.05571045,0.42972028,0.3966955,0.10665554,0.27186495,0.16838425,0.0050411616,0.25663537,0.07975982,0.2476016,0.670303,0.06863656,0.032980863,0.33454728,0.124951005,0.30495074,0.054786056,0.43162364,0.20697173,0.66748124,0.9439901,0.25499898,0.17699927,0.18703642,0.24821353,0.22952028,0.11587889,0.03371009,0.6014731,0.0577283,0.024337923,0.058049332,0.37764412,0.16763936,0.10822933,0.20459726,0.0068976125,0.018331494,0.64501375,0.015290554,0.50993675,0.26398742,0.029649975,0.17548913,0.06157857,0.11815387,0.66754186,0.026743032,0.02353769,0.257873,0.13666856,0.23597854,0.13061354,0.7444824,0.56323755,0.226526,0.21165608,0.02321564,0.5564756,0.6385517,0.2726034,0.3854208,0.31746647,0.15378049,0.052630305,0.64524865,0.26051182,0.15967102,0.11379977,0.0047430824,0.6771705,0.7127663,0.07141528,0.5486119,0.34189814,0.13107361,0.37708628,0.8716988,0.12345504,0.33903432,3.586813,0.4652152,0.6043321,0.48539275,0.40691638,0.5048563,0.10844231,0.07307875,0.20266107,0.05816641,0.55952764,0.07316901,0.051820062,0.75333333,0.23328122,0.18442324,0.1681277,0.14431879,0.0032989262,0.016365355,0.04652445,0.00063763664,0.81954664,0.08931255,0.009914947,0.5943767,0.11612325,0.6832715,0.076737486,0.050962873,1.2175741,0.14219743,0.44020396,0.012163002,0.16172308,0.13957775,0.041252296,0.36704057,0.3420074,0.28938076,0.040771376,0.015070679,0.11728889,0.11382313,0.09279525,0.11128062,0.3068812,0.3823855,0.23005754,0.14624971,0.12385753,0.15958786,0.39531666,0.015571121,0.28142768,0.08521356,0.5168785,0.059832826,0.13390248,0.52844864,0.51051867,0.04073061,0.04384864,0.30690616,0.45969397,0.34131342,0.1463507,0.116168655,0.19356543,0.22503072,0.14131483,0.0020142922,0.35662192,0.14176184,0.024281334,0.07667018,0.34093684,0.2861872,0.21398707,0.10593198,0.24761292,0.57011336,0.48502707,0.15507841,0.10209702,0.050964847,0.19599749,0.6292236,0.48089108,0.044992857,0.040638324,0.08214408,0.031785417,0.11778507,0.26225004,0.5748676,0.0067556133,0.297973,0.08496394,0.4574523,0.6195549,0.019129133,0.07289612,0.110427685,0.13255256,0.043788075,0.71281636,0.50732887,0.016987495,1.0790436,0.28904426,0.082448274,0.3627487,0.22248216,0.11658029,0.24282183,0.13658282,0.25380352,0.3195054,0.45830968,0.13423581,0.103444725,0.038248606,0.711717,0.0712067,0.0798997,0.45054072,0.65733856,0.21209556,0.1316142,0.11165929,0.59703237,0.30870402,0.04213033,0.19133331,0.5612137,0.15727763,0.22631593,0.1151298,1.482504,0.64311504,0.5575288,0.15366957,0.3930233,0.07784301,1.1048516,0.41534477,0.18669404,0.0019715405,0.13485602,0.11953236,0.21370184,0.07678918,0.04823434,0.14744756,0.21702027,0.1451433,0.056089245,0.18366635,0.114919215,0.085704386,0.4760815,0.072662696,0.09442266,0.24451819,0.079763055,0.57020134,0.3014921,0.0030148753,0.00036278702,0.26823872,0.15887335,0.32180685,0.4122545,0.23699635,0.33925718,0.052205652,0.48166305,0.19382079,0.03772907,0.5455866,0.67681277,0.115247354,0.05330652,0.09126687,0.21761714,0.0063646785,0.1326411,0.17158268,0.043012828,0.101091504,0.5762155,0.019718777,0.30267552,0.50369394,0.15064713,0.18215111,0.07103597,0.4721683,0.02174536,0.013271315,0.2357838,0.17566137,0.77187455,0.053091146,0.6401814,0.12056401,0.23207523,0.10042189,0.22939335,0.45897853,0.034203872,0.62908673,0.35605282,0.26189458,0.14677258,0.06683516,0.034578197,0.35859358,0.04835198,0.23060721,0.1811894,0.20587042,0.020650864,0.14288975,0.13067833,0.05984292,0.35100096,0.32120046,0.46724945,0.12524852,0.4961809,1.1583489,0.45196483,0.7329423,0.2845096,0.07485925,0.15717417,0.7865257,0.56121147,0.3208049,0.039128814,0.3893946,0.2021132,0.013547936,0.1589914,0.070943564,0.7303085,0.26265627,0.22140932,0.5810244,0.45370615,0.03128457,0.7856169,0.5140707,0.020956798,0.014281573,0.5227667,0.17831877,0.29777738,0.40723103,0.018286578,0.19551429,1.3026959,0.024227193,0.99508095,0.07695548,0.016087808,0.009640997,0.3750888,0.19222836,0.03593789,0.08665307,0.42056516,0.33750966,0.43365318,0.07893495,0.08662136,0.2199204,0.89583194,0.27941445,0.2666118,0.03858795,0.7309795,0.21975636,0.3229858,0.24124795,0.098546565,0.1243677,0.19716647,0.0979925,0.14663471,1.3389323,0.16617279,0.028502088,0.022129798,0.23339635,0.18109919,0.06888458,0.15616858,0.05937524,0.096365385,0.40028536,0.22615606,0.038880493,0.08275718,0.10755053,0.08203967,0.29203886,0.50573003,0.11169049,0.14833859,0.6813153,0.3021025,0.6206212,0.15425566,0.028535472,0.43249285,0.22620517,0.042750794,0.42330998,0.36729327,0.09817524,0.26783162,0.13457537,0.2690362,0.1928651,0.023810212,0.17220779,0.23590718,0.057592265,0.32527032,0.111438766,0.068888545,0.6994918,0.23408592,0.3651863,0.50864315,0.3842959,0.3922842,0.07273139,0.0063168313,0.043356325,0.058977067,0.2204833,0.013555277,0.9198221,0.6969415,0.19218892,0.067091554,0.04012516,0.39681044,0.41112554,0.18215665,0.46492326,0.31178057,0.092253275,0.5293096,0.18923688,0.10921511,0.041126832,1.0018475,0.22441517,0.5147764,0.13915929,0.70078707,0.6293225,0.064081736,0.038318526,1.0570719,0.07450238,0.19565752,0.045889266,1.0409214,0.7440178,1.0521461,0.54470336,0.4655621,0.031216308,1.3718609,0.30591238,0.27326068,0.22457162,0.20938395,0.07189818,0.0731806,0.17651363,0.7137029,0.76072454,0.08011203,0.25294742,0.29636365,0.00043321942,0.9694661,0.30819595,1.0867914,0.47539377,0.7248061,0.20070529,0.0034661693,0.27751806,0.2848866,0.44934896,0.12280639,0.3777954,0.32593966,0.15949138,0.45125532,0.48789006,0.03459362,1.0336999,0.14421423,0.01950816,0.45887417,0.13694672,0.6345015,0.11528121,0.30990443,0.4114189,0.30632728,0.23249988,0.036757402,0.6739758,0.36279973,0.32849568,0.1790283,0.4557354,0.4102391,0.49505758,0.09544486,0.42126393,0.30637556,0.92905056,0.23060703,0.31515825,0.42730618,0.33801717,0.29061148,0.4587938,0.3630901,0.22666135,0.52552336,0.52417064,0.114394106,0.90106654,0.071663305,0.69083047,0.3030736,0.2915361,0.22090179,0.4375791,0.070186324,0.11433062,0.44355196,0.19981277,0.0,0.024428621,0.29801053,0.045374956,0.10962075,0.10356646,0.25799286,0.6628996,0.251739,0.045874692,0.5415666,0.1140233,0.02212657,0.049784336,0.56120586,0.3508975,0.47173235,0.6295427,0.5187446,0.44716418,0.50362647,0.2522518,0.061397478,0.38665432,0.13062544,0.6751914,0.0036231088,0.26961386,0.36724377,0.046157196,0.9324019,0.25887662,0.11102379,0.890103,0.009837717,0.6133394,0.19862333,0.01220644,0.4105782,0.1045507,0.71105444,0.18207051,0.0038265684,0.52087843,0.9752688,0.24005784,0.21029669,0.30604273,0.2024575,0.09594437,0.37944883,0.5644268,0.024705872,0.31597498,0.03328846,0.061815966,0.3992442,1.7757356,0.45259434,0.47601795,0.5069355,0.54180205,0.0,0.4116391,1.5378027,1.0917592,0.91558486,0.67043036,0.038897753,0.10505748,0.2782529,1.1574938,0.47573185,0.3678756,0.14403123,0.5112836,0.051855866,0.13636792,0.0082702795,1.3676469,0.27635348,0.5872598,0.21468075,0.012504516,0.39894167,2.1435246,0.12808192,0.6320019,0.15548629,1.0532851,0.63192534,0.3011104,0.58882,0.061898082,0.4070446,0.31108415,0.53873074,0.19983786,0.0015718667,1.432127,0.06373615,0.18379316,1.0046242,0.07711077,0.073436216,0.17504242,0.046435542,0.9241462,0.793583,0.2338512,0.4456119,0.18927635,0.6303306,0.058692813,0.08397148,0.10998841,0.41854727,0.024511859,0.17089218,0.31545913,0.39733452,0.2601593,0.8073188,0.7439288,0.19572183,1.2953784,0.5489777,0.57890487,0.039397806,0.40481046,0.064829715,0.70055896,0.4214084,1.278481,0.01877927,0.48963416,1.3559327,0.29846922,1.5342535,0.10601358,1.4016933,0.1820032,0.703909,0.18313286,0.6672837,0.8612242,0.40737325,0.28616506,0.054953024,0.11257535,0.47063118,0.34813797,0.02396883,0.23092565,0.6719758,0.7729231,0.032714374,0.14637236,0.11895158,0.06692831,0.0105781155,0.069312476,0.5769164,0.19747278,0.0,0.4789337,0.29300344,1.1266607,0.3266402,0.34776288,0.27586836,0.71592355,0.90206575,0.51087534,0.054032277,0.15401813,0.19184251,0.05513777,0.018655784,0.5261103,0.6374742,0.45199478,0.8043581,0.4355282,0.035795458,1.7667121,0.5101298,0.69225514,0.5518626,0.3746376,0.24427538,0.27595294,0.3677868,0.43880427,0.12387963,0.43927115,0.113197185,0.07981867,0.45961285,0.29813507,0.46935275,0.6426511,0.06395865,0.008737271,0.014260382,0.3671121,0.25792992,0.007294295,0.046436124,0.71218634,0.43949452,0.63709027,0.12465478,0.39957643,0.45078903,0.72864777,1.1293917,0.58666396,0.25507057,0.2793638,0.0053586136,0.16571732,0.049843382,0.9671998,0.5637342,0.18378139,0.0040454795,0.027432077,0.33392152,0.3224882,0.31559092,0.07459412,0.28004414,0.36532685,0.17170686,0.18297249,0.78124094,1.076473,0.7110189,0.10532528,0.91134816,0.19277576,0.3433712,0.17938401,0.021755004,0.34603927,0.39696562,0.018431054,0.4371056,0.6974459,0.6190265,0.5657174,0.045784518,0.090442985,0.65500534,0.35721293,0.7187876,0.89176434,0.17533287,0.25201654,0.38849294,0.8985764,0.8044799,0.31664234,0.026507026,0.39274594,0.65243685,0.12743372,0.07215776,0.7979453,0.30040193,0.74730176,0.26801276,0.13990508,0.15360142,0.3224954,0.16692966,0.26889342,0.40471795,0.6421069,0.39924014,0.04137187,0.20435509,0.019248314,0.0259382,1.1699044,0.01814022,1.3822215,0.025953038,0.16063318,0.018709408,0.24115585,0.064762294,0.37188363,0.22046262,0.04562015,0.2643522,0.028636638,0.00085069315,0.75515896,0.08606346,0.19314682,0.5377423,0.60772717,0.37648803,0.06053359,0.5498639,0.022591906,1.1008952,0.17707136,0.42656755,0.237883,0.6158582,0.340896,0.26020047,0.17507651,0.5398699,0.19101235,0.041716684,0.7163156,0.6913713,0.28755704,0.21382001,0.8144213,0.52536225,2.0845444,0.0919286,0.30376,0.017889598,0.05488997,0.63286114,0.44699025,0.070040196,0.005808309,0.2712055,0.0454866,0.16317122,0.09741946,0.05901842,0.048499405,0.36941352,0.07446664,0.030626707,0.84677774,0.36558962,0.15480691,0.2070932,0.08748814,0.79387295,1.0684214,0.42982227,0.35410437,0.7318802,0.28085828,0.8155792,0.1533657,0.17184931,0.0574602,0.57973224,0.08087215,0.5466233,0.42738938,0.49368453,0.15165937,0.1747813,0.7671407,0.32569453,0.54654634,0.3525656,0.02055703,0.21262588,0.40404838,0.33604673,0.36306104,0.21773022,0.8640211,0.13431504,0.43222198,0.5961875,0.02518199,0.33710063,0.06314869,0.6325045,0.2045351,0.1738266,0.35174638,0.010885803,0.5542759,0.48759937,0.14256635,0.6530652,0.7182579,0.013063988,0.8358997,0.19298586,0.8196703,0.014697045,0.11909609,0.07475865,0.123915166,0.42640167,0.6083661,0.19805713,0.08345649,0.14136486,0.0,0.5224165,0.399495,0.37654808,0.019023353,0.04209349,1.7289193,0.00800141,0.15902455,0.9153429,1.0251577,0.5063691,1.1276369,0.48068202,1.2927761,0.27538434,0.4878247,0.012028964,0.20518334,0.6273195,1.3071451,0.84803164,0.07130637,0.4137428,0.11804853,0.02659195,0.44896877,0.26317498,0.76123714,0.12660944,0.3070523,0.010816019,1.7008231,0.2565423,0.11813966,0.19299316,0.7992766,1.4119077,0.22702554,0.62117356,0.42121175,0.6477524,0.39116925,0.5470417,0.28917208,0.1537444,0.019101437,0.036693856,0.058865167,0.0064695,1.0347975,0.015831267,0.28695512,0.19721033,0.2707156,1.0512226,0.28512213,0.24642636,0.6145487,1.0983332,0.1634867,0.35876685,0.30441874,0.047173627,0.10853701,0.49552828,0.36081898,0.12309868,0.12788412,0.22504166,0.3981428,0.13620082,0.3286962,0.6582824,0.64183563,0.15187791,0.5035788,0.96625566,0.7262524,0.03299609,0.97941226,0.11700013,0.5687796,0.64955246,0.044399388,0.034259833,0.89064217,0.0,0.3074702,1.1394048,0.48139116,0.1865595,0.4017513,0.0010056898,0.82262105,0.1519353,0.38538185,0.21659058,0.59200656,0.13775045,0.48817444,0.924074,1.2131724,1.1592841,0.085248336,0.0070127887,0.2914703,0.3420245,0.4622766,0.3294317,0.29814738,0.21474537,1.5528909,0.002278085,0.101723336,0.56193423,0.03921034,0.72760606,0.04208441,0.39013466,0.6081401,0.6888341,2.0816185,0.51797944,1.2036605,1.0325885,1.0257155,1.1384561,0.54327655,0.04018152,0.17426533,0.35554796,0.3365007,0.597126,0.15272686,0.02659465,0.28625092,0.34777984,0.8696455,0.086831674,0.6670897,0.000424192,0.25551578,0.32348895,0.19462104,0.21749231,0.23534936,0.29403454,0.8316791,0.2769881,0.26721624,0.06088587,0.32815558,0.5530653,0.17073798,0.6429213,1.1866586,0.21788324,0.25533733,0.28450415,0.29125702,0.88948894,0.27198258,0.2720232,0.5334945,0.53118205,0.33017707,1.7669722,0.010544583,0.5113764,0.09559189,0.42222583,0.09053384,0.46908635,1.1067866,0.80238795,0.552441,0.33529425,0.22520228,0.7801076,0.8746482,0.25701344,0.36152142,0.49227107,0.54252374,0.104229786,0.37946695,0.5496738,0.47297537,0.6198355,0.2227953,0.66256666,0.1401735,0.0907991,0.37192982,0.5189292,0.15660876,0.26372015,0.73680365,0.14728335,0.7498089,0.124013394,0.50171745,0.73221374,0.24369137,0.39836943,0.5758629,0.5255239,0.038775776,0.21845177,0.19691545,0.44644946,0.50737685,0.38258064,0.030200548,0.6507967,0.32559472,0.05515927,0.15187967,0.2905479,1.1570504,0.3523921,0.49078596,0.21660903,0.10160409,0.29070616,0.80111396,0.46800765,0.6365657,0.8126722,1.1507075,0.3333105,0.31920496,0.5950629,0.97122234,1.5592955,0.16617942,0.525921,0.21999083,0.23661149,0.08064772,0.13449529,0.25541657,0.014083138,0.095473826,0.3760447,0.14051835,0.12433478,0.22634022,0.14180209,0.32749414,0.2668525,0.47613543,0.3709475,0.5534921,0.45647144,0.40285128,0.2426112,0.086869165,0.45309925,0.68516994,0.16571349,0.91594505,0.20494738,0.15790012,0.02081845,0.5054209,1.6455151,1.5893679,0.16101263,0.022771174,0.57235694,0.3765353,0.628638,0.47265288,0.36060518,0.06638347,0.4021416,0.3579039,1.381506,0.50819385,0.13664636,0.2670642,0.11896509,0.40977916,1.2221999,1.283891,0.00318476,0.50372875,0.7224902,0.13086578,0.79923654,0.334413,0.14089622,0.4955071,0.28310406,2.0648997,0.41934034,0.17934567,0.033148475,0.20185515,0.027474616,0.53847945,0.14621173,0.05530569,0.31265375,0.8273473,0.24079305,0.2849033,0.9476886,0.6359746,1.5433875,0.016441472,0.7213896,0.17040794,0.35147828,0.019325348,1.4461232,0.0,1.3429725,0.27391762,1.7416852,0.30044043,0.22335324,0.4757207,1.2027831,1.1175704,0.4454378,0.33051807,0.22894911,0.508783,0.7310672,0.6850611,0.80615413,0.32760945,0.179269,0.012155131,0.0,0.31399623,0.7841096,0.20495684,0.04948345,0.8115092,0.50222135,1.6267996,0.3481626,0.26970804,0.2596643,0.7751581,0.06159916,0.076739445,1.125917,0.42550093,0.4161293,0.98853683,0.38016498,0.072445914,0.38223246,0.5710485,1.7853289,0.5639298,0.03387563,0.3636974,0.29415902,0.47043583,0.3566658,0.80808175,0.18030186,1.9583179,0.16752812,0.22312054,0.111877546,0.4919528,0.32284433,0.0,0.07581601,0.21585321,0.05611859,0.34946537,0.21742764,0.04064238,0.83874226,0.39568394,0.30807507,0.42849332,0.34271288,0.28471255,0.075247705,0.5185104,0.7362479,0.10666771,0.042765073,0.7850763,0.1447609,1.3856485,0.41072422,0.20767851,0.6488311,1.0865793,0.20621958,0.4526089,1.4789083,0.90366375,0.50060266,0.18309033,0.29139972,0.19838566,0.63148695,0.48847586,0.123988874,0.0993025,0.66535866,0.2823534,0.40735716,0.9259031,0.35938048,0.14376414,1.0790328,0.3457634,0.5619228,0.0039279195,0.24269181,0.87731695,0.40263918,0.010698838,0.42353052,0.62563956,0.08942418,0.6837667,0.7228464,0.23059213,0.08569232,0.43196273,0.116810165,0.011344042,0.19421339,0.37227303,0.29649222,1.5141413,0.31182864,0.6478405,0.1404039,0.16012955,1.4486151,1.02374,0.48295358,0.12126213,0.086105675,0.1388106,0.6000468,0.4372781,0.5603219,0.028055355,0.8785548,0.043002144,0.826912,0.71001697,0.19914412,0.5681902,0.028322242,0.85712385,0.07028434,0.06541605,2.3172183,0.63981616,0.5172411
0.15944448,0.1191559,1.5894768,0.57604957,0.40145174,0.17340554,0.19358207,0.6457626,0.14880449,0.7980791,0.88061804,0.03641942,0.2603991,0.35151666,0.15704489,0.088059954,1.28351,0.10764785,1.5805057,0.76514995,0.6743138,0.3341882,0.5769631,0.058323883,0.15789072,0.023954835,0.22467418,0.518909,0.28692836,0.18458739,0.111423805,0.55358434,0.15530294,1.1205446,0.9054555,0.08766994,0.016770806,0.93212855,1.2116815,0.08044041,0.11226583,0.34193662,0.19404395,1.1530789,0.41297188,0.032829996,0.08782905,0.37831616,0.49747705,0.13977799,0.27520615,0.31021672,0.040855568,0.1854113,0.07840119,0.043661885,0.14991884,0.39178675,0.15148644,0.4209655,0.066744275,0.1501979,0.44439596,0.406906,0.04916951,0.6275892,0.14515524,0.124626905,0.23827322,0.12145081,0.096487805,0.52632976,0.27404317,0.08043973,0.15852264,0.19952357,0.30073524,0.09175952,0.14045744,0.2387028,0.7402225,0.04035662,0.37334847,0.24113953,0.120924294,0.4636298,0.12060599,0.104933545,0.19260159,0.29013878,0.25204393,0.1709276,0.0012086458,0.3100035,0.4653207,0.80501103,0.03842941,0.52674514,0.08965435,0.71813524,0.15803266,0.84997785,0.41986492,0.051693797,0.092788965,0.21970041,0.7294519,0.38715214,0.33789468,0.36350018,0.12554196,0.64691895,0.11269783,0.12502816,0.76849407,1.0497425,0.07856609,0.42472988,0.12963805,0.39855915,0.05667883,0.20594545,0.42593175,0.3766448,0.32547548,0.06246031,0.32515186,0.4885801,0.5822055,0.28562623,0.054371383,0.57159996,0.10252629,0.22922282,0.14101037,0.082590714,0.07788831,0.10611218,0.1455885,0.32165653,0.31179297,0.36762714,1.6218134,0.6141686,0.36163437,0.11875982,0.5808232,0.05593902,0.31773338,0.050913505,0.025992556,0.47736898,0.45163774,0.21615255,0.3171026,0.023525102,0.17411071,0.2718064,1.0939038,0.14990152,0.08266199,0.74438244,0.52078253,0.23111132,0.061694447,0.1482163,0.30174106,0.4298594,0.048283152,0.23929617,0.07245633,0.51762766,0.3780134,0.15071699,0.067119375,0.20743401,0.79168844,0.2902344,0.51186776,0.1038088,1.0671383,0.6211455,0.26210392,0.14998269,0.45961556,0.27925462,0.5247812,0.23282912,0.61856776,0.2517676,0.09757146,0.85026634,0.06773214,0.9270607,0.14898527,0.1309255,1.1705313,0.17463258,0.4355152,0.10878833,0.20606247,0.06740538,0.2894896,0.45591825,0.24854437,0.0082576815,1.5161338,0.26269013,0.11085184,0.09148267,0.35589337,1.4343647,0.46932527,1.0399156,0.49165642,0.51597655,0.38277352,0.11395678,0.28331542,0.4024369,0.26879603,0.12555155,0.70384365,0.38727325,0.24092636,0.50105983,0.305981,0.17769292,0.012696588,0.13850364,0.24946228,0.2092383,0.0029975045,0.20801729,0.028761737,0.34729838,0.19471294,1.1700442,0.044948783,0.9645417,0.14032088,0.79157907,0.13424309,0.41300988,0.45018062,0.15050961,0.14388582,0.42605948,0.091446415,0.33430043,0.21662977,0.43262362,0.05659612,0.22583403,0.0514809,0.09572478,0.32323563,0.19228959,0.23982044,0.70760083,0.06883604,0.4788687,0.088230476,0.9703115,0.07692772,0.011726563,0.16974509,0.6707053,1.3543435,0.00061573234,0.48415828,0.31313413,1.653876,0.33286995,0.07769941,1.0417852,0.94279706,0.23246998,0.12122907,0.2853635,0.56369656,0.16144268,1.6108098,0.62493074,0.4026341,0.11002566,0.39994407,0.94692844,0.36251977,0.09425335,0.16742882,0.5517707,0.26073948,0.32625002,0.2164264,0.3482716,0.31097072,1.0196918,0.32631826,0.6440193,0.18587443,0.36416268,0.53192186,0.5073725,0.6813688,0.29747403,0.1312693,0.070273265,0.6966496,0.064622365,0.91077805,0.20269792,0.08528263,0.22582443,0.34729385,0.0800992,0.16496979,0.379403,0.42032883,0.8648298,0.2931164,0.13587153,0.18494722,0.15165436,0.110931806,0.06502317,0.07207011,0.08083057,0.22079095,0.22412434,0.32006592,0.3036999,0.22441764,0.0,0.08386333,1.2915494,0.12139043,0.2208966,0.42310888,0.20666987,0.5785996,0.10403131,0.19644956,0.3580638,0.040205702,0.10447824,0.6598941,0.2274947,0.8997532,0.17406353,0.30616456,0.48804998,0.010857484,0.1322878,0.10657041,0.016629858,0.42470092,0.063821845,0.14258693,0.53723896,0.13998802,0.4589637,0.091711365,0.26142764,0.053424377,0.25358307,0.047135007,0.53645927,0.018427867,0.1233605,0.44892198,0.050813954,0.18264848,0.15031144,0.13924861,0.34794924,0.34903094,0.043195218,0.13472252,0.2680889,0.06618746,0.26075485,0.201217,0.043165512,0.05210131,0.32352045,0.052698806,0.040357552,0.17596447,0.009605192,0.021954553,0.1313294,0.35045278,0.30334315,0.31258017,0.24683711,0.75287986,0.16638103,0.51054394,0.2326425,0.27162337,0.018150335,0.2773625,0.22536221,0.035305157,0.440281,0.279337,0.055055574,0.49750927,0.10039987,0.041956604,0.0656119,0.2157253,0.099377155,0.892925,0.25154608,0.08463499,1.0927821,0.41395286,0.04796477,0.02381258,0.5842105,0.38348573,0.34009242,0.91045344,0.29743153,0.024161788,0.5098332,0.15833831,0.034507688,0.23460357,0.18766484,0.33504274,0.0,0.6721811,0.12896487,0.061043438,0.42445105,0.05386825,0.5516257,0.4864496,0.3032163,0.16304317,0.10236248,0.0653135,0.069963194,0.1265793,0.018268716,0.04535777,0.12949559,0.40669727,0.13516006,0.3212298,0.20523855,0.22090468,0.07824372,0.14649443,0.26159889,0.10979303,0.4004358,0.6590823,0.033086956,0.42957488,0.043056965,0.2693956,0.37494305,0.045368228,0.09122702,0.08492209,0.050420664,0.0010293463,0.21429893,0.19495308,0.35287717,0.058007315,0.5768263,0.18124445,0.31966656,0.004024914,0.08867778,0.5064546,0.10535583,0.59977823,0.008636646,0.0016226972,0.5351256,0.14735493,0.053484958,0.38202074,0.031802077,0.08902783,0.034246832,0.19741762,0.3214717,0.4345567,0.17945775,0.15318999,0.050181508,0.69215566,1.534074,0.7676896,0.47228467,0.03653666,0.051653095,0.5129135,0.5712758,0.24473599,0.0,0.6196039,0.18698289,0.20725395,0.39856082,0.28413334,0.051080395,0.13621294,0.13797474,0.032997664,0.6804606,0.117857724,0.3638258,0.06047003,0.09519784,0.0,0.03363502,0.026860978,0.056876123,0.37398523,0.2093975,0.3879909,0.7275121,0.31880623,0.11705723,1.0650252,0.4125538,0.56692994,0.26873082,0.6052276,0.0,0.26447153,0.11800811,0.5902619,0.61663735,0.12557049,0.20819283,0.2175952,0.2950817,0.10369605,0.0105866715,0.27129072,0.5552133,0.56986266,0.3853523,0.9612607,0.2724788,0.49397102,0.19512707,0.116419956,0.3777407,0.55913764,0.85051054,0.08854526,0.27039582,0.07524574,0.5174154,0.8060215,0.9575831,0.9182141,0.2889781,0.5741918,0.47788164,1.0857649,0.05036063,0.5112097,0.0,0.5847149,0.39748204,0.07943934,0.9912009,0.6458481,0.32019484,0.13245796,0.3664989,0.21420819,0.12649205,0.0025397795,0.24178945,0.111780524,0.41986445,0.018796712,0.00065664644,0.09068636,0.36516953,1.066984,0.40969276,0.8243444,1.0173163,0.06906997,0.16990297,0.16271631,0.17847681,0.107424304,0.10414206,0.28006867,0.77061546,0.033760127,0.08161795,0.7160446,0.33969945,0.051150605,0.1463354,0.19595245,0.16947755,0.033936925,0.16010523,0.09487345,0.21931618,0.24749756,0.11085826,0.021287583,0.24119705,0.11764568,0.5082718,0.10409887,0.1936124,0.00010154417,0.23528013,0.3070237,0.44713378,0.06615129,0.30905953,0.07252752,0.49799076,0.25543898,0.038740985,0.0718318,0.19695215,0.3273341,1.2114096,0.93990326,0.19997382,0.2540738,0.17152627,0.07389673,0.3095178,0.38638997,0.17145416,0.25828207,0.20570657,0.00026152408,0.24755861,0.07761217,0.23281953,0.61810136,0.027214017,0.055884916,0.30418876,0.14864545,0.23672931,0.05969086,0.35132176,0.18843457,0.502526,0.90541816,0.18136168,0.16668256,0.15269288,0.24209407,0.21790196,0.10317355,0.051417556,0.5840088,0.05263908,0.0118180895,0.029845823,0.3743484,0.20292546,0.083330795,0.25809,0.005141423,0.019034564,0.59748214,0.015479519,0.43106264,0.22758865,0.04092163,0.2110908,0.065702036,0.105866894,0.62523913,0.033532225,0.014180624,0.24630564,0.10293454,0.28243622,0.1587775,0.77270436,0.5029799,0.18916672,0.18178515,0.013418512,0.52020144,0.7141688,0.20879774,0.33746123,0.30192262,0.16004792,0.028128987,0.7020028,0.27505732,0.17572193,0.10822904,0.012367563,0.63976616,0.6466325,0.07214775,0.5163044,0.26355797,0.17260358,0.3937864,0.8638106,0.09066144,0.2922326,3.247844,0.38219422,0.5244747,0.58678246,0.3755333,0.47546238,0.1141396,0.08766589,0.17269778,0.050109137,0.54995483,0.09034633,0.03567367,0.85878503,0.3002432,0.09887505,0.11222412,0.15431525,0.0006381211,0.011263926,0.045177996,0.0,0.77271795,0.10212843,0.02192957,0.61266315,0.08415454,0.6502124,0.038821403,0.09036962,1.1237991,0.07725252,0.30969,0.016736738,0.19863218,0.17360725,0.09909272,0.3016725,0.46783155,0.23241118,0.04792379,0.010388323,0.11838101,0.058763925,0.098623276,0.16233501,0.2748801,0.4181075,0.22362587,0.09643513,0.15080917,0.12102519,0.4075275,0.007824731,0.31552848,0.048314173,0.5356493,0.051298916,0.14523114,0.4887287,0.48122117,0.07917425,0.021582272,0.31415862,0.32564217,0.38675714,0.1874418,0.09124665,0.19103271,0.28993237,0.22349022,0.0071386537,0.41496125,0.10247773,0.017136693,0.091712445,0.3325099,0.3031338,0.24680683,0.07308827,0.16593118,0.5131131,0.46922824,0.15299447,0.13436416,0.0712466,0.16075863,0.60705006,0.5469854,0.05539816,0.044688925,0.10354614,0.014148569,0.08983409,0.22184569,0.51947606,0.02016906,0.32528737,0.12276547,0.42345595,0.60600185,0.03474911,0.06790821,0.09592652,0.1500003,0.025336122,0.69730514,0.50705624,0.0332905,0.8786137,0.41077554,0.060589805,0.36179787,0.28583786,0.12511036,0.1964104,0.12848376,0.19644919,0.31029475,0.38470122,0.22242552,0.11117659,0.056644313,0.76517475,0.11433578,0.06017057,0.3868761,0.64128184,0.20547572,0.1354916,0.0863108,0.5245764,0.3159511,0.061117947,0.17732885,0.49545854,0.13895366,0.27957895,0.09245734,1.4117708,0.5985321,0.56594265,0.09416589,0.36567008,0.06447978,0.95023435,0.32528836,0.16380116,0.017153423,0.11676224,0.20744136,0.18470046,0.09574509,0.027704593,0.15863049,0.18442,0.140118,0.063124955,0.22543654,0.1036696,0.06326568,0.46924454,0.07527501,0.15669006,0.23320287,0.0771807,0.59047854,0.36367965,0.0039727865,0.000106681306,0.2709583,0.1541763,0.3351193,0.4455315,0.23747067,0.36095616,0.070823684,0.44111905,0.1487709,0.0321427,0.43410623,0.6518655,0.06137832,0.039218392,0.114582606,0.19117273,0.0036107572,0.1185734,0.1861274,0.072477356,0.055189822,0.5809982,0.02536947,0.28913608,0.44912285,0.12483521,0.14933787,0.055373553,0.53652614,0.030579355,0.024855664,0.22601311,0.15865195,0.68980634,0.055755317,0.49845082,0.1259476,0.20410621,0.08092995,0.19629312,0.49158946,0.036537454,0.72999483,0.3330676,0.2199856,0.15114973,0.07300679,0.028291086,0.35156703,0.07699598,0.21423443,0.16300863,0.224372,0.033510506,0.21125746,0.10111843,0.09510793,0.3247852,0.27163652,0.40623802,0.13281305,0.4481393,1.142867,0.38580295,0.70928943,0.24648972,0.030789519,0.11723097,0.8203492,0.431797,0.25952756,0.06020418,0.35506707,0.17405644,0.0116853565,0.18304995,0.07653792,0.6911002,0.24715152,0.23583831,0.5349037,0.4303572,0.015963428,0.70075655,0.5001827,0.024312584,0.050412286,0.60328627,0.19343302,0.34919363,0.3401255,0.040128745,0.18577203,1.1894891,0.009422198,0.9528093,0.07948893,0.04080617,0.0028471563,0.37378442,0.09620348,0.02331427,0.074597985,0.3520499,0.28115505,0.46921527,0.082621336,0.06924863,0.25665134,0.8089299,0.233134,0.1951767,0.02348883,0.67511487,0.17479768,0.2895365,0.19516522,0.12082799,0.082881205,0.19796312,0.11708039,0.27376744,1.2318599,0.16567653,0.015448251,0.048786473,0.20903045,0.22217795,0.07105936,0.10986299,0.038413912,0.07131533,0.43992466,0.20127904,0.04527738,0.05350261,0.10966848,0.07442427,0.27632216,0.50313526,0.086963065,0.1680192,0.647479,0.2819537,0.52412856,0.18021011,0.013666846,0.43708962,0.29919994,0.0010366734,0.4648561,0.34720433,0.068421446,0.29939,0.18366238,0.3415199,0.24183881,0.020059321,0.22597353,0.18030266,0.039172072,0.23416108,0.090866886,0.047061652,0.6897398,0.23075432,0.3033759,0.5395433,0.3483494,0.3623423,0.06055644,0.010999546,0.08452216,0.041988693,0.19430777,0.016472647,0.89109164,0.693113,0.21501474,0.064295635,0.05507416,0.3657187,0.41686124,0.17901115,0.4583332,0.3619175,0.08861801,0.6207011,0.19268979,0.046783037,0.0500653,0.9551025,0.14969134,0.52015096,0.19534457,0.7804897,0.6352179,0.067742415,0.024710279,1.1830418,0.029737262,0.2118522,0.077478185,0.92930293,0.7337089,1.0448033,0.4933552,0.53216696,0.062366165,1.3236079,0.3662243,0.28423166,0.18935053,0.24026167,0.0517032,0.0722749,0.11462237,0.7046196,0.78744495,0.084137514,0.29306927,0.28241363,0.0,0.9796369,0.31127083,1.123126,0.38194266,0.57681143,0.25709546,0.00097243726,0.22588879,0.39045602,0.48920447,0.078862175,0.40741864,0.2795935,0.10003742,0.5301147,0.48693693,0.055508807,0.9590622,0.11426446,0.056175426,0.46860152,0.15091446,0.60557115,0.11586644,0.33919358,0.536731,0.28553754,0.16054745,0.10975771,0.6219294,0.38346255,0.4291488,0.16592705,0.48917904,0.47515348,0.40040314,0.12840612,0.43672156,0.23224951,0.77996814,0.21572454,0.3685601,0.40120673,0.4321575,0.24883175,0.47350013,0.28605038,0.19547053,0.6934173,0.457056,0.14013496,0.9241163,0.060953885,0.6549132,0.3458982,0.16017808,0.20817304,0.4167271,0.10167016,0.1219122,0.5211689,0.14900288,0.0,0.04563099,0.2542688,0.039341312,0.101538554,0.12177816,0.23112586,0.63493633,0.24097474,0.054135088,0.49633235,0.10105242,0.02119763,0.05644489,0.51006144,0.42436513,0.55576485,0.5778297,0.3996542,0.4442582,0.54926264,0.18545511,0.055203915,0.4539674,0.13435715,0.7772503,0.0013486643,0.31208497,0.40222538,0.055007447,0.9794626,0.269941,0.063704036,0.7812711,0.01190129,0.58576816,0.2055057,0.010153642,0.49151415,0.07451073,0.7079884,0.24283107,0.004569283,0.57792294,0.81360817,0.2497446,0.17021528,0.29895192,0.08494497,0.13939723,0.42206842,0.5922228,0.03070734,0.29679608,0.05006034,0.05229138,0.37239707,1.721503,0.49946234,0.61946166,0.41264904,0.5324843,0.0,0.41137034,1.5396249,1.0156847,0.9067116,0.6758752,0.059701182,0.120049916,0.37818176,1.1175331,0.40071246,0.29480085,0.15839216,0.43269348,0.055054117,0.15442058,0.03355408,1.2701101,0.23989992,0.5539771,0.2518645,0.025020529,0.38170394,2.2135406,0.102663346,0.5928613,0.15017533,1.0445459,0.492222,0.3435518,0.5323079,0.032159347,0.26870108,0.3132068,0.5870928,0.20411122,0.0005873499,1.2748371,0.053058162,0.17320213,0.85424155,0.10966821,0.033873394,0.17116714,0.02218772,0.8687563,0.61886406,0.20574676,0.45478404,0.20105857,0.59550595,0.052980054,0.0874944,0.11347132,0.50102836,0.027483482,0.28922084,0.29297352,0.3483686,0.32360578,0.7550652,0.81163836,0.24098074,1.1408446,0.4995693,0.4736178,0.031429596,0.3726868,0.10290599,0.66277814,0.4343089,1.1063691,0.049869645,0.5556419,1.397343,0.36342007,1.242322,0.07294934,1.3395274,0.1894619,0.721946,0.12936209,0.73398644,0.913387,0.3280276,0.2373183,0.03962634,0.07154122,0.5610026,0.33890682,0.022340685,0.23320694,0.7268093,0.7249106,0.0046618516,0.18318978,0.09867874,0.074157,0.02526541,0.048194274,0.627458,0.17543952,0.0,0.35819095,0.24654283,1.089857,0.34928858,0.3456343,0.27139443,0.73223484,0.93308806,0.53207004,0.059230015,0.10419703,0.19007692,0.049325593,0.01950251,0.43567252,0.60349107,0.49600244,0.7091614,0.40413213,0.042722855,1.7561098,0.44060302,0.6190312,0.47109947,0.44889376,0.23604384,0.2649512,0.2995202,0.45391172,0.10513909,0.43382254,0.0927065,0.061778143,0.53726774,0.26129732,0.41423458,0.6282828,0.08326321,0.004267097,0.006303786,0.34436196,0.18784775,0.015150615,0.039960954,0.63412845,0.43857598,0.70000196,0.08488581,0.44621298,0.4772371,0.6792011,0.9569368,0.45828554,0.2714543,0.20310666,0.022479828,0.15365112,0.042246126,0.9207493,0.49479198,0.17173441,0.001199515,0.022611098,0.30331343,0.28021044,0.42830253,0.07864347,0.2959175,0.3716901,0.1895541,0.20986357,0.6829085,1.1760694,0.62663,0.07251385,0.94876415,0.21304792,0.1703257,0.17899981,0.0035440198,0.39396325,0.41463467,0.047384076,0.53991246,0.66727006,0.64627075,0.5954476,0.07760205,0.08048672,0.6694639,0.3880771,0.57494295,0.84233105,0.1992355,0.32376623,0.31141138,0.8929951,0.8469411,0.29921356,0.028950782,0.43066415,0.6878864,0.10940564,0.035957992,0.7384436,0.37342912,0.79104435,0.19540769,0.15754853,0.18873397,0.3429304,0.1530019,0.19204704,0.44500545,0.49378857,0.38739318,0.050115008,0.25425678,0.007037286,0.013647882,1.1773636,0.0064659133,1.3119695,0.00951288,0.22080946,0.039459754,0.25628108,0.06589407,0.38821518,0.24641398,0.012206299,0.40095896,0.045166496,0.0,0.6527642,0.1511131,0.15910497,0.5909258,0.6074872,0.408623,0.031474523,0.57765424,0.02833,0.9860618,0.21901649,0.3373646,0.22432676,0.616156,0.34076798,0.2770489,0.2338675,0.6058662,0.22122759,0.044581696,0.7971838,0.70124245,0.25918633,0.21193811,0.86973536,0.5247195,2.0412726,0.11419651,0.40347272,0.023866476,0.04927042,0.6765822,0.45501238,0.0747489,0.004981082,0.2536385,0.024038766,0.16591752,0.10941923,0.08247763,0.08005102,0.35206646,0.05933508,0.022740351,0.8762543,0.46455097,0.17649598,0.21100362,0.040184908,0.778035,1.0347505,0.4537994,0.34182572,0.83956295,0.42806643,0.8354428,0.1485752,0.21649909,0.08861618,0.6707465,0.12897219,0.55125964,0.46549237,0.4664883,0.14224133,0.17324862,0.779286,0.35792327,0.55464005,0.30783492,0.0364443,0.21263997,0.45255175,0.2854272,0.3943236,0.25129643,0.8795042,0.13407609,0.3982758,0.52075094,0.032706495,0.4372607,0.09221758,0.66943413,0.16689682,0.1059828,0.46022066,0.00053878385,0.5557297,0.53478616,0.2546447,0.53089386,0.63426805,0.018884316,0.8435855,0.19356546,0.74536484,0.01423705,0.14484921,0.08444644,0.07468427,0.4356109,0.4226277,0.1483132,0.058913432,0.1941365,0.003449929,0.48418182,0.36940324,0.37733692,0.0042524934,0.0760681,1.6055481,0.0039669555,0.20248817,0.86164945,0.91454285,0.5785332,1.0867431,0.569626,1.0228636,0.23459095,0.6238235,0.033553187,0.22443704,0.6708343,1.2556071,0.90762603,0.052417368,0.43019962,0.102185175,0.023209726,0.5635766,0.28122452,0.69753385,0.11467312,0.3269301,0.01684006,1.6353772,0.23369762,0.124843776,0.15629765,0.8087672,1.3889761,0.2618965,0.65087354,0.4252465,0.65358114,0.34165514,0.59065187,0.3056377,0.17449403,0.018326,0.034374066,0.08035758,0.0036299485,0.9603167,0.010468932,0.28031158,0.18262056,0.28129616,1.0364667,0.2695267,0.15861884,0.67558885,1.1087595,0.12284286,0.3343892,0.266409,0.07355771,0.14323616,0.5485609,0.316787,0.086037956,0.20134732,0.2668103,0.36405608,0.16596471,0.30448967,0.7178458,0.50218433,0.13143495,0.44909245,0.99885076,0.72094226,0.038664863,1.128634,0.12695907,0.52485734,0.6366012,0.050460342,0.06767788,0.87031174,0.0,0.3044033,0.93824935,0.511982,0.14721766,0.34434855,0.0,0.7932608,0.16052864,0.35353518,0.14060262,0.69155395,0.14023818,0.37967473,0.91525644,1.1817536,1.10993,0.11762093,0.024362145,0.28243017,0.36511284,0.4445431,0.46848613,0.24377793,0.20648485,1.3965645,0.0035430791,0.1157684,0.59474075,0.03182649,0.54011774,0.058797434,0.33574694,0.58703166,0.606431,2.074768,0.4560129,1.1909224,1.0997124,0.90649366,1.2129467,0.6398511,0.056021065,0.17627999,0.3674054,0.30077732,0.49709177,0.12341148,0.018906165,0.31567973,0.3162341,1.0199234,0.09371163,0.7219114,0.00046843785,0.3436311,0.4174511,0.21141943,0.19219433,0.2533027,0.32761478,0.81688344,0.1722933,0.34201956,0.05964169,0.2806935,0.5127243,0.284688,0.6359366,1.2766515,0.217455,0.21792296,0.25907642,0.31785744,0.95174694,0.30118883,0.28347868,0.5193381,0.59095186,0.24748427,1.760582,0.022473143,0.5146628,0.13468307,0.3122059,0.08807762,0.3768592,1.2069868,0.76765704,0.4522209,0.28903455,0.23900001,0.79435873,0.9504602,0.26211888,0.27856714,0.56426716,0.526937,0.06457564,0.32081687,0.48004287,0.5444957,0.5261353,0.29025126,0.6602114,0.06930806,0.1174012,0.5077319,0.626272,0.13092843,0.23558491,0.5900601,0.20881294,0.8258008,0.10431193,0.51265466,0.72833735,0.22222632,0.42511708,0.41438332,0.4444125,0.04420732,0.21721496,0.25167865,0.48853338,0.52130693,0.33333617,0.039555922,0.59294957,0.344934,0.05038184,0.17572859,0.21003017,1.0953737,0.29230404,0.46876007,0.26218754,0.18132196,0.2923864,0.63481045,0.42501932,0.6853553,0.8643235,1.1965911,0.23864007,0.3286303,0.6977881,0.85706663,1.5044571,0.16973749,0.35026968,0.19357586,0.2585901,0.06279671,0.13592492,0.26875883,0.008608761,0.094341114,0.34829205,0.17777367,0.12561756,0.18073848,0.13527897,0.33529627,0.15561527,0.37883565,0.3231097,0.54047894,0.47739616,0.35201073,0.24123625,0.0848872,0.31430247,0.71817595,0.17031512,1.0666151,0.26480153,0.14560238,0.017659796,0.5063846,1.5379294,1.4666744,0.23234117,0.051610403,0.6078455,0.2738878,0.64559674,0.46931562,0.35226214,0.067117475,0.46788552,0.44694394,1.447653,0.49118996,0.10036935,0.357297,0.11568902,0.37020123,1.1920367,1.2887549,0.0036899527,0.54554003,0.6720471,0.18310317,0.72132486,0.34448802,0.14417177,0.47260225,0.29263812,1.8623929,0.3799193,0.10327176,0.028492583,0.25531843,0.027545376,0.50585604,0.1504107,0.07796443,0.2968133,0.73414844,0.15490082,0.31284416,0.8399886,0.6628325,1.436199,0.011625077,0.82205296,0.1491601,0.33974934,0.024536956,1.2802238,0.0,1.2881685,0.28070867,1.7122287,0.30409038,0.16885567,0.4008996,1.2118275,1.0449865,0.35060805,0.3370401,0.26546812,0.5022453,0.72029275,0.7368623,0.80911267,0.28107816,0.18353477,0.012093008,0.00029449112,0.28822422,0.7482132,0.2608627,0.028726775,0.58579797,0.3652898,1.5204062,0.4215926,0.27145764,0.23422481,0.70004296,0.1492894,0.07372898,1.107754,0.37907553,0.4357999,0.8977264,0.28173733,0.06453076,0.35512665,0.6470992,1.7361791,0.5274441,0.046332136,0.34997547,0.33329707,0.5335902,0.33738178,0.7161455,0.11042934,2.0302613,0.17406717,0.21567926,0.071562305,0.5009461,0.30069637,0.0,0.11556716,0.2153345,0.045567214,0.35415143,0.24534565,0.055566024,0.7757033,0.44144425,0.37565014,0.455553,0.37931168,0.32664528,0.07669254,0.61036086,0.7239358,0.14520708,0.036152314,0.7833205,0.2082102,1.4195471,0.38260064,0.17485304,0.7140519,1.1254172,0.16463399,0.46147627,1.4254739,0.86250716,0.4823862,0.100176096,0.29480612,0.19963893,0.6499518,0.39285317,0.12987219,0.11826261,0.5911201,0.2807141,0.42583728,0.9251079,0.4215045,0.15124056,1.052727,0.34536523,0.5513574,0.005862807,0.27978477,0.8125299,0.3704042,0.005495258,0.37501103,0.54649746,0.097133316,0.6883823,0.7642714,0.25422567,0.09979937,0.39808726,0.12621677,0.007978524,0.18341967,0.33780652,0.30806142,1.4215001,0.33714497,0.605163,0.18710878,0.14670652,1.3773359,1.07688,0.43239242,0.13742259,0.0709739,0.18756592,0.66176283,0.40751725,0.49082163,0.027863609,0.79772395,0.04803416,0.75153387,0.6377382,0.21663257,0.59865654,0.026556514,0.8330022,0.07559946,0.06603913,2.3932943,0.57572216,0.47637632
0.15517306,0.047499027,1.6022402,0.50354505,0.4521905,0.18022993,0.19439782,0.6656934,0.15802446,0.84901977,0.87715834,0.031227466,0.3416285,0.34294298,0.17474172,0.08851889,1.3448913,0.095223516,1.5253015,0.69522816,0.7364718,0.30807436,0.6039203,0.024637911,0.15451059,0.03936134,0.18242742,0.52428746,0.30736777,0.12865174,0.11838074,0.59111327,0.14313117,1.1907244,0.84497535,0.05634881,0.029165532,1.0578172,1.1614671,0.07657446,0.1180358,0.36924934,0.2198129,1.1194127,0.49043518,0.013284773,0.08509338,0.34957847,0.46732408,0.1494514,0.2814229,0.31278157,0.0543067,0.15950644,0.049820714,0.06420041,0.12768129,0.4773253,0.13413158,0.36115342,0.05820722,0.12881649,0.43389136,0.434972,0.06041266,0.6854248,0.1555892,0.15215068,0.23649596,0.11063251,0.08688958,0.6166475,0.22337444,0.057172664,0.14656346,0.1889506,0.32446402,0.09625391,0.10805826,0.25507516,0.8068582,0.032319546,0.38453683,0.2865461,0.14478685,0.5203645,0.13787332,0.12956434,0.15772215,0.30734748,0.2841078,0.16132727,0.0017554007,0.27052975,0.4971288,0.85461193,0.06744334,0.5145146,0.07722352,0.7550363,0.14762373,0.88347656,0.39308876,0.066360295,0.10492888,0.27760234,0.6810176,0.4242903,0.34418356,0.35366398,0.11332497,0.6572056,0.10384008,0.1353186,0.7714179,1.1802604,0.10446832,0.42914802,0.12642244,0.4305305,0.05876727,0.23012194,0.37824112,0.42045048,0.19169442,0.07075755,0.30748564,0.48561066,0.54200673,0.28465903,0.082845636,0.60795,0.09498468,0.24877128,0.14260945,0.12405832,0.06408231,0.13099022,0.13695455,0.30504823,0.3477827,0.39223248,1.6885529,0.5946693,0.38121337,0.11562185,0.6537402,0.06301182,0.38366735,0.04687945,0.03693461,0.44303954,0.4455806,0.29934204,0.29740024,0.05154829,0.14630413,0.312773,1.0469176,0.15448722,0.047306523,0.7698631,0.5852443,0.18300954,0.07168123,0.156002,0.3538356,0.37841278,0.09213506,0.2562381,0.06996961,0.511598,0.42646068,0.17526318,0.0904118,0.20149067,0.7327814,0.31283277,0.47643414,0.13708732,1.0498489,0.65890723,0.26736063,0.15825394,0.50808537,0.32798153,0.44436264,0.2358222,0.5808457,0.28266174,0.0828608,0.99950707,0.080593124,0.9273221,0.12167521,0.11528952,1.2250507,0.19234139,0.40612954,0.10086195,0.20217907,0.07782777,0.3301483,0.46859604,0.2826455,0.019940179,1.5464177,0.26060516,0.14985055,0.110961854,0.3213748,1.4250535,0.4513064,1.0919845,0.4802497,0.57563525,0.349415,0.054543518,0.28779137,0.4315471,0.3260041,0.10895211,0.62816405,0.3847154,0.23721041,0.53162813,0.28572303,0.18667305,0.0037914966,0.14200567,0.25978404,0.27460754,0.006265709,0.23994346,0.06045131,0.3359928,0.17422229,1.1148286,0.028363697,1.0009117,0.12783667,0.8566921,0.1431469,0.39280248,0.40657866,0.14879626,0.16963604,0.50039196,0.074386,0.393979,0.22851813,0.47043204,0.06468105,0.2210476,0.050134584,0.09196373,0.44994554,0.15881717,0.20530947,0.68423975,0.043560732,0.5781559,0.08538012,0.98562396,0.07382958,0.020656828,0.12789564,0.60327566,1.4530869,0.0,0.48871747,0.2682209,1.6658119,0.35653776,0.068771064,1.1008375,0.97266793,0.2175614,0.10323598,0.31489754,0.5792018,0.21377257,1.6680939,0.52512276,0.42497656,0.08059567,0.36525247,0.94196165,0.32933167,0.11014501,0.2208859,0.55775875,0.3002756,0.23441827,0.22299567,0.31841445,0.31672648,0.9567903,0.32358062,0.5916977,0.22615246,0.38225085,0.5731604,0.52438676,0.7115408,0.28102162,0.11291801,0.06931769,0.6704698,0.05075501,0.8897223,0.2385258,0.07227852,0.218892,0.29754788,0.08969505,0.17684586,0.3564089,0.39244944,0.90237033,0.28774774,0.26577556,0.16527835,0.113766015,0.13719296,0.08146112,0.058258392,0.108020425,0.37157583,0.1808693,0.39617267,0.35468817,0.26569968,0.00051141524,0.08544187,1.2738279,0.117141515,0.31148946,0.5251312,0.2338741,0.653726,0.09617859,0.22027403,0.41421306,0.061194208,0.13444632,0.772843,0.26855457,0.9644624,0.18012711,0.33987305,0.56702363,0.014451826,0.15873316,0.1587383,0.020602182,0.4023103,0.023480333,0.104972586,0.48779997,0.15288305,0.40452692,0.13094617,0.23813614,0.100604676,0.26679483,0.06585165,0.66383266,0.015711095,0.14313585,0.45591158,0.047390148,0.26497877,0.13731708,0.13143075,0.28617764,0.40508407,0.059750095,0.14199112,0.35377252,0.15932779,0.105344884,0.19525026,0.04426482,0.02356297,0.42832276,0.10556226,0.05803808,0.22386953,0.07016495,0.009399127,0.20820832,0.51625943,0.44151103,0.42587924,0.21358772,0.83305705,0.21097308,0.44398743,0.21433723,0.33770636,0.035173755,0.22925645,0.19128717,0.0899109,0.36083132,0.54554194,0.07216337,0.6322428,0.13952702,0.10841349,0.04126218,0.24230208,0.063611835,1.0341585,0.2118734,0.10378204,1.2049757,0.3625037,0.08526951,0.0076470254,0.6271244,0.48918682,0.4179363,0.8817054,0.28557152,0.008238628,0.47295445,0.18551806,0.029245898,0.263156,0.17293987,0.42667922,7.0565366e-05,0.71648234,0.16967827,0.10463357,0.4656369,0.047892287,0.6842285,0.5799728,0.26980138,0.195209,0.0854201,0.08170332,0.09743143,0.10081117,0.06524108,0.06950256,0.12024243,0.40510252,0.17264372,0.26336423,0.19170123,0.35960644,0.06568712,0.27695093,0.26523685,0.1431728,0.39265677,0.5987025,0.026634863,0.61426926,0.049891397,0.28679377,0.47758868,0.04673718,0.13680302,0.110455185,0.07014542,0.0017336612,0.21854448,0.1500713,0.4748898,0.05380449,0.89855945,0.3282548,0.41408485,0.018148834,0.12941356,0.57340944,0.15529616,0.72794354,0.020680446,0.004084026,0.5534109,0.15199113,0.038321007,0.5568793,0.07991193,0.065702744,0.05930053,0.20173323,0.3910511,0.48517784,0.1647823,0.20826392,0.04549617,0.6321551,1.6833168,0.88801026,0.5049476,0.09432092,0.04992039,0.5668671,0.59445375,0.344358,0.0012575926,0.5555981,0.18962546,0.22225401,0.41155887,0.41083974,0.05011158,0.19898006,0.16126466,0.025554752,0.5549984,0.11757288,0.35932958,0.077110216,0.07918119,0.019876467,0.03236417,0.014988558,0.05792194,0.48654526,0.14579798,0.44233823,0.66696,0.46613586,0.114694186,1.0097542,0.3970713,0.7374675,0.38770062,0.7660601,0.0,0.31226945,0.16856068,0.6393279,0.72538584,0.076349646,0.31050277,0.22377348,0.2796744,0.19776282,0.04050588,0.23049606,0.5738287,0.598068,0.37784404,0.92486346,0.15833998,0.62081313,0.16768247,0.17099486,0.48280025,0.6672363,0.8425283,0.0609378,0.31436616,0.072993994,0.53527427,0.718963,1.1441116,1.0013652,0.23903248,0.66346526,0.52015173,1.1084479,0.05333641,0.32169014,0.028312538,0.67113066,0.4547312,0.06472963,1.0451283,0.6074474,0.3575192,0.18486613,0.35006544,0.15182446,0.1488803,0.008969257,0.21488082,0.12061852,0.48725688,0.05205749,0.0053071454,0.120254576,0.4145128,1.1611215,0.4534032,0.9414824,1.07096,0.11944504,0.20077708,0.16663584,0.2607199,0.103454806,0.097968124,0.28148016,0.8219632,0.03451064,0.094372615,0.76928055,0.26769507,0.097242996,0.18738495,0.19476184,0.2494272,0.0063180597,0.19768171,0.058007777,0.25626272,0.28215867,0.07259756,0.03861979,0.3674305,0.15517722,0.6153407,0.12412238,0.24688731,0.006666513,0.2159816,0.32564956,0.49908727,0.10459104,0.39853844,0.09380802,0.5595774,0.32439947,0.02900843,0.14063469,0.22249295,0.29952013,1.2174414,0.99428356,0.22398737,0.438659,0.20707718,0.091830075,0.38792843,0.66140664,0.11287595,0.35011947,0.42058462,0.015782429,0.24367964,0.116219506,0.21108635,0.7304096,0.08506032,0.07024989,0.4500906,0.10249035,0.33380878,0.113427974,0.33008394,0.23725358,0.5812007,1.1331941,0.16634595,0.13963224,0.18224552,0.20197271,0.2984065,0.18099502,0.06472423,0.5793685,0.076744266,0.051527046,0.058334056,0.31567502,0.27900594,0.13973036,0.25279808,0.0049764686,0.022487137,0.625044,0.02378344,0.48405638,0.23074454,0.029239438,0.20880894,0.04342906,0.22759119,0.642593,0.038111567,0.032235947,0.23828445,0.09649063,0.2666507,0.12346359,0.9279249,0.54862416,0.22084342,0.19450943,0.02806448,0.5015512,0.73873377,0.24013163,0.28379697,0.4286216,0.19368526,0.03540828,0.705106,0.3454234,0.18410859,0.121223524,0.0073928395,0.7556689,0.71855223,0.05455361,0.43902922,0.33562428,0.11601969,0.3792199,0.8758812,0.13351947,0.3859551,3.283479,0.4262032,0.70750505,0.59236604,0.5095814,0.4676667,0.1362874,0.08067831,0.279225,0.104723044,0.60002726,0.06801967,0.041492198,0.85369813,0.2755153,0.16689576,0.16504005,0.14312801,0.0004611275,0.008849741,0.0531443,0.0027815243,1.0097113,0.057507005,0.050364867,0.67085814,0.09341776,0.6390121,0.013729109,0.13403119,1.1878359,0.13884899,0.37347686,0.031208305,0.15387687,0.17501348,0.04003665,0.260693,0.46450824,0.35923982,0.05866084,0.017502973,0.17073481,0.048148125,0.12686493,0.2097697,0.2859301,0.41437328,0.25264537,0.11174904,0.17107356,0.13089871,0.3931604,0.010027732,0.23643158,0.04172512,0.52966005,0.122109994,0.21086802,0.46107644,0.52577704,0.035938263,0.010865776,0.34006396,0.36638072,0.43835196,0.33624095,0.1556918,0.23433273,0.2713608,0.23450732,0.0026124355,0.3387847,0.11873767,0.038462345,0.064126596,0.28495383,0.3202157,0.32365498,0.103132874,0.39178294,0.3869418,0.45282423,0.1501884,0.14862439,0.058729507,0.30632806,0.7408174,0.49671054,0.07366368,0.05185467,0.10817365,0.047208622,0.12749857,0.2642434,0.48505428,0.03368605,0.3961802,0.109263174,0.5297705,0.6607367,0.013277023,0.069778465,0.07440778,0.17655998,0.03473158,0.84254557,0.5169046,0.058215395,1.0270022,0.42094374,0.055378035,0.38739192,0.23620063,0.13921154,0.16874957,0.19193381,0.17747326,0.3192709,0.4431732,0.16646013,0.15494356,0.04734363,0.8638365,0.06998103,0.07748604,0.40654683,0.6093087,0.27110672,0.17524631,0.08619559,0.5867032,0.39672258,0.023245148,0.1700575,0.5072885,0.16202103,0.25364745,0.17863037,1.6221042,0.56894714,0.6465384,0.10892791,0.38700092,0.10207014,1.0581872,0.41566277,0.15371673,0.040800128,0.18486796,0.23604375,0.2765046,0.06979158,0.028136306,0.22367169,0.16180427,0.17186883,0.08493533,0.20242015,0.12385687,0.08558521,0.45742413,0.09243301,0.18081,0.30310684,0.05877862,0.65631664,0.3966103,0.008203105,0.008733891,0.3132986,0.1958422,0.36992356,0.44912723,0.3889908,0.38490933,0.08295588,0.5500344,0.23199075,0.042310636,0.51323676,0.66125715,0.1013221,0.052913364,0.1368776,0.17765245,0.013519634,0.116837814,0.24462895,0.060334027,0.06395975,0.70689934,0.016993534,0.32729498,0.4844165,0.18588486,0.10036066,0.11981423,0.54988194,0.025236953,0.023889478,0.45262733,0.13688527,0.6986965,0.06792395,0.5114141,0.13673688,0.20523791,0.0985909,0.18436638,0.5153644,0.04304088,0.6750686,0.39572302,0.28484777,0.10815508,0.066554196,0.021527575,0.3396464,0.06507978,0.2519901,0.12660274,0.23590639,0.029203065,0.1721634,0.09925346,0.09805458,0.3281059,0.26187044,0.5409578,0.15404007,0.50089025,1.0552878,0.41590342,0.8060671,0.26879638,0.102941245,0.14408256,0.86482364,0.47183973,0.32844752,0.02931723,0.40461236,0.23675694,0.013304009,0.17948669,0.034472495,0.7582766,0.1879149,0.22589378,0.6449067,0.3796479,0.054433905,0.86203575,0.5859473,0.033192147,0.046464678,0.669584,0.27875417,0.44140884,0.42699942,0.049351934,0.19476129,1.241576,0.01608375,0.90223914,0.084724925,0.02672545,0.009754369,0.39880568,0.12180694,0.1022405,0.05917059,0.4289156,0.3592714,0.47841093,0.120192654,0.04371176,0.29779202,0.95521754,0.29439706,0.25765875,0.028486669,0.76073277,0.26106763,0.30934548,0.12503257,0.13520986,0.14962865,0.17874402,0.23117732,0.25880203,1.3726797,0.2185611,0.015305332,0.027376324,0.18623567,0.28434303,0.10478014,0.14119487,0.06283503,0.11446443,0.38695136,0.2624589,0.03541276,0.09697365,0.14097548,0.10619201,0.3297995,0.56222254,0.11919012,0.16529575,0.55772305,0.39174327,0.549452,0.1124105,0.016145254,0.38194478,0.29769838,0.018196125,0.45100218,0.38448757,0.07018013,0.339297,0.16800182,0.28087282,0.2367049,0.027227221,0.43876228,0.17464644,0.0485914,0.17801674,0.08482741,0.14292814,0.63931465,0.2566011,0.46904218,0.46785346,0.32751405,0.4228012,0.05063451,0.030558266,0.07075132,0.035014916,0.2070066,0.013812642,0.85363245,0.6450361,0.19379666,0.07397577,0.063217305,0.3625785,0.4106731,0.14538896,0.54082155,0.3489572,0.17924039,0.6091476,0.14479055,0.1279912,0.03200697,0.8267656,0.24099372,0.46693984,0.18125723,0.8030861,0.672994,0.057934664,0.0656184,1.0715357,0.06119138,0.14837396,0.093642004,0.9695642,0.68224335,1.0496308,0.7661607,0.5502511,0.048151094,1.0153477,0.38579988,0.324222,0.0267533,0.14659306,0.07982749,0.056309097,0.17964846,0.83957314,0.77677727,0.10169873,0.17153591,0.28651866,0.0024604776,0.771907,0.34559512,1.3213326,0.45985946,0.48441878,0.18810984,0.00415699,0.312927,0.45710933,0.40798634,0.08112408,0.320834,0.30458146,0.15347388,0.4669732,0.31265402,0.014275062,1.0522276,0.14216259,0.021265758,0.47035438,0.1537131,0.6882609,0.07008649,0.43686673,0.5907473,0.2745223,0.17512634,0.17089546,0.63916945,0.39507118,0.44469264,0.16637172,0.5659368,0.42188624,0.50736046,0.16167015,0.42952284,0.16412123,0.76931465,0.1654796,0.37673903,0.48529512,0.40741643,0.3200714,0.48039556,0.10636586,0.2366417,0.81837237,0.6252847,0.18198204,0.9751743,0.05394882,0.81644976,0.4327183,0.21639301,0.1932932,0.48543018,0.09375727,0.11613968,0.53658324,0.14070302,0.0,0.037651405,0.28984633,0.013823677,0.08241542,0.10279894,0.2181929,0.5332756,0.2659542,0.033142347,0.36024404,0.06948701,0.012177432,0.03475021,0.6228744,0.25319204,0.47785282,0.625761,0.47827068,0.31090504,0.55748576,0.19913688,0.16172566,0.4423573,0.10300878,0.8281925,0.0021196653,0.39654028,0.33450103,0.094987296,0.60263467,0.29575455,0.11972657,0.94739366,0.018417047,0.63900864,0.21667531,0.0033756986,0.4850769,0.15441081,0.5374054,0.31132334,0.004470939,0.58394957,0.87670135,0.3400898,0.19240427,0.18612231,0.15736699,0.079249784,0.49928132,0.50061774,0.029789677,0.33218405,0.020486875,0.07250891,0.4266581,1.8962014,0.40524805,0.59633094,0.4338209,0.4357943,0.0,0.37207595,1.2927601,1.1824167,0.93941844,0.7623677,0.07707004,0.16707334,0.30670407,1.0943813,0.48839653,0.24594405,0.17803766,0.41083485,0.034261536,0.15274711,0.03449543,1.2700813,0.10234706,0.42488718,0.22958033,0.033676796,0.4366554,2.2990017,0.10317919,0.641296,0.13432549,0.9658403,0.59224087,0.32213658,0.7070569,0.08141354,0.31560534,0.15740356,0.63980234,0.23506773,1.4573164e-05,1.3155341,0.056373794,0.17041759,0.83191395,0.026668994,0.02712397,0.19920611,0.05086136,1.0375009,0.7045121,0.3677041,0.3723378,0.15566424,0.72863287,0.09436789,0.05994588,0.16860169,0.3053124,0.048107073,0.19824234,0.29728603,0.24201348,0.2758273,0.8260932,0.81831884,0.30136418,1.3591106,0.59279454,0.45983952,0.031714708,0.42163497,0.098496154,0.63798785,0.44204056,1.0560141,0.032579154,0.47038886,1.5846767,0.35052574,1.1433947,0.047061257,1.2869657,0.19450927,0.5888896,0.07816826,0.7751115,0.55481106,0.26128244,0.32569993,0.03219533,0.06825453,0.5628746,0.2678315,0.03001041,0.18133605,0.64321166,0.63751054,0.023961687,0.16513085,0.098532274,0.073978804,0.032567814,0.07907164,0.5916165,0.18864863,0.0,0.25550818,0.2284601,0.967652,0.37022245,0.5401151,0.32250637,0.6364225,1.1432652,0.5550015,0.032541245,0.19147447,0.24830617,0.01494339,0.034621544,0.51776147,0.6810049,0.5338846,0.65972525,0.23045358,0.06197023,1.5401311,0.52134097,0.6358907,0.5614563,0.37883797,0.27972078,0.34306747,0.32770765,0.50769997,0.1051541,0.3844423,0.09086911,0.06417499,0.628358,0.26258567,0.44573885,0.64348865,0.059152935,0.008384375,0.008360292,0.37683085,0.17784476,0.012709452,0.039503347,0.8307738,0.48671275,0.69132555,0.009767267,0.41723108,0.5255884,0.4842319,1.0442806,0.4498406,0.29850802,0.24156062,0.027793124,0.12881157,0.07271716,0.8789811,0.6561979,0.18532962,0.00082863134,0.023838235,0.2701652,0.20811625,0.4665996,0.14034903,0.30692998,0.44354287,0.40838492,0.173605,0.9485924,0.8594322,0.46085387,0.06541668,0.92891634,0.19438426,0.15977985,0.15819153,0.0023379554,0.47492784,0.4142425,0.006807456,0.47825718,0.768028,0.44722128,0.5080322,0.06591877,0.18461171,0.49311882,0.16827615,0.5739218,0.8392812,0.16447243,0.33812553,0.3967095,0.72693366,0.7766715,0.25530034,0.04185071,0.4052921,0.53739256,0.074439704,0.047899432,0.76137304,0.30411518,0.9326928,0.25131184,0.17362595,0.19237867,0.291873,0.22044222,0.31026396,0.46606523,0.54470426,0.25748146,0.020134745,0.16043055,0.0061779087,0.041100767,1.1148087,0.010309791,1.3196537,0.035548724,0.25414932,0.0674503,0.22343613,0.08018558,0.1930549,0.14819247,0.016277056,0.31352857,0.03161277,0.0023125703,0.58461785,0.11166191,0.1925056,0.5246886,0.5074873,0.4401826,0.049701564,0.63869804,0.055054367,0.91509867,0.11254127,0.36407655,0.20633991,0.4742493,0.29212427,0.30086994,0.13534395,0.36475074,0.12743503,0.07383002,0.6477506,0.74167347,0.2852746,0.1613207,0.6615827,0.47023514,2.0130727,0.111998394,0.26753637,0.048030287,0.066757046,0.55674064,0.3052002,0.05831649,0.010445066,0.35302475,0.05461012,0.1513747,0.10889462,0.11550739,0.043103807,0.3455653,0.047567055,0.035581075,0.76540124,0.3219933,0.03520955,0.23769623,0.113136664,0.70163655,1.0979538,0.40308398,0.28470084,0.6538489,0.45151487,0.8947933,0.14183983,0.18963104,0.08116793,0.5497528,0.06422175,0.53570765,0.66078365,0.47688413,0.12080051,0.08012384,0.8019811,0.30503863,0.5902588,0.3092783,0.047154102,0.21202266,0.33088598,0.4381981,0.34908724,0.19459338,0.7252872,0.12857638,0.4155134,0.50357527,0.032342173,0.4836327,0.085401274,0.72998977,0.18945622,0.13691914,0.5097108,0.0068831774,0.44375733,0.5667746,0.24796864,0.72887796,0.6669704,0.03257595,0.9480464,0.27799058,0.63217103,0.015153343,0.21950343,0.12805696,0.14220607,0.48880017,0.55249584,0.115292266,0.14402416,0.12902935,0.002968637,0.37145972,0.43216383,0.51315236,0.02251576,0.058695078,1.8858225,0.0,0.34089544,0.9275656,1.054986,0.35423875,1.1883118,0.64801234,1.1884906,0.20511733,0.4863873,0.040427737,0.19354095,0.80397904,1.5588268,1.1414077,0.07927385,0.5172812,0.14042877,0.012433182,0.292688,0.23693115,0.60067606,0.13179132,0.25041035,0.004421575,1.6447946,0.3152926,0.10164323,0.17331578,0.888333,1.2166466,0.24508001,0.5590261,0.460217,0.5238832,0.38751167,0.5102823,0.36190808,0.2104882,0.040786415,0.064672716,0.11088458,0.013678238,0.8635675,0.015859136,0.18586367,0.15324923,0.34102163,0.9362703,0.2763008,0.13389184,0.50828254,1.3743098,0.15038346,0.27506998,0.16671106,0.07144695,0.081921235,0.6000458,0.29726946,0.09618571,0.16833127,0.1207794,0.35399884,0.1276732,0.18283103,0.74268454,0.5711981,0.09675788,0.43984848,1.1299702,0.7966072,0.0126998,1.2281548,0.18186645,0.32614362,0.32185954,0.04295998,0.04351788,0.8634474,0.005939609,0.34122536,1.0012559,0.49326026,0.19992432,0.45954603,0.0007266741,1.0028282,0.06108366,0.336535,0.15664661,0.61968964,0.14242442,0.5303451,0.92926687,1.3106139,0.9482871,0.092835024,0.00695283,0.24165618,0.2809205,0.3899871,0.30129683,0.21218151,0.25772208,1.4349625,0.0041878326,0.11103368,0.6322675,0.025552113,0.64780116,0.041541025,0.27348894,0.5999658,0.6715609,2.0370848,0.5020293,1.1545078,1.1073022,0.74474245,1.0640172,0.7062757,0.017227467,0.17197728,0.4093215,0.35053265,0.6858015,0.115448475,0.008415367,0.33024472,0.33629733,0.98902005,0.073179595,0.76249266,0.0,0.3354336,0.30018938,0.18283354,0.2283836,0.09849094,0.30406755,0.6243489,0.14362569,0.25455612,0.05465956,0.22959268,0.34465596,0.32399243,0.5655102,1.1160151,0.23857912,0.2383244,0.3335209,0.27372968,0.7216877,0.3230531,0.37784457,0.51871383,0.5002281,0.31855124,1.8563913,0.03631125,0.4773935,0.13585128,0.3645535,0.09128386,0.5194912,1.1322144,0.9041097,0.5598124,0.35693955,0.2816387,0.9555924,0.77400887,0.19421166,0.17732087,0.48930344,0.6325775,0.09195737,0.31449795,0.4410353,0.590571,0.6376463,0.16707179,0.7147496,0.11614029,0.030236568,0.56849366,0.5862192,0.0838837,0.20903048,0.73125917,0.17699797,0.7668876,0.13499653,0.31607717,0.8437768,0.24398442,0.49620998,0.541153,0.5327009,0.04974601,0.21755643,0.2052547,0.41503936,0.55520594,0.33987576,0.06607744,0.70283693,0.30394453,0.035429627,0.05340018,0.1864498,1.0673951,0.25829676,0.57863706,0.20649712,0.10138632,0.12863787,0.6644665,0.36816877,0.7733255,0.92399466,1.27314,0.3022411,0.3339074,0.5590248,1.0703647,1.3964412,0.18400058,0.33996487,0.21398346,0.4357918,0.0644975,0.09897278,0.28363848,0.012436612,0.12631372,0.22369187,0.16522524,0.16122358,0.1160375,0.087672934,0.33465612,0.24035655,0.445848,0.32769808,0.6147348,0.47489074,0.34060478,0.32666904,0.11340173,0.42693293,0.7138022,0.1602549,0.8179561,0.3613786,0.15474164,0.017046215,0.28274223,1.4607415,1.2744752,0.2399613,0.0273363,0.5534959,0.3959114,0.50377446,0.37404007,0.29638326,0.1023036,0.31360787,0.55637664,1.4785835,0.6433712,0.15497318,0.3320511,0.2760973,0.36075717,1.2643056,1.2106487,0.002864864,0.55962414,0.5176459,0.17992046,0.72865355,0.48785168,0.26377493,0.4696522,0.3701163,2.0239563,0.29126298,0.12426853,0.09625104,0.22149478,0.003120433,0.4483285,0.20997168,0.08813187,0.38373387,0.81654793,0.18820992,0.33146504,0.91772914,0.8843536,1.6751226,0.027437584,0.71781975,0.14612006,0.42154294,0.018891241,1.3476548,0.0,1.3631501,0.24176198,1.5788728,0.32337928,0.14088148,0.4930039,1.2523401,1.1538814,0.38218915,0.25631717,0.1968572,0.4907378,0.7906101,0.7210916,0.7957388,0.3516004,0.18527281,1.628763e-05,0.0038805758,0.25681192,0.7995076,0.22277313,0.022555606,0.8909408,0.55067897,1.6282985,0.33469456,0.191453,0.19166121,0.6991499,0.096736595,0.0530195,1.2462392,0.4083823,0.4803912,1.0752133,0.3232286,0.058137305,0.28820106,0.79385436,1.8463473,0.56647533,0.05117723,0.41719645,0.43380642,0.5167366,0.3999531,0.731041,0.11749676,1.9847519,0.1105558,0.20848785,0.07203364,0.38175416,0.29905897,0.0,0.09185416,0.22708851,0.06821699,0.33804768,0.2369374,0.034244865,0.8213457,0.3769638,0.29823226,0.43656877,0.36972135,0.25082934,0.022311509,0.49410293,0.87910175,0.10043795,0.022135688,0.77253646,0.16861202,1.3650401,0.30342406,0.22181633,0.8216958,1.0025218,0.16817003,0.45937765,1.3168534,1.0078462,0.46069068,0.25236052,0.38173497,0.22087398,0.6364086,0.35025665,0.0748146,0.1603825,0.65713704,0.27801007,0.42067623,0.8403981,0.4184068,0.07865548,1.1003028,0.3560544,0.51621336,0.007987481,0.25979787,0.78958327,0.45367956,0.008024776,0.38402465,0.50221413,0.11257669,0.6627437,0.84483445,0.23630062,0.034879368,0.5067514,0.11013522,0.010307818,0.24771988,0.3291477,0.26248348,1.5404162,0.36532345,0.56600225,0.18215518,0.12009611,1.4575365,1.0579764,0.38838917,0.11812729,0.05671185,0.15667725,0.6247749,0.39041328,0.4808294,0.03352078,0.8777081,0.02733077,0.8741889,0.6504042,0.22192214,0.652106,0.03658591,0.7823319,0.09494463,0.07710558,2.412887,0.72662187,0.5626646
0.15024342,0.051433343,1.7138267,0.56023085,0.49089646,0.15885736,0.18544233,0.5812165,0.14286108,0.8482359,0.8850068,0.028965257,0.38167945,0.34301597,0.21659312,0.0792613,1.3218116,0.0787901,1.5924593,0.7779201,0.78364587,0.29358238,0.59965074,0.033377975,0.14384505,0.051891044,0.23827857,0.5801555,0.3367473,0.15786241,0.12815364,0.5754019,0.18421896,1.2810704,0.88393176,0.07603943,0.05707371,1.1037234,1.1200057,0.07665296,0.12515122,0.36109063,0.23823175,1.1768761,0.52134687,0.009472165,0.10561286,0.42846054,0.4694356,0.1582839,0.3202331,0.29811865,0.042043604,0.13421862,0.046449903,0.058142006,0.122481644,0.48711145,0.17346287,0.3488813,0.06184369,0.12276195,0.4880265,0.4560525,0.051006675,0.68714774,0.17738865,0.17881373,0.2165433,0.10558158,0.09221714,0.6434941,0.18889897,0.031696536,0.15832683,0.16161805,0.3519929,0.0790467,0.077626765,0.21005036,0.84438366,0.034345936,0.40324995,0.2713741,0.18220188,0.47198144,0.14634141,0.12162657,0.12670451,0.3309608,0.30602023,0.12590276,0.0,0.28871387,0.44498634,0.814299,0.061705012,0.5748457,0.079196274,0.76207846,0.1444065,0.8229759,0.4384997,0.05095419,0.15681235,0.28303504,0.69740427,0.45391202,0.3583966,0.30700746,0.13005823,0.56313634,0.0785443,0.1102441,0.8193398,1.1330711,0.10159798,0.42737314,0.13318631,0.49976376,0.06324582,0.25047356,0.33599812,0.5037073,0.17846426,0.07708737,0.2681499,0.48025858,0.53798604,0.22356613,0.0999746,0.6010526,0.100885294,0.23090214,0.11000808,0.10788974,0.07877472,0.12400696,0.13833164,0.29665494,0.36896807,0.42401835,1.6996077,0.5571667,0.37701118,0.13807708,0.6431235,0.0684919,0.37051728,0.049097918,0.02943508,0.44755957,0.41313213,0.24073757,0.3181506,0.049785152,0.13316089,0.32657662,1.0673146,0.15464127,0.04976535,0.7699302,0.63465405,0.17681962,0.06963384,0.15425518,0.3826247,0.38314772,0.14774662,0.33474338,0.07219871,0.5272856,0.47565064,0.16845593,0.09657128,0.19148992,0.73453707,0.30979264,0.4597206,0.12321466,1.0348189,0.5691104,0.2654618,0.18641233,0.53549623,0.31643438,0.39275932,0.26992825,0.5878507,0.2371236,0.07016809,1.0584589,0.07275434,0.95243365,0.14269873,0.10496478,1.2688277,0.16217172,0.39341715,0.09528653,0.21946457,0.09672984,0.34616742,0.48174685,0.25114074,0.022928206,1.548487,0.27816516,0.1588645,0.12648445,0.28330934,1.429124,0.39627194,1.1775455,0.42705762,0.6018994,0.28232884,0.05146323,0.28501755,0.37228096,0.32192478,0.10524389,0.5537765,0.43270072,0.2244578,0.48131248,0.27135813,0.15911266,0.0027288247,0.16072002,0.24528827,0.3093123,0.010275711,0.22334212,0.058006488,0.3515039,0.17153981,1.1276622,0.038559932,0.98031604,0.15995139,0.7848914,0.16145357,0.39408994,0.41667303,0.16251664,0.16693279,0.46899548,0.07628938,0.37258887,0.23562714,0.5179219,0.07783897,0.19393426,0.046798315,0.08179009,0.47766748,0.18373537,0.21168587,0.6546757,0.041503817,0.57907295,0.10962731,1.0078481,0.0797425,0.013547203,0.116784416,0.5851575,1.5360472,0.0,0.52718395,0.23415552,1.6385019,0.3568755,0.08882788,1.1540613,0.9580465,0.2694197,0.106930554,0.3183435,0.5665213,0.23514825,1.6714028,0.5391979,0.44159627,0.0889557,0.4302602,1.0547698,0.27911347,0.06298831,0.24494383,0.5397814,0.38273758,0.2797762,0.24672455,0.33822665,0.30053455,1.0543233,0.34308755,0.6027652,0.18652967,0.38902402,0.63041294,0.53919184,0.6874695,0.265657,0.13292117,0.078569055,0.6950157,0.028647782,0.8913725,0.258455,0.12120928,0.19640571,0.3225944,0.07281578,0.2115126,0.3434036,0.37215406,0.8790964,0.24628034,0.27427912,0.12138215,0.0829826,0.1376746,0.08321126,0.05163212,0.08865255,0.38185537,0.15946588,0.31480655,0.3614139,0.25300974,7.439922e-05,0.07346072,1.1890851,0.120607436,0.368146,0.62648803,0.16498862,0.5887604,0.12610835,0.15735365,0.3779114,0.069219604,0.06361589,0.6503098,0.31871575,0.8215376,0.18157765,0.4348567,0.5430833,0.010173569,0.17167598,0.17260046,0.05251839,0.33114967,0.040776957,0.12148087,0.5339479,0.11022134,0.37920076,0.122411735,0.2657477,0.088189706,0.31587848,0.031684637,0.71033144,0.01939226,0.16881432,0.5303885,0.0661495,0.27672815,0.12272136,0.14488557,0.2972434,0.47596797,0.080035575,0.13970666,0.2789953,0.12059075,0.12902597,0.19266665,0.08004055,0.014332527,0.3741368,0.10335226,0.060818873,0.2901446,0.078365654,0.016159497,0.210687,0.4308052,0.46286547,0.51644325,0.21008056,0.8799924,0.21926345,0.32807207,0.16907531,0.26158363,0.03367816,0.17428337,0.21534067,0.1133145,0.3744165,0.55275923,0.059917856,0.6860607,0.1384826,0.114524975,0.031002808,0.1332196,0.07998247,1.0858576,0.12894478,0.07550441,1.3546157,0.25502148,0.09462088,0.028228557,0.57789016,0.49832514,0.41268045,0.7584141,0.3126737,0.009380486,0.49675405,0.18471256,0.035430513,0.27039835,0.12690786,0.33039832,0.007799038,0.69840634,0.1551649,0.14335948,0.48871973,0.05388334,0.58351797,0.4729458,0.23045914,0.19881365,0.082033426,0.038727377,0.09337651,0.16800815,0.018538931,0.05949209,0.10982443,0.3480135,0.17582598,0.24332461,0.20038545,0.27586585,0.034394287,0.3270197,0.2701146,0.12575257,0.36008257,0.59404284,0.03575811,0.55772305,0.04081086,0.2544577,0.54986584,0.04522579,0.16544506,0.11521499,0.06433473,0.00844939,0.2431374,0.13915089,0.5195927,0.047594998,0.8851089,0.30682254,0.396254,0.02116402,0.15746042,0.524315,0.12767477,0.77446777,0.014079853,0.0015451511,0.4224565,0.15371192,0.024791352,0.66738623,0.062861465,0.036013234,0.039262913,0.13101895,0.45748442,0.47823006,0.14700052,0.18895356,0.04672359,0.5161551,1.3849888,0.7351253,0.5829432,0.110380426,0.044075895,0.67068243,0.54932547,0.3794951,0.001095446,0.3377009,0.1486592,0.20362732,0.33574468,0.36442506,0.050563816,0.22223434,0.13605484,0.0016123164,0.4417227,0.17916794,0.32768208,0.11214423,0.08833365,0.009230628,0.008646715,0.023672672,0.051616985,0.49824288,0.16703428,0.5126244,0.636064,0.4166969,0.118506566,0.7762195,0.43086448,0.6456273,0.40235287,0.83405626,0.0022263501,0.25172418,0.14246249,0.6733929,0.72761285,0.062633835,0.30529535,0.17715773,0.28660503,0.26207745,0.039473698,0.25780216,0.47620952,0.49936798,0.3934331,0.7859435,0.29561174,0.66116273,0.1549485,0.15298969,0.33114582,0.5050428,0.5945263,0.13300535,0.29755878,0.10918827,0.45797896,0.6727898,1.1680648,0.8503822,0.19003186,0.6564429,0.56097734,1.1677493,0.029853465,0.4115439,0.030326491,0.7937981,0.4770668,0.039816007,1.0031062,0.5109395,0.39569584,0.23406936,0.45013654,0.16394185,0.13049546,0.0006874247,0.18936345,0.08541979,0.51175106,0.028791416,0.0018780864,0.12568827,0.3880487,0.91868806,0.41577935,0.77327573,0.9805909,0.071697,0.17221236,0.22900659,0.40932974,0.047169346,0.107613266,0.25724366,0.6988414,0.052397832,0.0660663,0.689448,0.18578929,0.0986779,0.15757915,0.1709734,0.24987449,0.03147182,0.25379395,0.028980942,0.21094774,0.25743777,0.051922727,0.07328715,0.28838184,0.17900287,0.49392956,0.10229407,0.21154961,0.007476252,0.25001147,0.31339884,0.5948672,0.08879931,0.33279854,0.04975017,0.47720546,0.29175118,0.012217016,0.14035279,0.18200509,0.24445802,1.0857226,0.8509778,0.14659095,0.32669058,0.26007688,0.050756343,0.45567888,0.5348579,0.05454094,0.35110745,0.34910083,0.010521743,0.26878962,0.11264552,0.18840653,0.80925393,0.061146144,0.06337141,0.5725611,0.09638252,0.28034022,0.12859134,0.3563701,0.267738,0.41731387,1.1986072,0.1809338,0.12888098,0.19860831,0.21576394,0.35363948,0.1647072,0.053420436,0.59093595,0.09199771,0.07528251,0.06542906,0.29337654,0.24889094,0.1279586,0.10636003,0.0051352764,0.028133925,0.6017192,0.046472672,0.48494604,0.2251498,0.054577217,0.24691767,0.014283419,0.18364042,0.5905652,0.051093444,0.02564394,0.19156286,0.05551704,0.27656347,0.11987138,0.844077,0.46078336,0.20269793,0.2140172,0.0432545,0.49440908,0.7460669,0.28288582,0.28695214,0.38793042,0.24868917,0.030985823,0.6320712,0.31835467,0.15210778,0.14487396,0.01721864,0.64706624,0.8101454,0.035726544,0.471471,0.38222653,0.14550576,0.3799501,0.79569244,0.13343439,0.4188887,3.3207934,0.45444727,0.83714527,0.5227274,0.59090084,0.48733547,0.1448914,0.063672766,0.25762373,0.09872917,0.588747,0.06344207,0.046879455,0.7761214,0.31604862,0.17775446,0.16962972,0.11722616,0.0,0.03826282,0.038845718,0.0062646125,1.0152307,0.06513214,0.018895531,0.671417,0.09114794,0.48532385,0.047491714,0.11448829,1.2890518,0.14374426,0.34501782,0.028492883,0.13749865,0.12935922,0.017015807,0.19183785,0.4454134,0.35680276,0.040175203,0.010104276,0.19528788,0.04756902,0.08768658,0.15898046,0.26505858,0.32907748,0.22022104,0.1380161,0.17673439,0.12475604,0.40979984,0.0075085377,0.08206804,0.037574984,0.5027567,0.082951635,0.22292793,0.58167595,0.52449775,0.03895667,0.028809022,0.34632996,0.36741808,0.36169374,0.28662732,0.1841554,0.2417503,0.2370311,0.21296367,0.0,0.37206104,0.15468033,0.024473935,0.035914265,0.3114341,0.23547542,0.21110776,0.09959175,0.3559588,0.44793427,0.38520557,0.14927435,0.19570251,0.06609313,0.35322452,0.6264003,0.4621647,0.05718197,0.049730744,0.06330237,0.025792051,0.15504666,0.3127088,0.46895945,0.05068976,0.2420705,0.08161601,0.6153978,0.45357016,0.0069492185,0.1481562,0.07292652,0.12241955,0.045599096,1.0104458,0.45923963,0.022330284,0.9321908,0.37414578,0.060828306,0.43551978,0.2141254,0.11113408,0.11934915,0.18157548,0.12226423,0.3242008,0.41309488,0.19632758,0.14507118,0.02931784,0.73764837,0.047022395,0.13490641,0.31435865,0.53138155,0.25641227,0.22166866,0.07995545,0.5801594,0.35935053,0.00523076,0.083737895,0.50025177,0.17421782,0.23080866,0.18405317,1.6386454,0.5937021,0.71479213,0.10333049,0.37925452,0.10534425,1.0830916,0.44186136,0.14906725,0.06044683,0.13790053,0.21573842,0.1718089,0.048183665,0.032537468,0.18983293,0.18739285,0.15493277,0.07668939,0.23262218,0.11333059,0.053974368,0.39047864,0.100257814,0.16779266,0.25920427,0.045964256,0.5787784,0.32822818,0.009472023,0.005298511,0.321717,0.1937535,0.4068988,0.3333568,0.30490226,0.2341163,0.07188554,0.6186522,0.2731207,0.11313181,0.5021645,0.7011316,0.11692077,0.0887603,0.129072,0.17495337,0.017888807,0.1114645,0.22468965,0.061681874,0.082999095,0.79242474,0.000323216,0.39923376,0.41115528,0.18095271,0.10044114,0.13749927,0.52562886,0.0302058,0.022006579,0.44868284,0.13557526,0.732443,0.08118783,0.47505865,0.17312604,0.2155567,0.08030281,0.19994026,0.50453705,0.046965025,0.49112374,0.42827004,0.30812484,0.09406957,0.04724215,0.03530556,0.30343097,0.08458399,0.2915215,0.13295017,0.4167772,0.0075245677,0.12921299,0.14437932,0.08122998,0.35393465,0.22707777,0.42198676,0.20386569,0.5223414,0.987401,0.34567422,0.74246144,0.25458524,0.07014258,0.15010898,0.92079014,0.43031698,0.30152747,0.03611856,0.3489309,0.28535038,0.009229602,0.16525,0.06432012,0.8194387,0.1988039,0.2393048,0.62884206,0.33354533,0.06235505,0.9090084,0.6117271,0.050844334,0.021884687,0.57998407,0.33683926,0.3329261,0.513435,0.055702463,0.1651716,1.1935725,0.005234795,0.79685915,0.0780427,0.023367923,0.005714279,0.43669987,0.1563781,0.08291061,0.072649635,0.4561169,0.44689012,0.5217989,0.07108676,0.030077226,0.4005531,0.9595475,0.31379512,0.2867313,0.035337478,0.8379776,0.3116809,0.20017578,0.11078366,0.122977644,0.15597984,0.15873772,0.2630558,0.23586485,1.5481238,0.20031144,0.011929781,0.014787722,0.19757979,0.35764408,0.07054563,0.16287926,0.052357472,0.14184526,0.30909723,0.3066052,0.01731268,0.09815359,0.13091967,0.08646156,0.3240586,0.5317371,0.11348738,0.21500362,0.57185423,0.41090196,0.5440205,0.118501745,0.017685045,0.3201684,0.27232304,0.0131565835,0.37844503,0.32222894,0.045831546,0.3080052,0.12656565,0.31709605,0.2585899,0.051382367,0.41065076,0.18772161,0.033993326,0.15216687,0.06532961,0.11799493,0.76786125,0.2667905,0.514501,0.4994917,0.30777985,0.4408947,0.05714328,0.043772727,0.053454272,0.050556794,0.16907862,0.0081375055,0.7519696,0.5403347,0.150509,0.10270882,0.07511252,0.286852,0.3584273,0.14869153,0.541755,0.33198264,0.11449067,0.57986736,0.15436706,0.1793392,0.04238826,0.7621404,0.20513335,0.5718089,0.09042286,0.64846945,0.47011924,0.05366389,0.07901238,0.9392606,0.1248389,0.13299108,0.045035973,0.77052563,0.54958916,0.9821713,0.740131,0.48741293,0.032577313,0.9993178,0.36365387,0.30863273,0.022572732,0.06366408,0.059219852,0.04890764,0.20482424,0.8775925,0.63655907,0.077282876,0.07320726,0.19437659,0.0049513164,0.63692904,0.31758538,1.3198216,0.32137448,0.38239464,0.11718327,0.0,0.1965079,0.37888473,0.4153434,0.02131155,0.25780255,0.29714662,0.075484194,0.391245,0.20577538,0.023244957,1.0709214,0.16150247,0.013691677,0.57338864,0.16795027,0.61447203,0.034382857,0.37876254,0.51316494,0.27854818,0.14766592,0.11755216,0.51335996,0.33868933,0.29271716,0.18389997,0.4149629,0.39009428,0.5647485,0.15050736,0.3961767,0.2181122,0.6746535,0.14105658,0.30466995,0.4449451,0.24845222,0.34673315,0.49675986,0.06086973,0.15840104,0.5058257,0.5948271,0.07423907,0.93670166,0.04479877,0.7544957,0.32816243,0.22686552,0.2587974,0.49159205,0.10192798,0.13190307,0.4177609,0.15421908,0.0,0.04458717,0.3536356,0.026532738,0.06644902,0.073563516,0.21538962,0.54615986,0.25077507,0.016182777,0.41086453,0.058612153,0.0,0.016823234,0.591009,0.22634558,0.48524517,0.6587909,0.50702375,0.3134544,0.4701596,0.13257834,0.0952923,0.40984333,0.058222283,0.763039,0.0010864022,0.39572826,0.2787393,0.076995455,0.45340693,0.28473562,0.06345148,0.87865126,0.032402024,0.60295385,0.18803488,0.0053394274,0.39291292,0.12767516,0.41165823,0.16617605,0.010616135,0.44025227,0.9734307,0.25215733,0.13394472,0.15735841,0.25585735,0.07512394,0.42166495,0.50898266,0.028364135,0.32008344,0.030588053,0.07038102,0.37806633,1.7100878,0.3538711,0.57912236,0.46322942,0.36474055,0.0,0.27487883,1.242539,1.1048164,0.824502,0.6498077,0.044675343,0.1357061,0.24094245,1.0101511,0.54913723,0.33215228,0.14268564,0.31647167,0.027471894,0.13693212,0.009340279,1.2103664,0.11762246,0.38150007,0.1925832,0.00879237,0.4086058,2.2475102,0.08858513,0.58563167,0.16809112,0.94884205,0.62838876,0.2267125,0.66652143,0.09175126,0.35560513,0.074190244,0.5262631,0.18674783,0.0001774943,1.2145224,0.07221542,0.10977887,0.84550536,0.0007504455,0.0076409923,0.14931887,0.07410966,1.05388,0.72333646,0.23945323,0.3879047,0.14292982,0.56519127,0.068954155,0.03556943,0.15168442,0.27551305,0.03953536,0.1283609,0.29234567,0.2278891,0.25259686,0.57568544,0.8170522,0.18395005,1.3021989,0.6044307,0.49889088,0.023123322,0.32071048,0.07415128,0.5331062,0.44726616,1.0452535,0.008683831,0.2854467,1.3450656,0.22735634,1.2452601,0.013626672,1.3432906,0.21222958,0.4763338,0.04627119,0.7456923,0.49262038,0.28323677,0.26806438,0.0113947885,0.07937736,0.25505483,0.27507052,0.038010307,0.17223108,0.46495068,0.5376487,0.018252768,0.093986005,0.118645,0.07545805,0.030933714,0.034013864,0.38136673,0.22179973,0.0,0.15195286,0.13288385,0.8187994,0.32606113,0.52426636,0.29069287,0.45853162,1.1689332,0.40588933,0.034885958,0.13918974,0.18602324,0.034208704,0.01203268,0.5537632,0.7395768,0.4527791,0.63608253,0.18219675,0.02880894,1.5658323,0.37814665,0.55971193,0.4852391,0.34550044,0.1240195,0.2596154,0.33870107,0.3603192,0.12859957,0.39432424,0.06271217,0.040087793,0.6701659,0.12904784,0.52071404,0.50234795,0.05338302,0.00663897,0.01643939,0.3530221,0.17145097,0.0131228035,0.027078174,0.8162693,0.47626168,0.6036005,0.050355338,0.33062956,0.47070837,0.3437793,0.8802371,0.39608544,0.2381216,0.2573194,0.0071089547,0.06421769,0.0757805,0.8164442,0.5842296,0.24838516,0.0,0.033787467,0.26770803,0.19956514,0.43165374,0.107934035,0.2234413,0.42557478,0.31549853,0.1139418,0.78759587,0.8055992,0.31501615,0.07384699,0.79763174,0.14974616,0.13617317,0.089662045,0.0,0.39033392,0.3328963,0.002001731,0.354394,0.6797606,0.3964,0.39511943,0.05775857,0.19884196,0.3964536,0.1536893,0.53622425,0.9164133,0.13664939,0.2569998,0.42895502,0.5844295,0.6323792,0.25399148,0.05245515,0.41512445,0.47562903,0.07523313,0.027710661,0.7747737,0.19385049,0.76385355,0.2375869,0.18793045,0.19416425,0.23161203,0.129741,0.3178926,0.44050542,0.53980243,0.19709598,0.0050518895,0.1841007,0.0048571443,0.029106103,1.1089563,0.008066612,1.1679752,0.061740056,0.16366,0.023642939,0.15758906,0.06350673,0.19934535,0.14057699,0.01171916,0.27471587,0.015984507,0.0,0.6535796,0.022833254,0.21978727,0.4371823,0.43678647,0.3219693,0.012529963,0.51455045,0.06609908,0.9038055,0.17020309,0.2813035,0.17804715,0.40484837,0.2391216,0.2749628,0.08872521,0.32279205,0.040661383,0.08224937,0.48688275,0.6359581,0.21393797,0.12943324,0.49892133,0.3280398,2.0367877,0.10824983,0.11952863,0.015040114,0.042218983,0.48734868,0.33571073,0.03670825,0.0040111095,0.3836308,0.011179437,0.14465551,0.067397386,0.1411087,0.009070842,0.3241806,0.046421304,0.06979676,0.6961106,0.18736316,0.014769832,0.17058083,0.09233034,0.5722431,1.0517827,0.31686997,0.25820524,0.63143975,0.37487894,0.89026934,0.13155594,0.07732371,0.054375052,0.5745702,0.056070413,0.4907481,0.5669713,0.4798313,0.034386955,0.096087195,0.8035697,0.30968565,0.5709957,0.32850814,0.04868629,0.30056837,0.22684342,0.47970152,0.3047521,0.14357838,0.608464,0.13486119,0.36766586,0.50601035,0.017111873,0.53100586,0.04315193,0.6987921,0.08152911,0.12599999,0.4519297,0.0013891184,0.44472575,0.5116613,0.114003345,0.6971237,0.7773132,0.018525865,0.9698101,0.16868418,0.48004737,0.01352704,0.18250564,0.09147822,0.124988616,0.41298983,0.6025991,0.06792173,0.1562689,0.11238934,0.0,0.2963192,0.40237415,0.514268,0.07715945,0.12745047,1.920259,0.00206426,0.30527157,0.9613553,0.9822195,0.30921996,1.1742877,0.4640032,1.1506042,0.14465827,0.32168242,0.003490454,0.14616473,0.67986447,1.5826064,1.1042553,0.07111758,0.56949914,0.11606838,0.0116857095,0.26082784,0.20062089,0.52608395,0.16207913,0.12575832,0.0031177565,1.4827145,0.28425413,0.10722779,0.17015854,0.79579616,1.1343644,0.2329751,0.4913919,0.4027777,0.49117565,0.40352494,0.33325392,0.262829,0.17475507,0.020691464,0.047086895,0.09695506,0.025723763,0.697543,0.022448787,0.22340262,0.18197572,0.28721172,0.90552413,0.16742036,0.13337034,0.4639971,1.3188924,0.16084707,0.24599516,0.10636346,0.06463388,0.045506112,0.4396664,0.2607792,0.12128062,0.011491848,0.11991555,0.3076016,0.09922182,0.12477078,0.7841115,0.5524391,0.13190398,0.47061783,1.0820029,0.63291204,0.017437678,0.9849616,0.12938991,0.2706304,0.27251953,0.02189878,0.060576495,0.65757704,0.006640321,0.28594697,0.90830445,0.55656177,0.23563194,0.43171564,0.0,0.9573352,0.04003205,0.3015001,0.2002072,0.49092743,0.11402733,0.5425831,0.8690559,1.2560792,0.9240673,0.12055503,0.009923749,0.09279913,0.16260609,0.2928555,0.10961878,0.22066694,0.21329919,1.3110113,0.011459002,0.07407642,0.54693097,0.022869522,0.59650356,0.02204277,0.14263329,0.49759144,0.5899247,1.9036214,0.4596867,1.0571098,0.935537,0.5231395,0.9087832,0.67831874,0.03370287,0.12585679,0.31487584,0.27740633,0.65699965,0.08919774,0.006926936,0.28024438,0.3490732,0.93111205,0.043535057,0.5684221,0.0006505932,0.24178255,0.23377606,0.17519417,0.38195547,0.08735839,0.23845868,0.44423077,0.13351831,0.23641497,0.018836625,0.26044667,0.456174,0.22584924,0.5714564,1.0303966,0.16209774,0.14059356,0.2752114,0.25242072,0.6016959,0.3632331,0.42871523,0.3275236,0.5273979,0.37541723,1.8533819,0.031391237,0.40482065,0.100210205,0.3475879,0.08970025,0.56332266,1.0390158,0.7614106,0.47162938,0.25983775,0.31381315,0.8331684,0.6228938,0.15882657,0.22290355,0.45644826,0.53175724,0.06508218,0.30383945,0.46066102,0.27407256,0.50235397,0.10928619,0.55827594,0.10049402,0.00074998563,0.5441117,0.65979505,0.032924235,0.13457504,0.6667444,0.1567018,0.5926776,0.110220835,0.23937848,0.7365732,0.28527293,0.507686,0.6148344,0.46617705,0.058546193,0.20287861,0.14552201,0.34187564,0.4951144,0.2874555,0.0550953,0.7123834,0.27065337,0.0007836755,0.100920394,0.19608101,1.0578685,0.19572619,0.5928973,0.21392506,0.03565225,0.15203512,0.6143482,0.3812784,0.67263114,0.78896755,1.1383855,0.33659565,0.28064013,0.52737135,1.0122976,1.1986598,0.16177799,0.28156725,0.21088387,0.3650792,0.188872,0.04298658,0.34311855,0.014375503,0.04252297,0.24872062,0.14145681,0.1460635,0.07727805,0.042901196,0.16517043,0.39043278,0.45729253,0.33087707,0.48723435,0.49292532,0.25931558,0.30509776,0.06396987,0.4402894,0.7321417,0.06931453,0.643904,0.3050843,0.10606255,0.014271827,0.28891227,1.4921458,1.1349521,0.118335396,0.007339524,0.46187454,0.36913723,0.45561162,0.37552628,0.23594338,0.12177052,0.4130838,0.433528,1.4097695,0.6998943,0.14312355,0.3162247,0.3054081,0.39282906,1.3776715,1.1576625,0.0039648605,0.5704599,0.3573914,0.18136087,0.7134428,0.52079237,0.31194404,0.5084665,0.2792455,2.1041017,0.3874189,0.15007511,0.16294761,0.19649091,0.002571133,0.4698897,0.20343888,0.14296865,0.35989422,0.9918461,0.17434232,0.33703077,0.82713306,0.8839084,1.8198819,0.032878987,0.7052697,0.1617206,0.53080964,0.034595855,1.4306787,0.0,1.396893,0.3412861,1.6333654,0.2925022,0.1320252,0.54139876,1.1408572,1.1635048,0.30719537,0.28779215,0.15430427,0.50234175,0.6974195,0.61553323,0.758856,0.4097988,0.19294277,0.0,0.0,0.28974912,0.78934306,0.18514729,0.01747434,1.1868289,0.54922307,1.7623938,0.3646593,0.17524937,0.1970148,0.67439896,0.059685946,0.062769115,1.3724483,0.3989526,0.4553655,1.1773741,0.3403806,0.05739834,0.29713964,0.80099356,1.8046381,0.55151737,0.02864014,0.36697388,0.53266597,0.4808607,0.47410893,0.64140683,0.12630439,1.9115906,0.11822009,0.2196326,0.062497627,0.31009102,0.30053705,0.0,0.08989272,0.1965372,0.049574807,0.31231356,0.2504307,0.040593944,0.8391217,0.3673438,0.26064473,0.45233896,0.37813407,0.22648124,0.043089394,0.550697,0.87864876,0.05629926,0.026819851,0.7655692,0.20998894,1.3182857,0.27734774,0.30040884,0.8957828,0.92843854,0.14124644,0.45107496,1.337948,1.0082273,0.409436,0.38278973,0.34618098,0.18328783,0.50000036,0.35647574,0.05452428,0.16039315,0.6755189,0.2417725,0.43231088,0.92366445,0.47892886,0.11285544,1.112337,0.41798598,0.4271339,0.008676788,0.26046857,0.72444654,0.4107338,0.003457726,0.36448133,0.4339562,0.09000846,0.6295112,0.9113086,0.27186078,0.061145954,0.5839298,0.123668164,0.022057738,0.26545125,0.30677134,0.25863636,1.6946661,0.32885852,0.5663806,0.13957796,0.13036405,1.4196597,1.0798607,0.5483364,0.08175525,0.045998618,0.17641842,0.60402584,0.37040788,0.42653787,0.045910273,0.7357702,0.005266917,0.9121704,0.6013839,0.21045688,0.630183,0.01575106,0.7273283,0.09322154,0.08599112,2.4030514,0.732163,0.56276727
0.15807737,0.07356399,1.6297566,0.56358767,0.5114065,0.14895925,0.13867539,0.6369854,0.20141724,0.9197273,0.7815349,0.049639612,0.37300417,0.40075862,0.17071944,0.08741955,1.2971873,0.056589946,1.514905,0.69153523,0.8727862,0.3279147,0.61131895,0.040186048,0.19419515,0.07133226,0.2614776,0.5551131,0.35301265,0.19209471,0.1228793,0.61103463,0.20363814,1.2692609,0.8686819,0.07916998,0.05433976,1.1647167,1.1475233,0.08272221,0.17043905,0.35124612,0.28012758,1.2258905,0.56151855,0.008982184,0.1253283,0.46585047,0.47672874,0.17426722,0.3388485,0.29117697,0.057844106,0.14952138,0.07414326,0.052898604,0.1405266,0.54405105,0.22974516,0.45378906,0.10021889,0.15671849,0.5069612,0.50207025,0.05421947,0.74965453,0.13986197,0.1926415,0.2753002,0.13381532,0.06847519,0.66147435,0.22805758,0.03203025,0.1419287,0.16876769,0.4317729,0.07573448,0.073650554,0.23907144,0.8101798,0.02445585,0.40883383,0.30714387,0.14484087,0.5516631,0.18284,0.1406179,0.143453,0.3668057,0.3654701,0.1658654,0.00042686635,0.31331703,0.5228732,0.99247116,0.067827776,0.5596911,0.080418065,0.82453,0.10429741,0.9798646,0.44322667,0.07821965,0.20991673,0.2616762,0.6729673,0.48933855,0.4218349,0.30194244,0.11460156,0.5531845,0.103070855,0.12444848,0.7777977,1.231729,0.11155588,0.44671544,0.122388445,0.4796902,0.042980112,0.23744161,0.40933436,0.5814945,0.1957463,0.08615434,0.29114938,0.4246023,0.5487182,0.20855588,0.12781593,0.6164876,0.09761173,0.20867576,0.124090835,0.12944277,0.10981387,0.10176792,0.17455494,0.34093183,0.35645896,0.39176506,1.6955497,0.6455376,0.3263579,0.13513154,0.7550082,0.05480111,0.36872375,0.044607945,0.01749507,0.45332688,0.5193218,0.26070178,0.40112293,0.05149714,0.15305191,0.31601,1.0470719,0.1456334,0.046287626,0.90941465,0.64763474,0.22265539,0.049484078,0.16987184,0.437018,0.40309486,0.1545896,0.3313563,0.078835435,0.5471177,0.56478864,0.19637248,0.09812108,0.20325659,0.7471532,0.34562308,0.48514694,0.12072721,1.0287005,0.6719581,0.2562926,0.18626043,0.536455,0.27829516,0.41395223,0.2713295,0.57432777,0.2554633,0.07440693,1.012424,0.0772352,1.011672,0.15620267,0.13333063,1.3870347,0.17659792,0.46284515,0.09163654,0.25753647,0.11485045,0.34458536,0.45687175,0.26349172,0.031526968,1.5834699,0.28624237,0.17850481,0.117692314,0.29704833,1.5434169,0.35851544,1.327519,0.44698447,0.5894474,0.29901928,0.058030054,0.32947388,0.4209391,0.3205977,0.10302145,0.5341774,0.3687899,0.225879,0.48142526,0.31320074,0.12926415,0.0077092047,0.19448785,0.279019,0.27459878,0.012001733,0.21058173,0.059427682,0.39738837,0.15383168,1.0315725,0.050181128,1.1029756,0.12053331,0.7857317,0.13802701,0.46519673,0.4457132,0.14256804,0.18974338,0.53474617,0.06699873,0.40611267,0.22845943,0.5053375,0.075867444,0.2236895,0.081163526,0.06343903,0.5092775,0.24592307,0.2653031,0.693244,0.06417799,0.53420615,0.13155256,1.0770254,0.07207857,0.029212415,0.10315016,0.53184354,1.5217416,0.0,0.49391332,0.32128185,1.5709506,0.339439,0.082146004,1.2397537,0.9390433,0.2876805,0.14320315,0.3269195,0.62695825,0.24041364,1.8327034,0.64707935,0.3971727,0.08558948,0.4485053,1.0950434,0.2532567,0.10764915,0.28524572,0.6415594,0.42314982,0.3505948,0.23166451,0.35887018,0.34684843,0.9817579,0.37989265,0.48489952,0.2145234,0.4243398,0.7569537,0.6013553,0.7333265,0.25167274,0.15585133,0.082196556,0.7408321,0.027370993,0.9233327,0.261427,0.12085104,0.21195503,0.3759851,0.07191008,0.17797685,0.29255196,0.33022442,0.9985919,0.1747473,0.28778023,0.10160127,0.09722338,0.16407043,0.055587843,0.029859157,0.09364697,0.39364594,0.12760618,0.35838225,0.4187502,0.2901274,0.003203596,0.056612562,1.4914562,0.12741709,0.46771657,0.65463555,0.1532812,0.7178042,0.09916116,0.14810659,0.48094285,0.06609136,0.079629555,0.5779473,0.32360792,0.9592148,0.1826258,0.40888262,0.6164371,0.010042714,0.119488396,0.13270885,0.02875084,0.40160078,0.03382,0.14487267,0.40191382,0.16934553,0.43948406,0.14311716,0.22252049,0.14128478,0.36285293,0.057791814,0.76879597,0.022123212,0.15052757,0.5359381,0.07902379,0.35040545,0.14276257,0.08896348,0.33519325,0.54291224,0.036042385,0.12520953,0.30809817,0.1476663,0.14818275,0.26046008,0.17539564,0.023426967,0.4241953,0.19647256,0.03949963,0.31736457,0.10446581,0.028845763,0.27003253,0.3750385,0.46744764,0.58238745,0.14771825,0.87834114,0.1891285,0.48196828,0.2744469,0.26198727,0.059585452,0.2510774,0.17159575,0.07192398,0.3260566,0.7298231,0.10993922,0.70848954,0.1618868,0.14268647,0.037109464,0.13675839,0.07894658,1.1396425,0.25903267,0.092614844,1.4293773,0.3153479,0.09205659,0.026424244,0.6760105,0.49256104,0.42138088,0.74065614,0.2291505,0.00478393,0.38729945,0.26957977,0.03086247,0.21852823,0.13375258,0.28406006,0.021172117,0.8723782,0.13749452,0.10309096,0.34129912,0.054580577,0.60326517,0.5346559,0.1614337,0.18690836,0.103470765,0.027315658,0.14801587,0.27689064,0.039631873,0.05356989,0.08700241,0.4294914,0.22065996,0.30261183,0.1071863,0.2528547,0.035812646,0.37473673,0.21036872,0.15143561,0.40966225,0.6304911,0.030560251,0.6414154,0.0159101,0.33184472,0.49077058,0.009375736,0.2063458,0.09813749,0.05726181,0.017698105,0.19531518,0.13090554,0.47057188,0.048266575,0.96942127,0.43060088,0.3768502,0.01277624,0.21216434,0.6083334,0.24656579,0.930643,0.024774954,0.0030367945,0.4886924,0.24400462,0.04052627,0.63523936,0.04028526,0.047685985,0.059475496,0.13069862,0.5096039,0.5186461,0.21377252,0.18697724,0.07542531,0.564289,1.4212383,0.6209729,0.6376785,0.11637109,0.030079328,0.58879364,0.42035022,0.54148626,0.004921661,0.377931,0.14402384,0.2376189,0.28560832,0.28040287,0.068639606,0.21956745,0.09423193,0.003335812,0.6780611,0.1377692,0.30217725,0.13165243,0.098630205,0.037892267,0.017697074,0.022174915,0.052748654,0.5383585,0.19494331,0.52455723,0.6632602,0.3860808,0.10093654,0.9809507,0.45212585,0.6061722,0.4716388,0.94549644,0.005703669,0.16346945,0.2146501,0.8514037,0.78272396,0.10079924,0.36563596,0.22227864,0.2736655,0.30175573,0.04732434,0.31815147,0.5764551,0.54485184,0.45429403,0.70283365,0.35676765,0.7867759,0.1301623,0.14620999,0.39579326,0.3906575,0.59432304,0.243685,0.1912827,0.04986368,0.51674736,0.74974144,1.2108247,0.82169104,0.31118703,0.69246125,0.57827127,1.1580911,0.070567,0.5349599,0.042195264,0.9324378,0.5018771,0.023438226,0.9663211,0.6793931,0.34355417,0.26362246,0.38737017,0.10066836,0.0851787,0.0,0.29177645,0.086608134,0.61990416,0.035766304,0.0024829498,0.15054159,0.49492556,0.95761013,0.43021005,0.8687579,1.0961361,0.069358714,0.19816037,0.07510602,0.498352,0.046931632,0.06631081,0.3133657,0.75715554,0.02247143,0.09952057,0.7732658,0.25037408,0.058039352,0.2506911,0.10301581,0.3005402,0.042685594,0.1842383,0.036917113,0.35525292,0.31346577,0.033715203,0.054568633,0.3256542,0.1158753,0.39347404,0.085010976,0.20152059,0.025951078,0.20522586,0.1945619,0.6382988,0.06791121,0.32927364,0.037199207,0.4849862,0.27810878,0.03551731,0.0962253,0.13649514,0.33813047,1.2589928,1.2176783,0.1554401,0.1909026,0.24376157,0.0670652,0.6473341,0.55907273,0.11158706,0.4322613,0.37339273,0.014361928,0.31435794,0.1288454,0.28294498,0.840492,0.06613214,0.042808875,0.60901415,0.14667705,0.28813428,0.1150038,0.3620692,0.2513651,0.33490023,1.316522,0.1808062,0.16047534,0.2375417,0.22614045,0.37601578,0.2370957,0.11814342,0.5553721,0.08615783,0.07420272,0.09081464,0.32623076,0.20253515,0.07598541,0.08177424,0.008111279,0.02773521,0.7260214,0.043952923,0.6226175,0.21781473,0.038811654,0.32139248,0.03249943,0.16749905,0.7009196,0.115365975,0.0245747,0.20426628,0.07266034,0.2557906,0.07942665,0.7541951,0.41746053,0.23133215,0.16068745,0.03261722,0.50912416,0.6023369,0.3271485,0.4787771,0.28710917,0.22073036,0.060602494,0.7358027,0.36127514,0.13332179,0.16300672,0.04072082,0.5829525,0.85196143,0.056398228,0.39015406,0.37215456,0.19559711,0.44208673,0.8412613,0.20411919,0.38776058,3.3480628,0.4360809,0.84494805,0.47622842,0.54485035,0.3934026,0.17289564,0.10270839,0.24446076,0.15557966,0.565199,0.088299185,0.076136544,0.9341411,0.38831154,0.16977747,0.1450702,0.08968781,0.0035295305,0.06960333,0.027797926,0.015628152,0.9472051,0.039769173,0.02150055,0.847612,0.089432396,0.5639677,0.048045628,0.14557879,1.3900373,0.14975569,0.47307032,0.017071377,0.09855141,0.24870408,0.037045937,0.25529158,0.27376083,0.38120893,0.04902754,0.021143548,0.21012619,0.08468087,0.05821818,0.24637838,0.24064094,0.35258257,0.115244195,0.22953466,0.23620525,0.14066139,0.506909,0.030183075,0.11579649,0.057790462,0.5794726,0.09136969,0.19493325,0.67974854,0.5652455,0.06597249,0.03957653,0.33391684,0.45009083,0.33508036,0.31048298,0.27781528,0.2947409,0.20631246,0.17486213,0.0056829657,0.3873855,0.1863322,0.029284557,0.03273208,0.34888533,0.22722955,0.15817426,0.082447454,0.42874223,0.46584743,0.34225285,0.12842554,0.27966958,0.08971462,0.44495153,0.49723694,0.53132576,0.055762295,0.03453799,0.055322032,0.06516142,0.17454094,0.38724652,0.49754983,0.036624182,0.2985394,0.055733074,0.65734124,0.49672416,0.0,0.214661,0.061963513,0.1608967,0.047317233,1.0988588,0.3449114,0.03825649,0.8789289,0.40005538,0.0489055,0.4516493,0.273165,0.110445976,0.14247817,0.17354846,0.15651374,0.33556473,0.52839524,0.116426826,0.20016623,0.008792808,0.94212484,0.028168883,0.25658005,0.32488614,0.4903952,0.3466947,0.1997085,0.16525309,0.56785524,0.44743392,0.019187575,0.09840262,0.527468,0.16974214,0.25845778,0.19126573,1.6888621,0.48637024,0.86594045,0.16542983,0.33341095,0.12837043,1.2239999,0.44707358,0.14998487,0.04010193,0.10097058,0.21301784,0.18918654,0.08233637,0.06027477,0.25726938,0.15960577,0.10877925,0.07271961,0.29133853,0.156946,0.08552298,0.41052878,0.13985485,0.20023742,0.18558209,0.07407633,0.71038496,0.36874622,0.011984372,0.013267126,0.2873769,0.21460234,0.4735778,0.29242378,0.3469322,0.30278447,0.069245376,0.58189005,0.20263593,0.05929313,0.52360916,0.6582362,0.08107611,0.024065949,0.0999078,0.16099271,0.025181152,0.1303737,0.2073266,0.09310254,0.13453838,0.747471,0.0017321787,0.442039,0.446495,0.17680855,0.08327762,0.13751656,0.64199924,0.018430274,0.015951421,0.4792576,0.15053457,0.8053888,0.108656816,0.35629576,0.13726874,0.14468978,0.076385744,0.2574292,0.49331415,0.025492204,0.47980094,0.447803,0.3374722,0.15563637,0.08044601,0.06388346,0.31920302,0.10371761,0.25217015,0.16913244,0.3522435,0.0032388787,0.14587261,0.17362085,0.06215692,0.427798,0.26124263,0.41976196,0.1599773,0.6041273,1.2271044,0.37789047,0.60155374,0.3853023,0.076780014,0.18386891,0.81213415,0.37553692,0.39719695,0.021744363,0.34136805,0.24215597,0.0040740995,0.13188791,0.095710635,0.8440825,0.18111159,0.25535196,0.5887469,0.42720544,0.050011277,0.8563494,0.50317174,0.04933692,0.044114,0.55506,0.36217636,0.24275479,0.48962125,0.05458533,0.20765002,1.218118,0.005836261,0.77598584,0.10355113,0.020133056,0.02220953,0.47895926,0.19243036,0.05455334,0.05183041,0.41045102,0.45594805,0.5196584,0.048949372,0.02804714,0.46415,1.2879071,0.24972923,0.34512562,0.017606432,0.899757,0.31937438,0.1261397,0.14691518,0.19913386,0.17401421,0.18308851,0.27410096,0.27098644,1.6707923,0.23933119,0.0022929972,0.02675279,0.20691869,0.42059878,0.11324267,0.21707776,0.061842002,0.13692404,0.31678325,0.35029745,0.036116596,0.12706414,0.16785614,0.08317866,0.26897258,0.5592073,0.08685048,0.18532057,0.6458452,0.4309702,0.62517047,0.18283647,0.043266863,0.32135966,0.28690296,0.031243097,0.39915633,0.34269804,0.04697936,0.31441736,0.1765515,0.4510635,0.33139664,0.04116594,0.20805332,0.26351887,0.0632353,0.20894209,0.055703662,0.21778989,0.9195267,0.20164521,0.588618,0.35938227,0.3745875,0.4421867,0.090961926,0.041295357,0.025578791,0.076533124,0.20230855,0.012050267,0.80575716,0.50915504,0.088328704,0.04769994,0.0792249,0.24000622,0.35720307,0.1669372,0.5207879,0.2643666,0.13907695,0.543801,0.15903834,0.15795228,0.058505822,0.99045074,0.22264522,0.61282134,0.11280067,0.7544509,0.4190774,0.054424427,0.100653514,1.0951054,0.18231148,0.16905673,0.05967861,0.9766469,0.73458403,1.0751395,1.0264752,0.6203651,0.05621923,0.8682266,0.22325265,0.23096982,0.06339711,0.087165095,0.037497237,0.06781456,0.191466,0.9868276,0.5964552,0.09240413,0.09830771,0.21138422,0.007073165,0.699457,0.43596187,1.3544669,0.29974854,0.46431667,0.085698284,0.0,0.1867758,0.40526322,0.4430176,0.012787525,0.18803106,0.3553498,0.29049432,0.376288,0.33775955,0.015007622,1.207694,0.1807908,0.027466636,0.61719084,0.15933736,0.68606424,0.061043523,0.48623466,0.5358451,0.24677403,0.19212465,0.06475162,0.4586411,0.28803214,0.24382083,0.23964514,0.41342923,0.4163368,0.6706269,0.14908172,0.49304247,0.26226085,0.83888745,0.11028031,0.3589247,0.43669456,0.2995117,0.31925157,0.4566698,0.08956379,0.17450811,0.51054937,0.79127324,0.05555395,0.792511,0.066969,0.7972214,0.4226899,0.28866097,0.27939606,0.5361519,0.07700747,0.10767352,0.51907444,0.03733705,0.0,0.06763655,0.33230525,0.036529366,0.14700204,0.08519857,0.25275332,0.62277085,0.32306248,0.046005327,0.4808096,0.071858495,0.023344895,0.031210942,0.65835035,0.3851934,0.51632404,0.61785454,0.6492896,0.3356584,0.46807086,0.1581082,0.13135794,0.41733998,0.08580327,0.821599,0.0026364613,0.2700884,0.25806448,0.15422904,0.76689255,0.26994622,0.105489075,0.8969908,0.042699683,0.49272618,0.14278044,0.017358579,0.35591263,0.123735055,0.30741102,0.21799356,0.020206569,0.61264426,1.026381,0.26102847,0.049781702,0.1860187,0.37916696,0.061264224,0.35865623,0.53691804,0.013179999,0.4201493,0.009699635,0.11103426,0.5447422,1.8799411,0.37784278,0.51981795,0.5586009,0.19599405,0.0,0.33904845,1.0900089,1.359905,0.5902864,0.66668797,0.035438508,0.058620166,0.15437603,1.145689,0.5067086,0.43873972,0.12898767,0.47642767,0.02418317,0.08163946,0.013581584,1.157193,0.114853784,0.36475036,0.14721936,0.0008164055,0.38953164,2.278617,0.09516201,0.5287453,0.15203086,0.82743746,0.57053185,0.19887994,0.69058955,0.096175164,0.55438817,0.10277109,0.4710737,0.16462901,0.00036302235,1.538036,0.07487182,0.15650606,0.8737918,0.004848576,0.0033484362,0.2830878,0.11500318,1.1819383,0.9001362,0.39835197,0.23974647,0.07967933,0.7182143,0.09524176,0.05066847,0.15658934,0.18860853,0.041260242,0.07847765,0.18537705,0.255579,0.2044621,0.5680361,0.81857336,0.091782354,1.3170526,0.77274245,0.6288432,0.07008924,0.34628844,0.068363324,0.62467706,0.49372053,1.3833573,0.010924714,0.3000344,1.244547,0.18506819,1.3083043,0.021630704,1.1739991,0.22988579,0.4377337,0.054994285,0.5071988,0.5097636,0.4400931,0.23827037,0.041993625,0.11560936,0.140958,0.26893586,0.03630348,0.19342902,0.63480586,0.3390358,0.024556203,0.12374486,0.09349781,0.0703515,0.09436226,0.036677506,0.34466913,0.2109699,0.0,0.37590164,0.112644,0.76527953,0.3660293,0.4996093,0.29757515,0.68612266,1.2373222,0.47598448,0.113795206,0.09954079,0.1499747,0.054792717,0.021434726,0.70216835,0.6682323,0.41512266,0.6474219,0.20366879,0.02705798,1.4685159,0.3335408,0.5171185,0.67182857,0.33832628,0.120293394,0.1802401,0.4036367,0.38043395,0.16751072,0.37878624,0.1262576,0.06766055,0.9254083,0.16181444,0.4898255,0.5817194,0.068178296,0.008870197,0.023402866,0.41285253,0.16304283,0.016771214,0.031730898,0.8784783,0.43510568,0.5138207,0.11150568,0.34683803,0.42200655,0.42088735,1.0325712,0.41086173,0.34451222,0.30064368,0.006078421,0.03804745,0.11601828,0.95327324,0.7563812,0.26483035,0.0,0.05803214,0.200831,0.3992361,0.32741815,0.07401436,0.2805472,0.46486437,0.35878137,0.1589396,0.8700906,0.78882223,0.41142005,0.11882427,0.7829244,0.14203551,0.22073887,0.06033451,0.021342512,0.34629226,0.27793762,0.0,0.34937808,0.90486,0.28432745,0.4348634,0.09250264,0.083690524,0.3096798,0.18187727,0.527107,0.96555364,0.08030499,0.23972152,0.54471904,0.6867273,0.64780134,0.17176867,0.0992191,0.40615147,0.23752828,0.07516943,0.08768736,0.7857628,0.21374808,0.7711357,0.21068823,0.22967887,0.18689781,0.23715977,0.043826725,0.43623063,0.51008326,0.6737419,0.30761617,0.0,0.039896697,0.02044028,0.050988905,1.1807815,0.0152409235,1.12187,0.057157464,0.14818475,0.02373642,0.13361627,0.06008066,0.15947947,0.16598703,0.04284649,0.09775384,0.013291692,0.0016712542,0.7470882,0.026003411,0.09641716,0.35486695,0.5784299,0.3116252,0.0066462723,0.48156032,0.08465714,1.0129526,0.17286965,0.3229401,0.18750235,0.32956976,0.12741731,0.2423948,0.074824154,0.30192745,0.060081016,0.097486585,0.49798778,0.7831806,0.28619498,0.1380746,0.5664556,0.28443515,2.1401446,0.087642096,0.1438682,0.0140517,0.04369968,0.6759046,0.2266795,0.017758906,0.0,0.39937186,0.0009553962,0.1796708,0.04186017,0.09737216,0.01941964,0.37446433,0.01848334,0.051934704,0.8393041,0.11168624,0.019597532,0.19690469,0.08200563,0.57411456,1.0799298,0.30736616,0.24659094,0.5449376,0.42551616,0.6522336,0.089491144,0.10003932,0.016996354,0.47016582,0.050743245,0.49826744,0.6441767,0.197264,0.034732923,0.2823028,0.84850866,0.42353296,0.4609397,0.2795543,0.055687964,0.31076086,0.16716847,0.5645774,0.42251694,0.1638579,0.55178666,0.1122099,0.42390102,0.5518508,0.013716973,0.50110674,0.008147409,0.54852664,0.15997636,0.13444917,0.48186,0.004854069,0.47124776,0.52872854,0.13090351,0.65810597,0.8099329,0.015172721,0.73902535,0.2318028,0.43807715,0.011062339,0.1219168,0.091370896,0.12098546,0.443994,0.6895881,0.11168073,0.12921184,0.17602387,0.0012414082,0.24144927,0.39392602,0.45603654,0.038774423,0.1164669,1.8653611,0.0,0.116600156,0.85524625,0.91995645,0.16683978,1.4228345,0.39873433,1.3038051,0.26108474,0.35969892,0.0051319296,0.15567075,0.7153324,1.7743847,0.9145176,0.05794067,0.7162,0.17599094,0.011915503,0.27058774,0.28935674,0.6401162,0.13979301,0.2157025,0.008645222,1.3131398,0.3554132,0.107867606,0.16027156,0.81756026,1.161969,0.07162984,0.4989187,0.4142397,0.2469295,0.48143637,0.19903232,0.19519648,0.12332252,0.021033315,0.07641839,0.054931663,0.033708338,0.625582,0.013486565,0.1546152,0.17173861,0.35026667,1.1478765,0.24282426,0.10739056,0.16658029,1.2601361,0.18339357,0.21333718,0.1456074,0.010699373,0.09186286,0.36188355,0.18226543,0.1240716,0.0331677,0.08934176,0.24320123,0.14576997,0.10424189,0.75287366,0.64491904,0.21422194,0.5617261,0.8383459,0.44337258,0.054152064,0.8777547,0.12890515,0.34162802,0.32646707,0.03099814,0.024588078,0.51889044,0.016545972,0.1642435,0.97284806,0.4117497,0.27253175,0.41004515,0.0033432143,0.6809963,0.040739514,0.5123076,0.19454286,0.45591602,0.09463425,0.67726314,0.9012558,1.3561159,1.092724,0.056193076,0.0,0.13402987,0.21880962,0.16180092,0.081297494,0.2738644,0.20988375,1.267148,0.010223239,0.037113212,0.38614506,0.024723489,0.4243846,0.018670572,0.100467466,0.35635054,0.7420441,1.7926244,0.5591947,1.0054988,0.7791666,0.488061,0.8679762,0.8335707,0.025347482,0.09615963,0.29568726,0.3392511,0.74707234,0.15751794,0.052759163,0.32218018,0.32445428,0.92414635,0.029747348,0.5776462,0.00011249757,0.14427675,0.3434499,0.15803944,0.56634593,0.05358985,0.19972846,0.47526076,0.25551635,0.14058225,0.09125935,0.1871075,0.34829658,0.20200819,0.4629305,0.79692507,0.2853818,0.09149906,0.31940067,0.2050569,0.7214331,0.39878717,0.5061861,0.40136668,0.43182975,0.36385843,1.9196594,0.009008911,0.40953273,0.107205465,0.36714745,0.0670048,0.44223893,1.0732355,0.8560156,0.44766727,0.22571556,0.29195312,0.83561134,0.5657912,0.18814757,0.17836411,0.5667361,0.5536842,0.023463625,0.41356993,0.5501036,0.2366271,0.46807578,0.04342613,0.54375124,0.058884177,0.05811856,0.47942814,0.60993135,0.052979086,0.16895881,0.7980046,0.164283,0.65807307,0.101237185,0.3386035,0.7738122,0.3098716,0.5158707,0.78618956,0.3737783,0.06620678,0.2683918,0.11944571,0.45779416,0.5092578,0.27205342,0.010922793,0.87314427,0.1556918,0.002071823,0.033596773,0.30602956,1.2246604,0.31250837,0.5922811,0.08215095,0.040444095,0.06366463,0.6170014,0.35240027,0.66037357,0.7248084,1.122696,0.36378753,0.32897875,0.45751682,1.0050502,1.4310503,0.10323043,0.41679645,0.18554568,0.2835671,0.22420543,0.060475882,0.19073191,0.0072183725,0.06779725,0.24977487,0.18103224,0.10560666,0.08753389,0.05249446,0.22949949,0.5186988,0.68286264,0.42183405,0.58189934,0.37296802,0.28227702,0.38237327,0.05581644,0.36464015,0.5756072,0.08663938,0.53175,0.33286145,0.11989497,0.0016661811,0.20686904,1.4866816,1.0954373,0.13227606,0.0077335294,0.45130366,0.36066288,0.4054736,0.52199274,0.2993803,0.14700618,0.4103789,0.39474165,1.3866334,0.7485406,0.18562505,0.39230695,0.27726543,0.38106078,1.3995701,1.1704773,0.003880482,0.6410423,0.44668242,0.18175945,0.6997845,0.55582625,0.4220295,0.5445816,0.29469758,2.1659694,0.4141841,0.11116497,0.13644698,0.2690495,0.0042745937,0.48352906,0.18531671,0.08826761,0.3985241,0.9837105,0.29259822,0.41007304,0.82915306,0.9074477,1.9967438,0.016115323,0.7929621,0.18244067,0.4922861,0.01562049,1.5303528,0.0,1.4471729,0.31295142,1.7998264,0.3075413,0.21597558,0.5449147,1.2117677,1.2346143,0.38165778,0.4428965,0.14877225,0.43045193,0.8600738,0.6531999,0.712705,0.5344896,0.17205203,0.0,0.0,0.23860104,0.82119954,0.2398785,0.024305996,1.0889904,0.6231514,1.9351515,0.27390137,0.21834934,0.29954633,0.80641913,0.04759918,0.10549505,1.375234,0.49361825,0.5039568,1.3038616,0.33884448,0.082808994,0.35542682,0.7472522,1.7923485,0.52868545,0.012881525,0.4106226,0.4466223,0.49512088,0.39483473,0.7200721,0.121706255,1.819476,0.1480254,0.23027655,0.05371925,0.2749108,0.3362239,0.0,0.043585815,0.23019819,0.085956514,0.40934253,0.2721936,0.036006417,1.0413723,0.41419598,0.22387436,0.43278486,0.3620955,0.23267463,0.0020132293,0.43968675,0.9535978,0.14945738,0.033123378,0.77115023,0.23170258,1.2683076,0.36712834,0.29827845,0.81367576,0.8972001,0.20961536,0.5764785,1.3001622,1.0414492,0.508597,0.34409118,0.4389196,0.19155875,0.6225958,0.37725163,0.016736677,0.21387413,0.78789866,0.252025,0.45815516,0.9657197,0.48244455,0.11351597,1.0840988,0.46006453,0.38352817,0.010818906,0.23668863,0.68709505,0.5172968,0.01403799,0.43457276,0.47509062,0.10005817,0.52060837,0.7104778,0.24038872,0.07774484,0.40839234,0.16194287,0.023661176,0.30362213,0.30502123,0.2747752,1.8907031,0.23385432,0.5553947,0.09467202,0.13456142,1.5644743,1.1355481,0.70602524,0.082786396,0.05314213,0.11518986,0.5766009,0.3527135,0.616654,0.043320507,0.8031421,0.011794046,0.915582,0.73279774,0.12665743,0.6161495,0.0271485,0.78783655,0.09519724,0.080627725,2.387704,0.79817975,0.5259247
0.18223843,0.051503547,1.6203704,0.4758577,0.46340966,0.1919576,0.11712033,0.5849819,0.19436724,0.88314617,0.77557176,0.043674946,0.29809558,0.4087993,0.16082487,0.10287896,1.2451738,0.07599476,1.4445742,0.6698526,0.8418572,0.26452887,0.5973402,0.03646276,0.15045083,0.057925764,0.28407282,0.5725317,0.3159608,0.18729834,0.08007851,0.5760216,0.16492163,1.2650106,0.8040181,0.058847137,0.056841083,1.1257906,1.0595808,0.09146309,0.16009934,0.3494408,0.23323262,1.2059516,0.57025826,0.0156187415,0.14753738,0.45580494,0.39399615,0.15484229,0.3146948,0.27288058,0.042108748,0.15056494,0.02971506,0.05963361,0.11206555,0.5548535,0.16954067,0.43416837,0.08355995,0.13058227,0.40954798,0.5769117,0.03005529,0.5897639,0.17887023,0.13595124,0.33325517,0.118926436,0.07052685,0.6368603,0.25865394,0.02733973,0.16001672,0.162994,0.3667807,0.08052733,0.0595394,0.23720345,0.7574976,0.028753031,0.4113228,0.28706956,0.093558565,0.58459,0.18202114,0.0968989,0.16741385,0.36885327,0.31966466,0.16691491,0.00023822126,0.23958305,0.46082345,1.0613738,0.04890556,0.55691785,0.083618514,0.7534009,0.11549784,0.8767547,0.3802835,0.08573384,0.1166866,0.27705038,0.68388474,0.39984983,0.35262913,0.3355501,0.098772146,0.5316247,0.124274865,0.11882943,0.8601327,1.1809785,0.103385925,0.44325417,0.11024287,0.47866732,0.07625665,0.25104487,0.32803485,0.51853704,0.14592692,0.08619869,0.351695,0.45138147,0.5579363,0.21860363,0.10317378,0.52109736,0.09837665,0.17008147,0.13735928,0.12145049,0.079471305,0.11638914,0.118340984,0.28910094,0.36488548,0.3955626,1.5889772,0.60021234,0.32594025,0.089276955,0.73961574,0.061457172,0.3692001,0.042684224,0.022963233,0.45300195,0.54785097,0.23356164,0.37141764,0.040712304,0.13629797,0.31862628,1.0742375,0.18295962,0.048090678,0.95199,0.67953837,0.1992823,0.06912097,0.13623151,0.38343003,0.43779105,0.12458694,0.27460915,0.08392289,0.4504564,0.48635083,0.19310594,0.10615725,0.192959,0.7432637,0.2936133,0.48759264,0.0943878,1.0177608,0.64818937,0.23520905,0.117121086,0.5662863,0.26299223,0.36676124,0.27883768,0.54285204,0.27488196,0.08783842,1.0805624,0.07436719,0.94502103,0.16119106,0.15450585,1.384486,0.166453,0.48247385,0.08817664,0.31547487,0.109624736,0.34367585,0.4466505,0.27960122,0.027799211,1.6308537,0.33221704,0.19248469,0.11016375,0.23295334,1.3506907,0.34811026,1.2206751,0.42741674,0.627459,0.30298978,0.061893053,0.3080818,0.3911442,0.27512303,0.107932195,0.4892664,0.3844182,0.25970063,0.46477216,0.27964944,0.14756611,0.005878564,0.16858351,0.28561306,0.3849066,0.010432735,0.23180978,0.042647135,0.33498174,0.13409624,1.0725596,0.04500393,1.0181483,0.087815106,0.84534556,0.1310614,0.40106893,0.43845803,0.13007182,0.16638494,0.52562785,0.08029408,0.42721325,0.2348066,0.54041326,0.06717093,0.182165,0.03154709,0.04927686,0.49462658,0.18395047,0.26883346,0.71337336,0.045627482,0.6039314,0.11566825,1.0333099,0.09277489,0.018648539,0.11856553,0.48340762,1.3706641,0.003722208,0.47779256,0.30399495,1.4732292,0.35523885,0.07030728,1.1865988,1.0093737,0.28266126,0.088186115,0.30796772,0.6109292,0.20414394,1.7626193,0.60445154,0.3781998,0.08483854,0.3227877,0.9253917,0.31124195,0.106298506,0.2022753,0.6085725,0.30808002,0.29275894,0.26065415,0.3744414,0.32359028,0.95473015,0.3624332,0.5116515,0.20570982,0.42485178,0.7152597,0.5523695,0.67539024,0.23657331,0.14497714,0.054513216,0.63147557,0.04081694,0.8965627,0.26301673,0.1182885,0.18401907,0.3367113,0.10652375,0.19804731,0.38188645,0.29968652,0.9202193,0.2012876,0.21543539,0.15784991,0.076727636,0.1617486,0.04689997,0.051344465,0.2337037,0.33260474,0.12520051,0.3665697,0.44911385,0.33060837,0.0003851493,0.054119974,1.2213421,0.09844384,0.40381965,0.4689961,0.19533591,0.7518619,0.09112276,0.17163306,0.39344835,0.07152215,0.124100775,0.681584,0.25126112,1.0162089,0.17723231,0.2897598,0.536201,0.007916421,0.12561665,0.18125285,0.009710188,0.41366702,0.011441469,0.11870297,0.48568958,0.17889725,0.29657617,0.07802272,0.32259426,0.10396895,0.34613636,0.04992507,0.59759206,0.00058427564,0.062536,0.45200595,0.07521456,0.25966722,0.114812456,0.124400556,0.30046785,0.47387683,0.056744285,0.13274351,0.34608188,0.19680431,0.20545018,0.26326263,0.08147686,0.019581664,0.500283,0.26818514,0.050447863,0.25581598,0.0859599,0.017135797,0.23449388,0.29119605,0.38687935,0.4075811,0.12956409,0.9309772,0.20488028,0.38116342,0.20369782,0.3876348,0.024041492,0.22869068,0.16905421,0.07376363,0.294854,0.47105268,0.1369654,0.6148576,0.0832913,0.106957324,0.030561738,0.20966633,0.070307195,1.1086675,0.23074088,0.080402575,1.306329,0.3447159,0.06673961,0.004779338,0.683392,0.43518174,0.4615803,0.8339381,0.19619074,0.005042065,0.41131175,0.32883182,0.01963947,0.2959666,0.13000403,0.40236345,0.007576164,0.89410836,0.13320157,0.1280072,0.40068316,0.027319236,0.5836893,0.53770715,0.20940243,0.18005832,0.07815957,0.016290458,0.11320473,0.18448457,0.10128713,0.042105116,0.11541183,0.30143297,0.22237372,0.21969764,0.14338882,0.2620458,0.024435775,0.30646223,0.16520184,0.15733847,0.35022992,0.5899541,0.020643279,0.5319692,0.009361162,0.22030485,0.49397153,0.035094988,0.26652735,0.10099226,0.059084162,0.004979029,0.20726217,0.16981718,0.43221444,0.04416024,1.0862814,0.4298995,0.37909734,0.01034067,0.15401167,0.51392967,0.23101199,0.8533908,0.018250784,0.007749158,0.37554672,0.11526988,0.07903866,0.7247932,0.082846604,0.08902073,0.060819387,0.14802942,0.41542032,0.48822218,0.10992715,0.1359559,0.057575613,0.3939612,1.1653506,0.6974734,0.46684843,0.11427252,0.096083775,0.5509657,0.3406973,0.5002153,0.0048008505,0.46709764,0.15491328,0.2048105,0.33160836,0.4204777,0.05978965,0.21208723,0.10875536,0.042015888,0.49712944,0.10582705,0.344955,0.10042639,0.07342191,0.020033887,0.032716185,0.037856422,0.022854848,0.52173984,0.15579045,0.4362349,0.579393,0.32094947,0.07551021,0.77231705,0.3089543,0.7207071,0.45144302,0.75416696,0.00831496,0.14764212,0.2097526,0.5982751,0.7437105,0.14102125,0.35182709,0.16885301,0.22051291,0.21930361,0.041540843,0.27747124,0.5897522,0.51302075,0.38396934,0.81356204,0.32416087,0.69112027,0.1461484,0.16261579,0.3726657,0.5365063,0.592479,0.17693767,0.20706412,0.053078324,0.6116626,0.5787331,1.2110248,0.7100682,0.2653687,0.7515881,0.57453936,1.0441799,0.04812447,0.4123898,0.036700513,0.8229202,0.48637077,0.06445941,1.0293128,0.6213301,0.35746333,0.20745553,0.3351643,0.12044444,0.070474006,0.0055243587,0.29171187,0.122608766,0.48647502,0.04041028,0.0013890328,0.117332846,0.4980338,0.85918385,0.4313805,0.9822583,1.0211434,0.10178717,0.23627603,0.060030676,0.41025826,0.03791673,0.052714214,0.3349467,0.9967102,0.009996161,0.09681688,0.540026,0.26171228,0.07529282,0.2601813,0.13640882,0.20559855,0.03890356,0.20666738,0.030106962,0.26743937,0.40673912,0.03626804,0.033619594,0.31642917,0.121427715,0.4884341,0.1756158,0.21762016,0.013296768,0.14711162,0.20595944,0.48520157,0.07589548,0.42961866,0.035595804,0.5012375,0.24532607,0.024300102,0.15549248,0.18440363,0.28497562,0.96768284,1.0069377,0.18478797,0.3320254,0.16155228,0.11774367,0.58225477,0.69218487,0.1412555,0.33458608,0.28933126,0.006473435,0.21837524,0.121661745,0.2511201,0.70437074,0.07759887,0.09034116,0.37778342,0.098856345,0.36395302,0.10083711,0.3445689,0.18100187,0.4139087,1.1868541,0.21432935,0.14044404,0.12247008,0.20678061,0.28496304,0.27402064,0.10603451,0.52241886,0.12542851,0.050197963,0.123913415,0.3168738,0.21225047,0.13719614,0.16691758,0.006602307,0.009173788,0.70971847,0.03761183,0.59144807,0.28776368,0.032847237,0.28234714,0.044976078,0.1776658,0.60497075,0.047343433,0.025017066,0.24766986,0.07883866,0.22907037,0.0857029,0.8561809,0.37233394,0.22694339,0.2311856,0.015739735,0.5160241,0.5480362,0.29884487,0.3869158,0.36600715,0.1738064,0.017651344,0.7632867,0.33639053,0.13677065,0.13755444,0.019448819,0.5473008,0.7054179,0.04833826,0.41458133,0.29109305,0.16178834,0.41207278,0.8287605,0.18923026,0.42095074,3.4259698,0.37755844,0.77963024,0.5155672,0.4773388,0.37424082,0.22032684,0.12899385,0.267405,0.19026157,0.5281081,0.09374639,0.040209103,0.7876542,0.23802099,0.085085645,0.12895694,0.10525256,0.0032647997,0.05285301,0.020048076,0.011950065,0.91103446,0.058584157,0.031467497,0.6942743,0.08394298,0.692567,0.043387532,0.13940236,1.109393,0.1250677,0.42951354,0.007618578,0.08503681,0.14113899,0.016579391,0.30898368,0.31047547,0.37021902,0.035205714,0.022673057,0.2514298,0.08710465,0.06886509,0.24881305,0.25605637,0.27728134,0.23104757,0.12701444,0.18091755,0.14175585,0.45240372,0.01686945,0.17507732,0.08304011,0.51202637,0.11871759,0.22570495,0.6414046,0.60452116,0.030020911,0.018288432,0.36316973,0.43195784,0.29984784,0.34641105,0.20385613,0.26834095,0.29158103,0.19544527,0.010461625,0.3392051,0.1832452,0.057618123,0.03320975,0.29811665,0.3137949,0.29112238,0.07392081,0.49333575,0.44572037,0.43826076,0.13412368,0.22556916,0.06693865,0.36291245,0.69041526,0.49091616,0.07158148,0.038156416,0.07814549,0.077648565,0.1445117,0.33469006,0.53815895,0.009575699,0.42750937,0.08065181,0.6212142,0.5086756,0.0002419226,0.1965711,0.059485942,0.16266528,0.034458358,0.9356446,0.4067608,0.05142507,0.8836489,0.4039351,0.081092745,0.3009108,0.21269083,0.11006625,0.17930831,0.20377898,0.13710538,0.36648113,0.49557513,0.092840135,0.20791622,0.010548934,0.77857625,0.055247467,0.18059358,0.30714735,0.52266216,0.24154939,0.14256676,0.10884541,0.6019366,0.5752295,0.0708548,0.096220195,0.48051575,0.14531273,0.26948586,0.25248373,1.7335297,0.52918774,0.67232454,0.15807551,0.3913281,0.08533946,1.2055387,0.51156944,0.17926869,0.03924164,0.12234473,0.13473648,0.22374022,0.062637374,0.04685869,0.1839382,0.15345216,0.11917089,0.065195546,0.20043218,0.11807468,0.12209748,0.40896255,0.10992919,0.12543967,0.27569413,0.06990849,0.6647261,0.38225585,0.0048745954,0.0060365167,0.23751281,0.24421413,0.4260677,0.3542041,0.40329492,0.33848614,0.05280125,0.48744652,0.30444762,0.08128381,0.5409798,0.5425755,0.08042188,0.11713992,0.088776305,0.15367608,0.013251521,0.075377695,0.19065882,0.041807294,0.07781457,0.7266957,0.00755278,0.32604152,0.5796139,0.14823924,0.091973394,0.15241092,0.56313,0.011523455,0.04127875,0.5875523,0.25220865,0.7474034,0.06861512,0.456748,0.11159946,0.16620979,0.08751378,0.22800355,0.50023097,0.059295632,0.638101,0.36371833,0.19896261,0.09018646,0.10264145,0.08144385,0.34961993,0.07232875,0.18324903,0.1451894,0.27442718,0.0051651243,0.13644789,0.12035747,0.07059438,0.37728205,0.34744704,0.42631114,0.14225394,0.49258992,1.1905533,0.4548139,0.7271159,0.28961414,0.12843773,0.19913569,0.76976573,0.39063087,0.42346013,0.034261815,0.3355759,0.2796417,0.000538018,0.1028508,0.058550283,0.7654118,0.1916659,0.18449318,0.5810803,0.2783202,0.053302746,0.9070344,0.49238285,0.046670116,0.07674136,0.5808648,0.25159144,0.35099536,0.35556158,0.0493554,0.16673677,1.3575658,0.020549241,0.6250987,0.086756356,0.03467888,0.0065178713,0.34680748,0.21014675,0.048888206,0.08373763,0.44217223,0.29478118,0.47244918,0.06640497,0.04084048,0.34455878,1.1561676,0.22616571,0.34902504,0.025215577,0.752853,0.26280907,0.21511471,0.15212643,0.21301872,0.14842013,0.15954456,0.24035196,0.14525813,1.4282953,0.13203645,0.015318961,0.025764454,0.17824644,0.34495324,0.10594121,0.20067248,0.0443212,0.1265975,0.30605936,0.2911778,0.026733227,0.05951657,0.18733545,0.06638128,0.3464861,0.5817858,0.10079899,0.14298469,0.7080997,0.39609888,0.555785,0.09073831,0.061703093,0.24126358,0.3669048,0.029424753,0.34249413,0.26194856,0.06037745,0.26893368,0.13517395,0.36759767,0.2395979,0.028518956,0.2993766,0.19645685,0.03710453,0.21020104,0.09800102,0.19743499,0.7798915,0.1759071,0.55306363,0.41446286,0.36846828,0.38795888,0.07313563,0.017961826,0.07388328,0.11327647,0.20524919,0.020255605,0.80149007,0.6055036,0.041903812,0.09005531,0.115656614,0.36016858,0.34054124,0.111623295,0.4511383,0.23531216,0.1759821,0.4575715,0.14647919,0.1695874,0.05603037,0.7763074,0.22516787,0.47530133,0.114825085,0.7357858,0.63709795,0.09290604,0.18985304,1.0543239,0.23362976,0.281483,0.05450488,0.8105984,0.5938317,1.3756831,0.8924315,0.59304655,0.048653014,0.8679769,0.2730955,0.37593138,0.08753203,0.12970898,0.14163643,0.1185079,0.23939553,1.1857224,0.88194096,0.07761311,0.2562772,0.35367796,0.009267451,0.90816617,0.45195284,1.360712,0.44009006,0.490296,0.124355346,0.00017640625,0.18661636,0.5900069,0.56151974,0.029554782,0.20403805,0.37987772,0.32972926,0.48653346,0.380493,0.027654741,1.1450396,0.13063195,0.02657261,0.92078596,0.14340454,0.8063328,0.08047598,0.4768255,0.5910511,0.30005875,0.17587823,0.36923784,0.7780762,0.3015304,0.3309114,0.13171235,0.5806894,0.3857412,0.70056975,0.13058554,0.6850443,0.1984393,0.75249577,0.12799338,0.35470295,0.79543275,0.27060345,0.3221597,0.55026335,0.07926991,0.25773716,0.9084054,0.6564491,0.18578535,0.98856384,0.07957538,0.88440484,0.5041392,0.2696022,0.37873814,0.56952274,0.08408299,0.15259914,0.62972796,0.08647013,0.0,0.12100321,0.3444475,0.047530375,0.1684762,0.19438213,0.24184091,0.60577166,0.32591987,0.04202076,0.5792514,0.08237651,0.014663278,0.04422881,0.6811531,0.5603062,0.66569567,0.61266387,0.6849622,0.40285715,0.6478156,0.17504106,0.14463148,0.37372857,0.07149522,0.9923043,0.003720547,0.40715516,0.35805395,0.12870651,0.9124569,0.2356395,0.16248675,1.0315313,0.03944683,0.6849086,0.1807773,0.030968849,0.54146785,0.102588154,0.3432417,0.29372293,0.027700657,0.7614583,1.062853,0.2861467,0.076454386,0.3355355,0.4046474,0.10876636,0.48865783,0.5032326,0.021394188,0.47924572,0.02520781,0.12088363,0.5393693,2.0207586,0.45696515,0.63209194,0.49166447,0.39436668,0.0,0.39238518,1.2019699,1.4679668,0.76566625,0.78928953,0.057192165,0.18462864,0.31344482,1.1874037,0.44151258,0.36865935,0.1162871,0.77860045,0.07413666,0.113499574,0.009409605,1.2684321,0.19473189,0.5335838,0.1554166,0.010150779,0.5167431,2.6903896,0.12024697,0.4857599,0.097790875,1.0186807,0.70283127,0.27515477,0.8174514,0.025210246,0.6031018,0.11128602,0.6058022,0.1867654,0.0020099797,1.7441001,0.058211964,0.25395325,0.9423524,0.02028645,0.010420332,0.20668739,0.094248265,1.2572088,0.95144045,0.5158782,0.3249259,0.113267876,0.49568254,0.11474244,0.09955968,0.18628186,0.38691273,0.0633591,0.21338505,0.25816888,0.27379334,0.2253316,0.7960933,0.99610853,0.20330429,1.5124311,0.69056046,0.57006747,0.03291785,0.3949896,0.084779434,0.6675609,0.6533506,1.1610814,0.059496373,0.31785685,1.6359885,0.20757064,1.4240668,0.029188681,1.192751,0.20432778,0.6123061,0.15571716,0.80365014,0.6083104,0.50537,0.36741823,0.023089463,0.060566034,0.48822865,0.2778403,0.025637718,0.36866373,0.75157374,0.4587129,0.017738473,0.195728,0.09277361,0.09987945,0.09600659,0.0761034,0.5438433,0.16850954,0.0,0.38055897,0.15226671,0.7767958,0.3542455,0.6933749,0.29803824,0.8318114,1.1809053,0.589934,0.09011207,0.18351854,0.26988396,0.0839373,0.014413382,0.8023268,0.7784512,0.57336426,0.7517211,0.14506203,0.045980368,1.7210537,0.46194687,0.5818105,0.6577754,0.44253892,0.17693222,0.2918319,0.4336236,0.44562435,0.089754455,0.41155896,0.12211953,0.070035905,0.77966547,0.19095165,0.5962982,0.6062748,0.08137579,0.0013607634,0.023657544,0.39869094,0.16248399,0.0049842224,0.049985625,0.7606113,0.5211694,0.67831457,0.09640625,0.6276715,0.47950938,0.42781562,1.1901293,0.4221303,0.4041397,0.29412127,0.0031068283,0.058182936,0.09340289,0.8798691,0.8075336,0.26332328,0.0,0.08197437,0.39152658,0.34993094,0.5192598,0.063000634,0.29837212,0.5682466,0.39090857,0.1510169,1.0576067,0.9770539,0.45964444,0.04382941,0.7354537,0.19496776,0.16531302,0.1699838,0.015790444,0.3809119,0.28227505,0.00023708043,0.45616263,1.0467131,0.35141444,0.40231705,0.09153918,0.24997874,0.33775002,0.18627982,0.5608867,0.89850605,0.09978462,0.25135183,0.39339322,0.8348874,0.75313514,0.24021699,0.046680443,0.40308255,0.4734848,0.11031003,0.050455354,0.86266637,0.3261624,0.9689641,0.29199886,0.24455048,0.20715754,0.2667983,0.078983426,0.41788167,0.43855217,0.63897157,0.28131706,0.0069390326,0.061622437,0.014319401,0.0908712,1.3191115,0.026773965,1.3461319,0.081006415,0.20132399,0.037925467,0.31315523,0.07275822,0.157751,0.26093602,0.05007486,0.24604219,0.008899823,0.00015349912,0.6979681,0.08123797,0.14922774,0.5265472,0.64186287,0.38583484,0.018178526,0.5050622,0.1069906,1.111025,0.14800061,0.35641217,0.20677088,0.29787034,0.24945898,0.27907106,0.061237246,0.28795874,0.1155658,0.108940616,0.7278687,0.8315443,0.22258267,0.21341377,0.63896644,0.40777686,2.225583,0.12824626,0.23096766,0.050042585,0.028298065,0.74977636,0.36225832,0.06270784,0.0012473931,0.40002802,0.006749169,0.17864713,0.06389171,0.15020001,0.01684861,0.34471467,0.03088126,0.0711343,1.1293137,0.16936135,0.028889628,0.26203954,0.12955073,0.88887745,1.1199522,0.43873465,0.26128453,0.7349256,0.3916786,0.7660103,0.11938797,0.1516612,0.032873318,0.7023468,0.08458041,0.5420462,0.70640755,0.24575,0.13370621,0.15657787,0.85687166,0.48602206,0.5710214,0.29600704,0.07711643,0.42482334,0.3345092,0.3972449,0.47472712,0.22720972,0.67974436,0.13009003,0.40321857,0.66854817,0.031280946,0.62570405,0.054627307,0.62971234,0.22674516,0.16882727,0.5777621,0.0002628596,0.835129,0.54925585,0.4042871,0.676896,0.85434973,0.017177803,0.7650473,0.407107,0.5773771,0.007068337,0.17246774,0.12061104,0.121301845,0.47529918,0.7289005,0.1321198,0.13053906,0.21139753,0.0001852147,0.37746972,0.4261602,0.5734199,0.060668044,0.19147971,1.8038292,0.0,0.2309318,1.0199775,1.0309588,0.21469174,1.274188,0.63505995,1.2579697,0.19967227,0.68663895,0.021781363,0.17318359,0.86524177,1.8541185,1.0270735,0.16556658,0.6196986,0.14342445,0.005982411,0.44601166,0.30810714,0.5508548,0.14197862,0.35896352,0.026691398,1.4962986,0.40330234,0.19657868,0.21449324,0.83622026,1.1957871,0.10766774,0.7297174,0.43353438,0.31470105,0.44306907,0.36356807,0.33688855,0.1573411,0.033473287,0.15302521,0.12808388,0.027660381,0.6051252,0.030220002,0.18220368,0.20149866,0.4770902,1.1643739,0.36325055,0.12846734,0.4030854,1.361299,0.27654374,0.31562036,0.25508493,0.08468663,0.070005156,0.67203397,0.26076087,0.10937007,0.07338695,0.12951647,0.30790135,0.15090097,0.11873699,0.9271816,0.7451632,0.19089478,0.35774577,0.9947643,0.585075,0.03953568,1.2538574,0.16579598,0.35082588,0.3633244,0.04097513,0.05853872,0.68503535,0.02340103,0.35024026,1.1039162,0.49008727,0.245758,0.49644572,0.0033429046,0.80508614,0.067001544,0.52649015,0.2663294,0.7268895,0.09927915,0.6411536,0.8632065,1.3988564,1.0738454,0.07973489,9.837546e-05,0.12863341,0.21946454,0.25164446,0.18950629,0.23631006,0.35856837,1.3364697,0.0056387456,0.07311564,0.49832276,0.011584394,0.5287913,0.039266694,0.217143,0.6920345,0.77991515,2.191068,0.7169296,1.347585,1.1446663,0.6030396,1.1115177,0.7325927,0.03700509,0.23429318,0.46984684,0.30563778,0.79944855,0.17509249,0.047601923,0.35097814,0.35328948,1.083215,0.043687977,0.7450119,0.003901117,0.24765122,0.42324707,0.21728623,0.4736004,0.05546412,0.23648567,0.4327296,0.2962734,0.15365618,0.13012946,0.23283072,0.42718127,0.31921363,0.58895445,1.0757027,0.36776358,0.14160453,0.2843804,0.3610889,0.9842216,0.499491,0.47118104,0.57555044,0.47893694,0.35927328,2.158546,0.022695469,0.53124297,0.13341664,0.42281562,0.03153348,0.44720396,1.2734797,0.92765194,0.5078646,0.2507606,0.3118202,0.97780573,0.6344928,0.2681554,0.29872602,0.63778687,0.64425445,0.029312834,0.45511425,0.6667169,0.5144943,0.6278996,0.09113407,0.65733695,0.13397083,0.035161637,0.73478967,0.57334566,0.03173434,0.19724983,0.7137194,0.1705449,0.79726607,0.15688032,0.36403555,0.990248,0.2991684,0.626745,0.6818019,0.36031094,0.078731604,0.34465313,0.17442013,0.61588025,0.51024866,0.38445508,0.080975175,0.9804887,0.36472172,0.020847376,0.10280734,0.28037477,1.3820477,0.38042748,0.72636145,0.20189944,0.14165615,0.0594915,0.6626263,0.3267174,0.8312972,0.87715554,1.1803257,0.39975876,0.2963316,0.6587602,0.94643223,1.4158688,0.10204133,0.43021286,0.1651388,0.35443175,0.19477087,0.11305866,0.13896742,0.010843908,0.07881643,0.27697682,0.22758679,0.12210359,0.11338566,0.18172668,0.33760634,0.450224,0.5704262,0.41414946,0.51825505,0.48148695,0.24726859,0.40884364,0.17312387,0.45536077,0.55755174,0.17159197,0.68646145,0.27274016,0.1080316,0.0024578092,0.3494644,1.5519037,1.2256846,0.18849133,0.00507022,0.4938649,0.38982475,0.50852823,0.5025723,0.27660376,0.15341067,0.40150875,0.35860166,1.2871261,0.6404543,0.16683188,0.41045707,0.28033766,0.40608492,1.273185,1.2004197,0.004694689,0.58838844,0.36021647,0.19383664,0.644907,0.49742383,0.3803305,0.50552756,0.31888434,2.3204613,0.31466022,0.12181544,0.030938528,0.23648828,0.016028108,0.37595698,0.17903931,0.19567052,0.3785629,1.049278,0.18807274,0.33134073,0.884164,0.800657,1.7771196,0.013094693,0.71274894,0.20378059,0.43974108,0.014467901,1.554374,0.0,1.4466244,0.31948328,1.7421567,0.2837386,0.1893622,0.45323077,1.0611429,1.1034458,0.36718813,0.41749603,0.18615301,0.4945801,0.7634291,0.58859366,0.75114,0.35140842,0.1934748,0.0022406306,0.00052293914,0.17399788,0.8234946,0.1667283,0.023071684,1.0454283,0.5606724,1.9962819,0.25932145,0.22023539,0.19686703,0.8240795,0.04705417,0.15715604,1.3912029,0.5024427,0.46832204,1.18027,0.38490602,0.06264292,0.25450146,0.7418674,1.7127168,0.4851063,0.020436898,0.33758044,0.5799272,0.4725168,0.48543453,0.51854897,0.13634329,1.8070371,0.14736256,0.19848405,0.09307183,0.3086504,0.30813187,0.0,0.049296394,0.2113003,0.11843757,0.35790873,0.23607017,0.041962795,0.93901235,0.3701976,0.21127518,0.3960817,0.42226285,0.21130067,0.0065063913,0.36183184,0.7894566,0.0991602,0.0042638457,0.6700784,0.1687091,1.2356969,0.29948097,0.23776728,0.5859024,0.9737219,0.20986563,0.5242549,1.2471064,1.0546072,0.5166316,0.31993893,0.48568016,0.19850624,0.57710695,0.39758697,0.04240811,0.22323877,0.6861588,0.21614252,0.41022092,0.91012007,0.42392558,0.1146907,1.0682266,0.3548329,0.49887574,0.012874517,0.17944676,0.6467998,0.4749932,0.020999556,0.4099623,0.5308947,0.090364605,0.50453293,0.70943296,0.23684973,0.057518624,0.46582898,0.15969685,0.01762398,0.2552555,0.28346157,0.26391363,1.8546056,0.30607784,0.53106844,0.15007803,0.14560986,1.4789526,1.0537359,0.5079895,0.08432327,0.050996773,0.15658838,0.7023555,0.38280624,0.61942893,0.04573361,0.8544335,0.0025518197,0.7507037,0.6768161,0.15755495,0.54830307,0.027959023,0.7956947,0.15240887,0.063666515,2.27983,0.80202943,0.5601533
0.14601587,0.057427865,1.6208117,0.42652327,0.41507363,0.17003958,0.10805033,0.63600355,0.18734618,1.014209,0.71658677,0.019197136,0.26799166,0.4529944,0.1706093,0.09904814,1.2863882,0.09747736,1.5008304,0.6825627,0.82537293,0.30377087,0.6308452,0.036996543,0.15319033,0.07123112,0.28155804,0.58111155,0.2965608,0.17155987,0.08069258,0.5170423,0.16396794,1.2685274,0.75107455,0.08698493,0.03717094,0.9731854,1.1021426,0.102002576,0.16013041,0.32355016,0.22612663,1.1918266,0.59253025,0.0151842125,0.13119191,0.4593596,0.40476418,0.15622517,0.31654733,0.3041614,0.0480044,0.15802924,0.020173555,0.05331342,0.109931074,0.6100786,0.11746299,0.4519791,0.055830784,0.14507098,0.39770088,0.62111247,0.029432697,0.58155686,0.21604413,0.11420267,0.31994534,0.115279466,0.068450294,0.6049951,0.23318663,0.0489766,0.18720302,0.14534518,0.35427272,0.10383909,0.08994168,0.2411261,0.74309826,0.026853044,0.4142203,0.27803704,0.09041192,0.6243118,0.110563114,0.08473438,0.13515133,0.3349997,0.36627674,0.16949274,0.0,0.26682743,0.44711244,1.0655526,0.04594351,0.53862566,0.074509785,0.7750889,0.111850396,0.8702935,0.36377877,0.09433456,0.11496374,0.24671201,0.712228,0.38287345,0.3511206,0.3675211,0.11044201,0.60553664,0.13336319,0.15024745,0.8631213,1.2553811,0.09036693,0.4536834,0.10457386,0.47417742,0.07435852,0.2334618,0.34061983,0.45582134,0.21099922,0.0587083,0.38992018,0.4232743,0.59738183,0.18189062,0.09306393,0.5960824,0.09123388,0.1728392,0.14405303,0.13494018,0.08153273,0.102756746,0.09162243,0.2611595,0.35627854,0.42796063,1.6784387,0.58188295,0.30580008,0.08982853,0.69071543,0.061392814,0.43143827,0.04446349,0.026635107,0.42860574,0.5290266,0.22911873,0.36060467,0.070030265,0.13182583,0.30906883,1.0926969,0.19754271,0.051173486,1.0006766,0.5981833,0.2242724,0.06533383,0.14065771,0.39775646,0.41103896,0.10392964,0.2431682,0.07698606,0.47041512,0.47458512,0.17310405,0.12450595,0.22031303,0.78842545,0.26720357,0.48046237,0.109417304,1.0495216,0.57699704,0.24021618,0.092190914,0.5962672,0.21556386,0.440821,0.24946411,0.5790738,0.25823516,0.101860166,1.0701692,0.06692091,0.92960393,0.14589691,0.13233665,1.3486836,0.2048437,0.4233018,0.082629964,0.28847048,0.106288746,0.25488496,0.45755357,0.2685628,0.018988393,1.6871598,0.3575729,0.21231058,0.14730792,0.2406444,1.3930875,0.3230828,1.1581497,0.46716994,0.6367848,0.3285033,0.07998939,0.29085457,0.40197635,0.2889343,0.101916805,0.4955619,0.36163363,0.26480946,0.45568332,0.25015622,0.17796092,0.006402054,0.16358763,0.2815737,0.31050733,0.008542078,0.23768999,0.043744937,0.30272222,0.1504066,1.0386505,0.03331992,1.0363839,0.114222854,0.84149456,0.15082203,0.3785287,0.48218215,0.12867083,0.14754294,0.5450335,0.08088122,0.44551882,0.21615192,0.5297116,0.068127215,0.1657339,0.01931747,0.043043055,0.41935423,0.20209177,0.27800554,0.71403587,0.054384526,0.53967685,0.096546054,1.0116417,0.12377944,0.025705785,0.13127005,0.4571836,1.3907585,0.0002901721,0.45940942,0.34503484,1.4838853,0.3626635,0.07042736,1.1006055,0.9081304,0.2701766,0.107017025,0.317557,0.6066996,0.13742986,1.7827051,0.52694035,0.3427826,0.08352302,0.3028972,0.9574492,0.37118092,0.121963486,0.14790726,0.6067487,0.28256822,0.26035857,0.24173863,0.34482455,0.33507648,0.87517107,0.3220534,0.5955744,0.1802234,0.43075776,0.6347266,0.61051553,0.6482562,0.2579715,0.15155274,0.062523626,0.54668844,0.0477231,0.90589285,0.2849218,0.07315305,0.14808795,0.3408689,0.10425064,0.21912542,0.37140667,0.32006016,0.9872041,0.21600191,0.19199255,0.17095315,0.09187807,0.10913425,0.031556644,0.027657477,0.17463577,0.36353338,0.16147345,0.3741002,0.43125337,0.24432915,0.00034560397,0.046623617,1.0807172,0.07300692,0.48106152,0.4030093,0.21226501,0.8861001,0.09592751,0.19000489,0.40107614,0.088377856,0.07525638,0.7065741,0.19109616,0.9586595,0.18664773,0.35514176,0.47933042,0.0042146454,0.15875368,0.20259462,0.007934161,0.2617511,0.022970475,0.1222253,0.48675767,0.22331549,0.27965853,0.054427728,0.227212,0.09952511,0.26574627,0.112183996,0.57142794,0.009374459,0.10376534,0.4695056,0.09368656,0.34250227,0.13727367,0.10430774,0.3772356,0.5069245,0.05338809,0.14639935,0.31121734,0.08467023,0.07999771,0.30767414,0.0864258,0.01829945,0.54676396,0.28592408,0.052510787,0.24459058,0.08746846,0.05141971,0.28235626,0.31036976,0.35225883,0.36994857,0.14582716,0.93574345,0.16708675,0.34086198,0.23047327,0.30632508,0.03502084,0.23102698,0.17071846,0.07356558,0.37031502,0.42376268,0.0444339,0.5244703,0.09770323,0.073450565,0.022348864,0.19190045,0.082373574,1.0512538,0.21441738,0.07571791,1.2352434,0.29776323,0.059370384,0.001903079,0.72509027,0.40140748,0.4084721,0.9346441,0.23358251,0.00096221064,0.40736258,0.29946035,0.010756267,0.21839134,0.08772922,0.40290594,0.0,0.9255604,0.102936156,0.07286134,0.37011966,0.03879035,0.53984356,0.5183851,0.17143473,0.14083928,0.074845016,0.07130011,0.114038065,0.17486104,0.07698476,0.017394828,0.13714471,0.30924034,0.19903603,0.19439091,0.1832712,0.2935155,0.05459439,0.37913328,0.1404496,0.109889686,0.3203942,0.58423877,0.034577593,0.5127528,0.015858497,0.19888532,0.42360523,0.046723615,0.20731828,0.101427674,0.042313084,0.0038823555,0.20626475,0.1773217,0.42944175,0.047541447,0.8112793,0.2536142,0.3036266,0.013824299,0.1427161,0.47496277,0.21658266,0.8358796,0.016227175,0.0027862336,0.54506505,0.097313076,0.0826706,0.6312902,0.06378569,0.081262544,0.048151165,0.14074789,0.31102064,0.45424578,0.08746367,0.15454824,0.050386783,0.45555195,1.4566258,0.7384483,0.45161197,0.099107265,0.0641161,0.5672615,0.5264727,0.4435017,0.006691102,0.7610377,0.22092524,0.104932174,0.3703723,0.30135906,0.06764774,0.21930887,0.111905605,0.011767214,0.37805295,0.1226826,0.366232,0.09324023,0.084585264,0.017545857,0.043609224,0.054200456,0.037021425,0.50411946,0.16826636,0.3876802,0.6234268,0.2595131,0.08674367,0.6518251,0.37311536,0.7094846,0.42631426,0.606878,0.008584521,0.24311385,0.18664457,0.6976,0.7829512,0.11220367,0.32528037,0.15124321,0.23201779,0.17103265,0.033300817,0.19493335,0.6111249,0.52516127,0.37602407,1.0242231,0.28078967,0.69991493,0.17633852,0.116075024,0.4377421,0.64557695,0.68440914,0.13480677,0.23307745,0.08343828,0.61179614,0.537452,1.1184838,0.94803834,0.26304302,0.7764041,0.6368277,1.159337,0.06337334,0.40201232,0.023534335,0.658265,0.48738378,0.09968722,1.1364744,0.5715704,0.29849666,0.14970641,0.32731113,0.11266134,0.10388295,0.0,0.27351648,0.11728194,0.49885234,0.034830697,0.00063576293,0.13116348,0.44106194,0.7856573,0.44788164,0.9252025,1.0790536,0.11501891,0.20439276,0.065797254,0.29645714,0.040911295,0.036971103,0.26789674,0.70652807,0.0017996636,0.10340649,0.5938122,0.30375126,0.09404525,0.1794047,0.14571835,0.19353658,0.029143706,0.2061855,0.03993857,0.165412,0.40040013,0.034756474,0.043366767,0.288759,0.11006819,0.5467508,0.13856173,0.21071854,0.014309309,0.14203781,0.1679483,0.49792796,0.055001535,0.3364342,0.03129135,0.48116344,0.24556667,0.028560685,0.12836382,0.17901194,0.2180127,1.083587,1.0334837,0.14922445,0.31369522,0.13860536,0.16926272,0.5621832,0.530027,0.12383084,0.30947983,0.26911917,0.019506123,0.2009131,0.0686312,0.19482547,0.5324396,0.09346187,0.06495248,0.3689375,0.06252398,0.29890734,0.09795998,0.3761556,0.16349897,0.5660764,1.1190069,0.29032475,0.1103377,0.14913532,0.17077295,0.24266887,0.17274001,0.09943456,0.5938662,0.09620345,0.033113997,0.08232794,0.27471346,0.18584827,0.1350302,0.17432337,0.0040509384,0.05534149,0.60627306,0.047985002,0.44517928,0.29593712,0.028676834,0.28379473,0.037590325,0.17546736,0.4778528,0.063519746,0.02087636,0.23664914,0.09359174,0.19795683,0.094786935,0.80840886,0.41581953,0.20014271,0.3313514,0.0056189736,0.5964235,0.4991604,0.30284768,0.4282174,0.312701,0.15259099,0.016018014,0.88968754,0.3085657,0.09500143,0.0972652,0.018580962,0.69921213,0.7162435,0.06942796,0.5265095,0.24927714,0.18460572,0.38311186,0.84028625,0.14360559,0.38764536,3.8068485,0.48391894,0.6897651,0.5424187,0.44947064,0.38770497,0.13807625,0.10916355,0.228008,0.1743571,0.5238267,0.11299593,0.04767085,0.7693502,0.20467901,0.08277326,0.13729447,0.13738447,0.0009974816,0.043219637,0.037066016,0.008690814,0.83468884,0.021215232,0.0066404906,0.6936339,0.10101774,0.4774863,0.046302006,0.08868675,1.1288002,0.12882024,0.4178938,0.008798417,0.14893694,0.14729708,0.03610865,0.3791048,0.3120947,0.31612754,0.033788163,0.025957484,0.21920136,0.08459567,0.06273633,0.13450512,0.28770572,0.22769938,0.17607422,0.12076935,0.11465219,0.117280126,0.43180215,0.019007806,0.3219451,0.056234464,0.60579526,0.08007994,0.16050442,0.6225643,0.58808947,0.053282924,0.007758932,0.2995859,0.45781374,0.33673546,0.2165128,0.2267188,0.29156855,0.33720803,0.13477719,0.0,0.34615004,0.13254876,0.030495305,0.03987003,0.32774997,0.31305772,0.2409629,0.04837828,0.44900104,0.38863844,0.22858429,0.119791076,0.18446669,0.07199414,0.31014276,0.675491,0.44766378,0.07343416,0.007104708,0.053406127,0.08427705,0.12598972,0.27662915,0.54264,0.0068693697,0.40674624,0.069738135,0.5082235,0.5840654,0.0008444832,0.16267972,0.07458595,0.1309342,0.043812,0.8348093,0.40217537,0.09419556,0.87416005,0.4561641,0.07569043,0.32061416,0.1893062,0.074083656,0.19464862,0.19822372,0.10717003,0.404201,0.42502302,0.09958647,0.17846534,0.0081473235,0.7560089,0.0636382,0.14944255,0.35887882,0.713344,0.22544223,0.13674887,0.087472886,0.6168684,0.4635665,0.07608459,0.071969084,0.37466702,0.1719307,0.2167924,0.20045677,1.7091393,0.61193746,0.6457362,0.1518812,0.36742955,0.07627293,1.2492086,0.40794122,0.14199486,0.038418055,0.05790301,0.13367137,0.13988186,0.057515427,0.033570375,0.12373014,0.15253045,0.10980542,0.069732234,0.13554183,0.10945779,0.10980422,0.43035507,0.10511531,0.07719037,0.26856205,0.06436205,0.7326097,0.26211,0.00071363087,0.009141113,0.24330753,0.18615761,0.35923052,0.38656944,0.3619709,0.47403568,0.03769947,0.5444101,0.29249924,0.07432455,0.52862805,0.48603126,0.10241167,0.10467323,0.06583485,0.15520708,0.011448633,0.053163186,0.25788155,0.027958676,0.06257272,0.67683566,0.01960515,0.3084954,0.55317444,0.17532362,0.07768444,0.15432872,0.44801086,0.035751224,0.038175263,0.47047973,0.17903988,0.73066413,0.049888983,0.38944876,0.06891495,0.14693537,0.08606448,0.24719986,0.36250287,0.02497558,0.76561415,0.37607306,0.19087249,0.099066675,0.08642936,0.060748883,0.385373,0.0860407,0.22098908,0.094113685,0.23394147,0.018983549,0.1628921,0.1444675,0.07408585,0.34755975,0.14514855,0.40999344,0.14776582,0.55230975,1.1143028,0.45220816,0.8523557,0.3234911,0.15414363,0.17600793,0.7991555,0.4787285,0.3781438,0.0369201,0.3017021,0.23170939,0.005096046,0.09679995,0.0527375,0.92278814,0.22681132,0.15002784,0.5190551,0.32524362,0.036334626,0.8800911,0.4879853,0.053563543,0.07838463,0.45122838,0.2556156,0.37210113,0.3421924,0.04117748,0.18007615,1.3827401,0.011936429,0.74818397,0.06258857,0.010138531,0.0025713686,0.37033394,0.1994006,0.04678206,0.058170225,0.42874086,0.21907945,0.48774895,0.07903337,0.023592494,0.27006137,1.1050944,0.19166417,0.3008775,0.020662567,0.6607017,0.24594516,0.19914809,0.15777552,0.15855688,0.11773038,0.16376878,0.11385536,0.08199026,1.306895,0.16594344,0.023382924,0.04133828,0.18429483,0.26586473,0.11004352,0.2252708,0.04950095,0.11801387,0.30910555,0.2625023,0.028984442,0.06876938,0.21318376,0.06917254,0.2934399,0.50200456,0.08237542,0.09636358,0.6649927,0.39130652,0.6212608,0.094169386,0.017564995,0.29178947,0.26576114,0.02400341,0.37788248,0.25724497,0.06517379,0.23092979,0.1456105,0.3319987,0.1852723,0.020407088,0.23935962,0.18870817,0.0386929,0.20370477,0.13430879,0.13520536,0.8064226,0.18303627,0.6160983,0.515207,0.3916084,0.44100085,0.09417997,0.0055599664,0.08760813,0.11230206,0.27764696,0.01764879,0.9476679,0.59709144,0.10907477,0.055757087,0.019987233,0.29737163,0.3676112,0.1855353,0.4879598,0.3600754,0.12148018,0.5124589,0.14672282,0.1018392,0.04295438,0.6816118,0.22237551,0.5010354,0.15929234,0.754551,0.6616225,0.079425886,0.15506019,1.0215387,0.21670821,0.29337785,0.06408417,0.85720277,0.60558856,1.3128452,0.85874,0.49017048,0.048433043,1.0473661,0.38797504,0.39021575,0.08037778,0.10356018,0.1643975,0.105921835,0.22595751,1.123769,0.81346726,0.07746945,0.2879144,0.3388294,0.002907141,0.82532144,0.31564134,1.2641563,0.28730643,0.36528796,0.15721637,0.0,0.22236204,0.62301695,0.50157285,0.015842006,0.2896679,0.30627465,0.1469002,0.5502212,0.36182594,0.039899074,1.1390817,0.1678671,0.077175215,0.73457175,0.13045245,0.6511781,0.06437766,0.4620098,0.67380595,0.28984788,0.08442679,0.4260489,0.74640125,0.33443737,0.35680705,0.10415177,0.6130645,0.42548597,0.60896116,0.1050388,0.64009917,0.19201985,0.70080745,0.1292789,0.3611561,0.66090703,0.41777545,0.36628363,0.51194596,0.07693191,0.22003683,0.8742391,0.6209691,0.24506575,1.0733726,0.07598318,0.8963894,0.51377654,0.24469513,0.35656953,0.6337043,0.06949029,0.1406106,0.6888497,0.1128488,0.0,0.07374325,0.28851908,0.04560447,0.22990966,0.16143358,0.31582043,0.6349293,0.3575551,0.028609395,0.6502876,0.10029322,0.0025951564,0.052981284,0.6339854,0.5383386,0.6324354,0.6689735,0.6421561,0.30901605,0.5899718,0.15518755,0.1386472,0.51818234,0.045245536,1.0194917,0.007826712,0.3720287,0.32213134,0.1043664,0.8412448,0.28978595,0.1461854,0.99239033,0.041054443,0.8752371,0.13249427,0.026108224,0.609668,0.08908206,0.37775815,0.2526684,0.03190549,0.70274234,0.961623,0.41524798,0.093021154,0.30032656,0.37838566,0.10658574,0.5389864,0.5567488,0.021207951,0.37639636,0.060255416,0.081891045,0.5162483,1.9670792,0.4217703,0.60390073,0.4358799,0.37774888,0.0,0.41975564,1.3778063,1.2318777,0.79850864,0.70088625,0.052386925,0.1969372,0.35448965,1.2385604,0.4208105,0.3374667,0.13472155,0.6420772,0.09524417,0.11656979,0.024061766,1.3056395,0.15835221,0.5912142,0.15919404,0.0118637,0.53919864,2.6950939,0.12881619,0.51670146,0.093012914,0.90582097,0.6544076,0.27175075,0.7943156,0.020480094,0.59990937,0.12293097,0.54411364,0.23517452,0.0013121621,1.5755085,0.054835156,0.1973894,0.7864706,0.056184713,0.017789567,0.1819962,0.07830932,1.1387864,0.91704893,0.46900237,0.28248632,0.14382711,0.5995594,0.08220076,0.10221672,0.12285002,0.42894217,0.054282647,0.23915261,0.2648825,0.27792898,0.22958563,0.80375206,1.0226057,0.2528569,1.306533,0.51587313,0.51182294,0.051204342,0.38894027,0.08269551,0.7919766,0.6274679,0.91085696,0.07308301,0.29690427,1.6455584,0.31939778,1.3065522,0.007737687,1.1751318,0.16990413,0.64859426,0.2199471,0.8297178,0.62437224,0.40241763,0.18003817,0.026318543,0.040906858,0.51148224,0.26756084,0.038380526,0.28254384,0.7590169,0.5585277,0.011580466,0.16225107,0.10390539,0.04119339,0.11581902,0.10868701,0.58951133,0.19430786,0.0024429096,0.362447,0.12994988,0.80497944,0.45502543,0.62483484,0.32020718,0.7307328,1.0610884,0.48153642,0.07909337,0.16555615,0.24612449,0.057086777,0.011602773,0.6454954,0.59642804,0.45814684,0.8268875,0.23997957,0.068039946,1.7053149,0.41651666,0.56656694,0.71301705,0.4696294,0.23920773,0.3361593,0.3578082,0.51496583,0.14521623,0.4562402,0.1330307,0.07069999,0.65187895,0.16513792,0.63639736,0.5651351,0.08536632,0.0030305395,0.012375097,0.4495235,0.10009098,0.0,0.047459815,0.61101353,0.48727614,0.66464233,0.09158406,0.5866189,0.56343794,0.36539137,1.1179595,0.5434536,0.4106503,0.30498496,0.008847556,0.048951253,0.07605901,0.82872534,0.6638379,0.24201247,0.004429705,0.043710977,0.42456666,0.30431086,0.5342395,0.06268738,0.23092465,0.48590457,0.34022063,0.14818901,0.87319297,1.0923193,0.42088896,0.061351348,0.83617663,0.15276101,0.09440961,0.16017526,0.010558976,0.4236363,0.24953195,0.015077915,0.48709655,0.9321513,0.33732027,0.40549272,0.08372581,0.23742348,0.41108984,0.23557271,0.50695515,0.94709814,0.1283245,0.27463436,0.38243282,0.70817524,0.72701645,0.20154463,0.041722853,0.4914592,0.54274094,0.111138165,0.03142757,0.7518646,0.3058874,0.9550743,0.19769785,0.22627111,0.24149133,0.2190149,0.1357639,0.2315254,0.39458197,0.4736126,0.30706102,0.016339568,0.12288405,0.011051267,0.09830829,1.4340813,0.00798462,1.3812566,0.041740604,0.24699567,0.027704298,0.28863195,0.05564439,0.16544199,0.2911112,0.041554406,0.33603147,0.03942904,0.0010941202,0.62386656,0.10049995,0.10336326,0.47383234,0.62612677,0.348544,0.052592915,0.5487653,0.10747119,0.8848415,0.08634914,0.36622715,0.21747136,0.33242482,0.31217885,0.33548087,0.09560907,0.24715492,0.06812276,0.059218258,0.7893715,0.79562724,0.24729149,0.21177366,0.5615899,0.4165781,2.2119884,0.1367142,0.28813195,0.061434455,0.030753661,0.61114216,0.38070413,0.04809567,0.0013836307,0.31834054,0.0007272144,0.10422402,0.04548284,0.24700382,0.01554149,0.3138516,0.040790778,0.105654314,1.197347,0.1633793,0.032400846,0.24955747,0.06342749,0.73952335,1.0632522,0.3786087,0.2249498,0.73769176,0.42003462,0.78784513,0.13725483,0.06562969,0.029343838,0.75429285,0.14177299,0.56141835,0.7461357,0.22861803,0.16718385,0.099137664,0.7504263,0.45888618,0.5894744,0.30821255,0.058732264,0.54005665,0.35284275,0.38965327,0.46261823,0.18518749,0.6364265,0.14302689,0.42323196,0.6337723,0.03336652,0.6168436,0.1641903,0.65294635,0.20430383,0.15583763,0.6191241,0.0013951887,0.6714337,0.5287297,0.4362713,0.5706191,0.7730646,0.014181652,0.8539301,0.365004,0.4881235,0.020106673,0.24019414,0.07021417,0.06119544,0.44842374,0.6982205,0.13574044,0.13170767,0.26708066,0.007501162,0.4597236,0.3680955,0.62516654,0.071529076,0.14124563,1.6894839,0.0,0.22499783,0.9712249,1.0583594,0.2672382,1.3204564,0.6639923,1.0772504,0.187772,0.67460966,0.03046937,0.2066858,0.7306813,1.7185872,1.0080966,0.1613218,0.5777429,0.10159212,0.0031995128,0.52004623,0.286156,0.46309483,0.14752433,0.31136888,0.037614677,1.5323479,0.38006347,0.19768882,0.16715251,0.9330646,1.1364474,0.19577786,0.7416672,0.4260604,0.35230428,0.40219843,0.43582624,0.28450826,0.19036092,0.01768097,0.09665611,0.05908352,0.02959324,0.5934948,0.026247926,0.11034145,0.18984067,0.422125,1.258777,0.26650977,0.16314125,0.5188557,1.2714744,0.23318544,0.28428614,0.21058004,0.10311034,0.068630725,0.6875318,0.24839967,0.1001496,0.074948475,0.14052613,0.35427785,0.09844834,0.16221939,0.8329741,0.7648096,0.23176178,0.350144,1.0866992,0.49740326,0.05970671,1.1888342,0.20402183,0.3027126,0.30418253,0.03678569,0.093980566,0.6814743,0.0038648213,0.36265272,1.1178524,0.5303676,0.22957662,0.52979136,0.0011186205,0.88039076,0.039307524,0.44358897,0.33103073,0.80741084,0.08489965,0.5438895,0.806692,1.3360342,1.0572112,0.06869508,0.012556655,0.16085553,0.2481712,0.24172927,0.28784704,0.24787767,0.2903937,1.201854,0.001730894,0.12026535,0.5321685,0.006397782,0.59474504,0.04234136,0.17714092,0.62233233,0.6273901,2.261911,0.6653144,1.163543,1.129086,0.49981755,1.0584354,0.6261987,0.014966907,0.29747075,0.42736092,0.30098617,0.77736187,0.1310693,0.027863434,0.35729778,0.34479052,0.9792214,0.03362065,0.7797854,0.000535736,0.20848384,0.4093925,0.20103441,0.4066825,0.07523011,0.29048812,0.4436087,0.25113836,0.17610663,0.057406813,0.22403008,0.52651584,0.34936407,0.63281286,1.0865352,0.3809499,0.112381294,0.26266456,0.2543927,0.9744268,0.41412026,0.47941554,0.4724483,0.52022195,0.3207887,2.1647422,0.028264025,0.52868414,0.16460548,0.38788384,0.026265346,0.46036372,1.2332963,0.84747255,0.55313504,0.20373327,0.35640454,0.9267608,0.7811787,0.1631037,0.2935303,0.6142882,0.57687736,0.014811635,0.45757106,0.602997,0.45627105,0.38493657,0.12909971,0.50948435,0.17894778,0.01224084,0.776761,0.6356832,0.031867824,0.24233645,0.65410125,0.16611299,0.8316923,0.1169831,0.45755547,0.8986519,0.37119904,0.62237895,0.61658573,0.39264905,0.07062163,0.38465607,0.22336034,0.7508231,0.46652365,0.4323914,0.11648675,1.0162625,0.35063553,0.034960955,0.13526553,0.26453173,1.2487928,0.26783943,0.75533354,0.22184096,0.17303789,0.07302396,0.6253319,0.30596977,0.9059355,0.88370514,1.2923818,0.286946,0.22925934,0.7136453,0.9377204,1.3876288,0.14213851,0.47008947,0.1560522,0.30537224,0.10055031,0.16460373,0.17975584,0.0070577664,0.07963163,0.31581533,0.21731701,0.09685944,0.16090775,0.15684845,0.2992308,0.44220665,0.48890805,0.3363288,0.6850717,0.49836662,0.26866058,0.38225782,0.14909968,0.41299933,0.6028234,0.18278633,0.9144784,0.28017467,0.12243387,0.0031287312,0.3499757,1.5609006,1.2571803,0.18478352,0.012075102,0.5011632,0.39237282,0.6139375,0.48640627,0.28863496,0.097292036,0.52029467,0.36141282,1.3037009,0.56726754,0.15353745,0.37948912,0.2315718,0.35745865,1.3317829,1.2377293,0.0036673048,0.70053697,0.4318003,0.15142106,0.62939453,0.45650342,0.289549,0.50953364,0.23813044,2.2073743,0.3484792,0.09449276,0.06573801,0.19496372,0.044466995,0.38920566,0.121081516,0.14223623,0.39981937,0.95280796,0.23647137,0.31430566,0.798249,0.7694429,1.6555684,0.033490866,0.68981737,0.24095616,0.41468108,0.020172207,1.5199142,0.0,1.5185367,0.27658662,1.864062,0.25612763,0.20611997,0.4303673,1.0272293,0.97983664,0.4292806,0.3704286,0.22027418,0.49973214,0.7767386,0.5415487,0.743021,0.43863663,0.17864749,0.004707712,0.0,0.284028,0.8598321,0.122780494,0.025693465,0.9983669,0.59387946,1.9932873,0.2519938,0.21303035,0.20782894,0.8042237,0.05808501,0.17151096,1.433609,0.52099514,0.444879,1.1117213,0.3704191,0.038337957,0.2180473,0.7034067,1.816501,0.57617795,0.024868108,0.2936738,0.50598526,0.5090697,0.41026428,0.50500727,0.14319742,1.7779311,0.12124919,0.22592501,0.12346659,0.26831588,0.19947526,0.0,0.01943431,0.22636509,0.14196263,0.3134988,0.21029915,0.037382208,0.9145082,0.36488926,0.2555294,0.4166611,0.48397732,0.14200196,0.00097039714,0.3844297,0.69023716,0.096266374,0.008019337,0.67128754,0.13859102,1.129484,0.36426777,0.2538026,0.64907396,0.924721,0.17047802,0.5301387,1.256197,1.1117916,0.4477865,0.23600073,0.46298826,0.22607891,0.49207824,0.32309335,0.041125216,0.24041212,0.78109103,0.18829662,0.34656304,0.9460017,0.38387364,0.07558558,0.99743,0.38831735,0.6026703,0.032605663,0.17798495,0.6388541,0.45853627,0.007154079,0.45996884,0.6080046,0.068866976,0.40832525,0.71350104,0.19145247,0.049845543,0.36225677,0.13023447,0.006982378,0.19784032,0.3112334,0.29612327,1.728775,0.29645932,0.49433094,0.15471911,0.13463446,1.4898803,0.9269215,0.4321582,0.08170416,0.05395347,0.18952271,0.7103289,0.38322157,0.5977769,0.041464865,0.8987591,0.006673827,0.7128422,0.7335769,0.15991697,0.5883504,0.033621296,0.75878716,0.10224741,0.040363867,2.2849028,0.91748184,0.5189354
0.15602821,0.086956516,1.6600201,0.45250535,0.5558449,0.12137643,0.12046008,0.772784,0.17639227,1.0774794,0.7093961,0.045189857,0.3467621,0.50002146,0.17704165,0.10233221,1.4166274,0.08235553,1.4771134,0.6527895,0.9394555,0.3430297,0.64067346,0.029797632,0.2015356,0.10982354,0.42163926,0.5530806,0.25116307,0.14002627,0.07985785,0.59028006,0.18727475,1.214607,0.68424237,0.08358735,0.0313973,0.97644854,1.2457194,0.11173391,0.1074506,0.33424085,0.1252683,1.0212405,0.5916473,0.028812928,0.16382515,0.46597946,0.3599213,0.14112228,0.36947542,0.2903166,0.043110155,0.1362397,0.044299565,0.037612084,0.14039972,0.7019042,0.16738382,0.4849915,0.057792615,0.10830748,0.34132487,0.5631641,0.040187623,0.7510091,0.21340889,0.1331691,0.43302637,0.16249348,0.07878282,0.6556153,0.26625395,0.064236864,0.23965265,0.18420884,0.29341677,0.13354915,0.12377843,0.21002014,0.7408997,0.021062534,0.4595704,0.2975558,0.09050736,0.6526395,0.13719988,0.1127768,0.16666898,0.34485424,0.38105932,0.19522795,0.0,0.26228625,0.5907062,1.2124586,0.043614022,0.59094286,0.057056293,0.8112349,0.13465022,0.85707617,0.36155444,0.0899766,0.07450964,0.21314621,0.7481482,0.3907709,0.4873659,0.28642073,0.14430502,0.5663292,0.1509321,0.14899579,0.8537383,1.0910915,0.10305854,0.47951472,0.11727369,0.48163477,0.067317136,0.26540312,0.37580705,0.44452325,0.17704917,0.082890324,0.41057673,0.41586858,0.62881434,0.23503318,0.1685434,0.6636043,0.10490267,0.14289996,0.14082731,0.10977615,0.09774486,0.12260403,0.0893161,0.3148729,0.27831018,0.38088754,1.8792559,0.7777774,0.3264633,0.09302245,0.69469774,0.055665866,0.49642152,0.11860407,0.0279469,0.51251936,0.6343524,0.19084734,0.40170473,0.05243489,0.2549902,0.2802796,1.0099422,0.19639997,0.046070836,0.881985,0.62069416,0.22742754,0.073029645,0.16570568,0.3528322,0.38443083,0.24225837,0.28453815,0.07281407,0.40300438,0.49760514,0.16994217,0.07019065,0.17745449,0.8541918,0.3059157,0.41381395,0.08585286,1.0582035,0.5863645,0.2610463,0.24538314,0.7059915,0.2369227,0.4604894,0.26133057,0.66746956,0.27663442,0.07300032,1.0187094,0.048836134,1.0353808,0.1584178,0.12161979,1.1382296,0.33974916,0.5222694,0.09388684,0.30077103,0.14169323,0.25325614,0.5161215,0.22770002,0.03082016,1.7052145,0.31686854,0.24058895,0.12941504,0.1865557,1.6452194,0.3802291,1.2027758,0.55648255,0.744753,0.42802468,0.13818811,0.32234898,0.45629203,0.29070708,0.10069881,0.4337039,0.3948096,0.28294176,0.42487937,0.27175447,0.19575071,0.007495718,0.2306353,0.20978862,0.3138457,0.017286697,0.30399638,0.05772201,0.29882556,0.15201248,1.220609,0.029159065,1.0584736,0.08422944,0.8074793,0.084017776,0.47146866,0.42770174,0.23150045,0.17122185,0.71864384,0.039786205,0.45328075,0.22707433,0.48461324,0.07888911,0.22186072,0.029801108,0.07095505,0.39176512,0.22104135,0.22475016,0.646778,0.06624411,0.49137372,0.075793564,1.0696008,0.120241016,0.0066628894,0.1236421,0.44229013,1.5507724,0.008083607,0.56693935,0.3689553,1.490122,0.42045337,0.097452275,1.2221438,0.94371164,0.1241819,0.1180982,0.27989525,0.6349234,0.1614804,1.833127,0.51361024,0.396752,0.1076729,0.25602272,1.0135734,0.32291538,0.13622408,0.17860757,0.6068654,0.33404404,0.30964822,0.23710209,0.3912716,0.30325347,0.9327105,0.43528384,0.5366206,0.24126756,0.3979708,0.49870127,0.6024053,0.72147083,0.23437758,0.22248657,0.0754693,0.5226165,0.027307747,0.9942032,0.23124245,0.09256674,0.16883163,0.32473147,0.11315704,0.2344764,0.47688413,0.4590327,0.94752127,0.27090198,0.2791891,0.19694623,0.10035961,0.1702008,0.053282306,0.068674535,0.2125104,0.5479701,0.21519555,0.40670076,0.62173104,0.26173586,0.0012399958,0.02688613,1.1415572,0.20542906,0.50001204,0.49526158,0.22693235,0.7475277,0.08278216,0.24301782,0.43982524,0.07877737,0.13536504,0.9376975,0.20713067,1.2764171,0.21896102,0.3185938,0.44400534,0.0,0.22197771,0.20772515,0.017418435,0.45347166,0.047204368,0.21068832,0.8115637,0.2559673,0.3096743,0.07486691,0.37587166,0.112879425,0.30066454,0.23198043,0.5356799,0.044062946,0.03509434,0.54913974,0.17893207,0.19215134,0.15923323,0.15485261,0.4620274,0.63530385,0.04545203,0.0733912,0.37413827,0.16836894,0.04453278,0.34660977,0.10094231,0.04802988,0.51118886,0.20979315,0.012797496,0.26914498,0.08089228,0.009328708,0.27422732,0.2508842,0.5757762,0.4298609,0.1556135,0.8543185,0.19137408,0.48836386,0.28336182,0.2707384,0.030688645,0.27306324,0.19732,0.12115485,0.47732913,0.5034489,0.093117535,0.32789424,0.0984194,0.09309058,0.04175491,0.21251255,0.054111943,1.2634224,0.28928965,0.072372116,1.2537,0.3042039,0.03125916,0.016071744,0.75427985,0.4147625,0.37788814,1.1158097,0.22513114,0.0006081539,0.58410203,0.29771698,0.032942582,0.23994838,0.12796675,0.424021,0.0011660677,1.1037569,0.10282581,0.12656254,0.5543464,0.028037326,0.57626283,0.52594995,0.2281569,0.16679722,0.07111637,0.12518154,0.11479848,0.26467946,0.060187303,0.0026779585,0.022818308,0.5065988,0.16341454,0.24183813,0.1294179,0.26132137,0.03751,0.41994464,0.112417206,0.14956549,0.45532498,0.6664852,0.043127157,0.53592384,0.035809033,0.13440415,0.42842627,0.09324557,0.28616285,0.06301734,0.053083055,0.0031649852,0.23060593,0.17932308,0.4681818,0.1040113,0.8238579,0.32296905,0.39201015,0.00719767,0.3205674,0.44928408,0.40557444,0.9681404,0.011049809,0.0014433337,0.7392454,0.24736932,0.088748224,0.71259856,0.15588528,0.07375182,0.2614777,0.18869337,0.43026206,0.541443,0.17334715,0.2353043,0.09706855,0.57984275,1.6314671,0.925583,0.5283724,0.11244812,0.032548863,0.4944594,0.7153399,0.41161466,0.0036178865,0.7571424,0.21858922,0.12638818,0.49302644,0.44633645,0.04425501,0.17640716,0.19284154,0.064439,0.6361568,0.22404958,0.39224482,0.078086816,0.124309525,0.010372449,0.09198822,0.040636797,0.016782558,0.5145521,0.18737619,0.31826442,0.82519037,0.4676573,0.14630666,0.99145794,0.36094755,0.9747145,0.43864098,0.7589094,0.014603383,0.39766824,0.25688246,0.75728416,0.75963986,0.037558436,0.40726042,0.3286959,0.24093817,0.1561316,0.03865923,0.28908825,0.7798246,0.6002734,0.59351563,1.3514922,0.36382842,0.5925649,0.13288793,0.12867485,0.5853936,0.7609135,0.780238,0.21228066,0.33773166,0.05791769,0.646806,0.7979444,1.2007573,1.2031741,0.30661678,0.78331065,0.62385494,1.3734443,0.08999814,0.49880275,0.03323726,0.6072232,0.46533066,0.05721204,1.1519243,0.5888593,0.40397257,0.1860636,0.47352183,0.1933832,0.09801015,0.02697629,0.40437126,0.19172317,0.4108499,0.026450332,0.013170494,0.11067538,0.5306275,1.1453815,0.5314876,1.2163776,1.1649574,0.15807132,0.2794925,0.09866887,0.28040248,0.039059967,0.0152514195,0.29713032,1.0046421,0.0021509936,0.11244156,0.88547665,0.4058234,0.066435106,0.22448689,0.09160831,0.30362844,0.038297124,0.36676705,0.045004718,0.2780186,0.40602848,0.0658833,0.036326423,0.35515866,0.11596523,0.6494894,0.18055123,0.18444178,0.0064469976,0.10040787,0.20041284,0.53593576,0.033502527,0.469079,0.040196713,0.5893505,0.3284889,0.032523174,0.2110062,0.1424996,0.3777639,1.4835384,1.1758034,0.20569494,0.36490387,0.11953545,0.15717071,0.7627478,0.47916326,0.18048,0.43643695,0.38002205,0.0007026013,0.19612071,0.16634507,0.35846114,0.5943862,0.14830096,0.109486975,0.26865536,0.055722453,0.25442642,0.077942744,0.5066408,0.15681997,0.8928417,1.2800833,0.42684272,0.2568112,0.17049672,0.25314587,0.20881228,0.25671205,0.10876684,0.65824646,0.15040784,0.046809714,0.07505337,0.2802585,0.30501512,0.20897457,0.2648026,0.01329786,0.051379733,0.7350295,0.04770649,0.47364587,0.206224,0.031536937,0.30636156,0.006149848,0.19536228,0.6011733,0.034161508,0.026169872,0.35176396,0.09044261,0.21011972,0.13107201,1.115546,0.6667271,0.16153908,0.44430864,0.008046927,0.7959197,0.6942073,0.4388179,0.37523293,0.3858974,0.26524022,0.06439819,0.75355434,0.29088277,0.117945656,0.08043946,0.028392177,0.88057715,0.9445148,0.07177296,0.6326862,0.2560528,0.2608809,0.44692305,0.9782303,0.15282667,0.352415,4.1903563,0.5000585,0.64078146,0.6502775,0.47731966,0.42728278,0.25987393,0.12104908,0.2877749,0.28645334,0.6967639,0.16393507,0.099466175,1.1229726,0.27950522,0.15580827,0.15699074,0.33034122,0.0,0.059163183,0.028589454,0.01618704,1.0906348,0.029391265,0.0075113093,0.75504994,0.06125234,0.8034359,0.020621829,0.11512205,1.24367,0.098265186,0.39188433,0.028181948,0.1070534,0.16410562,0.03297571,0.5203918,0.4170966,0.30545607,0.07278828,0.049456935,0.1361163,0.12200149,0.08662023,0.1470548,0.3768528,0.2836087,0.21178523,0.21793461,0.25821838,0.11538659,0.4114287,0.023577798,0.40452826,0.06945263,0.61671907,0.09021826,0.14516991,0.63558733,0.66471493,0.06625815,0.030413592,0.3329907,0.4841429,0.49242374,0.536707,0.1307793,0.27312666,0.32730436,0.27669114,0.0047455695,0.38277102,0.13902296,0.021204215,0.038089044,0.31472003,0.20701574,0.33802962,0.013777999,0.5976853,0.40362716,0.5635966,0.09922313,0.18473944,0.069828175,0.2773759,0.6763257,0.46721473,0.09881036,0.019330373,0.06166971,0.10595562,0.13675289,0.3621024,0.7948691,0.046275273,0.5410857,0.0981439,0.64812475,0.5899805,0.015449838,0.24235637,0.081342876,0.123475276,0.0684726,0.97408044,0.4692943,0.025775213,1.0769157,0.46175888,0.10038319,0.2918097,0.2371673,0.16367853,0.19608687,0.20522706,0.14078036,0.4208286,0.6027358,0.08143594,0.13608836,0.02360495,1.0617381,0.05229608,0.2206945,0.34460706,0.83495384,0.23301244,0.10570735,0.120752774,0.6429639,0.35326225,0.011215226,0.09354347,0.4758823,0.23225458,0.34600693,0.1602562,1.6158464,0.8718319,0.69689775,0.17856511,0.45469582,0.12439646,1.4753076,0.47295937,0.17278406,0.021214897,0.14571775,0.15161124,0.17102309,0.0382007,0.091819935,0.16253175,0.11974704,0.063188374,0.06114719,0.24130023,0.15152371,0.07979038,0.47975898,0.13436985,0.15519649,0.31438822,0.10057848,0.74763167,0.5475212,0.0,0.023691848,0.41357362,0.2067484,0.46529007,0.5754707,0.36476475,0.4052531,0.021812221,0.57262623,0.3123434,0.07390082,0.5577084,0.5585264,0.13142893,0.06939383,0.09169793,0.2245658,0.008596944,0.09082976,0.37797564,0.031972654,0.1383663,0.59982663,0.009606345,0.32873905,0.6273687,0.19600534,0.19655862,0.054744065,0.634399,0.0368815,0.059600014,0.7520392,0.21211123,0.72242665,0.037813444,0.5092976,0.07077612,0.11715444,0.05655353,0.3680973,0.41648492,0.037755117,1.024651,0.3416438,0.25358883,0.16375679,0.08608553,0.0950012,0.39719677,0.08774669,0.28675485,0.25908464,0.17952532,0.0030577893,0.19802968,0.14583933,0.083876014,0.46706897,0.35298872,0.520136,0.08032522,0.44336334,1.2768621,0.54620695,0.9626727,0.48188835,0.12865879,0.15953425,0.83883,0.5959933,0.4300056,0.02666295,0.34700602,0.21203676,0.00807152,0.06235206,0.064299345,0.9642829,0.3564726,0.20082153,0.45660722,0.4033671,0.023926817,0.8959247,0.41287243,0.0412158,0.05300189,0.50788975,0.24308911,0.43255734,0.26666537,0.040591147,0.22411183,1.6475499,0.02411228,0.94626474,0.06978526,0.025411742,0.0006348743,0.48951072,0.19908483,0.052003108,0.098246574,0.47612584,0.3770436,0.5230675,0.030917153,0.054126833,0.324098,1.1539927,0.21500856,0.36110908,0.01895469,0.89380515,0.18790299,0.40925685,0.1957129,0.23480207,0.25280344,0.21357195,0.1672079,0.13773948,1.3947607,0.27094448,0.05701617,0.09953003,0.24427697,0.412579,0.121308595,0.2106541,0.06505956,0.08960699,0.3464255,0.24190348,0.017090967,0.19326407,0.12736022,0.05802828,0.30590641,0.5482827,0.1048303,0.1534363,0.7525996,0.5548953,0.6486032,0.13353218,0.033633012,0.33689988,0.22659826,0.068342805,0.38752654,0.2812171,0.08575064,0.32531422,0.23827583,0.33944297,0.20610102,0.016712321,0.26495957,0.30165368,0.05921614,0.28528288,0.21300729,0.09866026,0.8114685,0.25569573,0.5859395,0.6129271,0.5245868,0.57209754,0.09558906,0.007665887,0.15018992,0.09053749,0.37192878,0.03751248,1.3272388,0.7115318,0.124304,0.10291584,0.043014333,0.3485379,0.3787331,0.19199398,0.45738325,0.41707647,0.11847737,0.5237148,0.16722125,0.18060839,0.025185931,0.8633287,0.22403401,0.5035276,0.18215197,1.0503342,0.7166175,0.086437576,0.16966827,1.0451641,0.16191381,0.1463704,0.10816806,1.0979834,0.6684198,1.1498888,0.9472947,0.5422402,0.017732231,0.9229729,0.44275945,0.43999985,0.03231012,0.040892474,0.051001128,0.08010274,0.27670202,1.1760645,1.0258648,0.085121,0.23218244,0.35937,0.0055729286,0.7258022,0.2819084,1.163171,0.22539835,0.5024297,0.11774766,0.0,0.20235278,0.75580263,0.4436542,0.028376296,0.371001,0.31893373,0.168756,0.5577922,0.16748928,0.034812428,0.952077,0.22909018,0.059818648,0.6291077,0.12702799,0.5701171,0.05129037,0.1416927,0.5438243,0.24030477,0.12846398,0.26006958,0.6935604,0.37460396,0.3589965,0.061301235,0.8170787,0.49001187,0.7466177,0.18146451,0.72686136,0.06625718,0.6364093,0.043852188,0.2982041,0.6518874,0.2952417,0.29318607,0.5291586,0.13719669,0.33328414,0.9108356,0.6207062,0.19545764,1.109144,0.08230917,0.8287791,0.612656,0.22041893,0.3523844,0.9211371,0.07254056,0.18199563,0.6538986,0.1516533,0.0,0.021319583,0.30459934,0.05827979,0.26953095,0.13056678,0.26294705,0.44577903,0.2843551,0.0062751533,0.56521034,0.056259353,0.016870124,0.005391607,0.7473885,0.47516268,0.94146466,0.5871333,0.6947793,0.21154898,0.59350294,0.19380432,0.17064656,0.29586,0.0683561,1.1797352,0.008694968,0.36568433,0.34701067,0.230976,1.0961701,0.27228242,0.1484926,0.8771816,0.04389224,0.61014426,0.14198926,0.02125082,0.7451788,0.029391177,0.49028277,0.13292742,0.004122968,0.8375021,1.0600474,0.23373923,0.16099466,0.2605522,0.3585959,0.04771832,0.47887588,0.41099483,0.030573871,0.34701288,0.033561625,0.10466039,0.63803905,1.8628687,0.38416407,0.5999242,0.46848172,0.23550436,0.0,0.35694528,0.9599378,1.1166933,1.0736568,0.8165885,0.054149587,0.108829394,0.42965066,1.0948764,0.5380218,0.32557285,0.12654124,0.78163886,0.049444422,0.25563762,0.031383194,1.1400136,0.1283583,0.4241025,0.1070174,0.011921177,0.5460058,2.7318048,0.19641644,0.43447852,0.15227875,0.92032874,0.55169207,0.32200885,0.6251291,0.051069327,0.45335186,0.11599535,0.85662264,0.15669397,0.0,1.646712,0.106317565,0.2718013,0.8858719,0.01757463,0.0041063693,0.18582314,0.10222955,1.3366311,0.7558508,0.4064079,0.33203304,0.1707539,0.6171337,0.14032781,0.036000617,0.1690825,0.44109187,0.042187557,0.20426886,0.31190753,0.21355836,0.21134284,0.9110002,0.91269886,0.372782,1.228295,0.53044677,0.46724218,0.06099449,0.44894072,0.09312105,0.6998925,0.49324036,0.62427473,0.0078215515,0.33086067,1.006853,0.23304811,1.1650121,0.018359542,1.0086029,0.22192764,0.4162713,0.086805195,0.84186816,0.40613204,0.4314129,0.22458763,0.017114922,0.035803303,0.5111159,0.3125782,0.034612086,0.29694563,0.71808004,0.64515626,0.017459944,0.04510958,0.07989423,0.04657177,0.09493379,0.12689093,0.7424189,0.08945614,0.006817146,0.21412179,0.12379691,0.7115347,0.46048823,0.7361211,0.29412705,0.77034754,1.1496459,0.58177984,0.044546366,0.25581694,0.23006356,0.046364993,0.036280643,0.57071805,0.6555909,0.45546106,0.88761514,0.045341074,7.1059476e-05,1.5134723,0.53637964,0.72008276,0.5517434,0.39899713,0.18368435,0.17816149,0.30011654,0.57814854,0.14509204,0.51415133,0.074217625,0.06105427,0.5257635,0.18773684,0.6013097,0.50565225,0.07926814,0.004824919,0.02191389,0.51121205,0.10122357,0.011310233,0.096286565,0.60623646,0.48201725,0.78039426,0.11199144,0.7102614,0.4991594,0.1767709,1.2651178,0.64377266,0.47951096,0.25544247,0.015825465,0.13260567,0.042384565,0.8118029,0.66436887,0.30292204,0.011340847,0.029564876,0.27445608,0.24325013,0.49427113,0.11073482,0.25797558,0.57505715,0.3652736,0.19453838,1.0133613,1.0199703,0.37614542,0.058533624,0.7765238,0.1523432,0.09577958,0.073840186,0.0016438159,0.47496766,0.3226478,0.0023740008,0.51741064,1.0260398,0.33224246,0.5850034,0.070229545,0.21874987,0.21127552,0.23332681,0.3468266,0.8913283,0.16476423,0.37898865,0.4400289,0.73900473,0.8053738,0.30209455,0.074929,0.31281364,0.45829043,0.04121669,0.023875933,0.8551084,0.24965939,0.7056744,0.25717092,0.22803466,0.24747033,0.12417662,0.15805072,0.27069396,0.35639602,0.5197029,0.23108193,0.0113669,0.1359391,0.030105824,0.113499366,1.4234456,0.0031444812,1.3452147,0.04891128,0.41033712,0.089030504,0.34978768,0.07291732,0.17845327,0.21085075,0.006814316,0.36390853,0.06139013,0.0,0.5521722,0.09543556,0.12962735,0.3818566,0.616989,0.4988417,0.09082828,0.49762318,0.11391048,0.857416,0.04645718,0.3143827,0.18379313,0.24911663,0.22882888,0.38591218,0.091191724,0.3661934,0.06609928,0.04039687,0.69280696,0.64075726,0.19955501,0.23170997,0.5835364,0.39900732,2.2110355,0.104066476,0.1383795,0.03578694,0.06308752,0.5422319,0.35611522,0.031783298,0.039625816,0.34425128,0.010519087,0.11458118,0.034898326,0.15526365,0.012369017,0.14761433,0.03562294,0.18420808,1.2848955,0.15942901,0.03392237,0.27442816,0.059837744,0.9073045,0.81570864,0.35382628,0.19829361,0.56215835,0.48983002,0.8652509,0.14116704,0.085023984,0.07257478,0.57041186,0.09877828,0.4870796,0.86930805,0.35777563,0.16786793,0.086730756,0.81066215,0.36633718,0.6519917,0.1506734,0.057426434,0.6006595,0.24956474,0.38840288,0.38178828,0.3627871,0.44597584,0.17163318,0.38984686,0.6194013,0.014926556,0.61475354,0.060645796,0.60914135,0.19781922,0.19352368,0.43690404,0.0048449347,0.62632835,0.46792156,0.22644736,0.632216,0.7935941,0.026929246,0.780516,0.30229232,0.3282051,0.010768441,0.251394,0.13691677,0.12240349,0.5315586,0.6984849,0.044896588,0.06829263,0.2279928,0.013158191,0.15805846,0.1667161,0.7176845,0.14602785,0.09882111,1.9925444,0.0,0.1778823,1.2239887,0.8659064,0.34267634,1.1854835,0.52223855,1.0421236,0.19992307,0.4827267,0.031064942,0.1172459,0.83918285,1.7650028,0.9406571,0.14620855,0.5779666,0.17198864,0.0,0.55007863,0.38016167,0.4105472,0.12943502,0.35325488,0.068404794,1.4763284,0.24877301,0.13832025,0.18888363,0.85050285,1.095108,0.18552521,0.7896527,0.4732113,0.4986668,0.37138462,0.239802,0.3266138,0.16688775,0.010902135,0.15490077,0.07741483,0.026315346,0.4882657,0.021057092,0.08747807,0.180669,0.37629473,1.0241251,0.24058174,0.10390046,0.45589957,1.2192566,0.2466945,0.31686127,0.20372452,0.09717989,0.12783137,0.50299215,0.43960255,0.11072548,0.21393913,0.032193188,0.3851061,0.060156636,0.03947624,0.9710515,0.8012157,0.31033033,0.338793,0.8163027,0.7869109,0.06305261,1.4060127,0.22678955,0.3020875,0.2288291,0.030258428,0.08462903,0.6430367,0.0022455358,0.46804643,1.0115519,0.41470948,0.21742716,0.5515711,0.0008439247,0.7994739,0.020125989,0.41130346,0.13939796,0.7233728,0.13484348,0.58208764,0.69363725,1.0644591,1.0561793,0.07175766,0.0,0.14128819,0.22034504,0.2144858,0.3483061,0.20811346,0.3712295,1.2667732,0.0035895891,0.12390381,0.5467992,0.0,0.687276,0.06683509,0.17442447,0.60296106,0.6617914,2.337622,0.60213864,1.110456,0.96200705,0.34893084,1.0658417,0.6882027,0.018984947,0.2403197,0.22117239,0.47288543,0.5811076,0.11576561,0.035076853,0.49020126,0.41071543,0.7696328,0.023869656,0.8717491,0.0014478248,0.14684552,0.3313333,0.205476,0.37822348,0.06157114,0.27558994,0.31157884,0.30205005,0.1548526,0.09401849,0.06689273,0.4154355,0.45835713,0.88210225,0.9704132,0.39593327,0.09018119,0.27457297,0.32245633,0.79290915,0.34417593,0.52081716,0.43222335,0.4215728,0.24932313,2.1359684,0.016151575,0.39505136,0.13722686,0.4072014,0.0512994,0.33323503,1.2064888,0.850425,0.53567904,0.27067983,0.38424343,0.9617015,0.31551814,0.1515317,0.13929889,0.6633414,0.7149786,0.037131686,0.4589537,0.5180905,0.49706918,0.36044097,0.121794686,0.58716404,0.064489804,0.08823581,0.9331745,0.6179784,0.0,0.23448086,0.5602778,0.13561177,0.7966423,0.05061011,0.2964084,0.73420304,0.4916808,0.7949621,0.5998945,0.50584185,0.02165623,0.54516345,0.21775255,0.7487862,0.40545332,0.5106926,0.052586585,0.87958413,0.25959522,0.08307777,0.10513546,0.23777762,1.0038251,0.22893363,0.8530696,0.18216345,0.08603558,0.023558576,0.732898,0.34656703,1.1145914,0.7998968,1.2521999,0.33324528,0.27387154,0.6642488,0.96011126,1.2679554,0.09918718,0.45990962,0.1670317,0.2375284,0.017812673,0.16427854,0.13156036,0.0068984004,0.10888099,0.24215789,0.28669897,0.06857832,0.103707656,0.021535305,0.31365103,0.3350098,0.51785845,0.38171723,0.8172199,0.61488163,0.17597052,0.32795918,0.16824281,0.40999454,0.4594138,0.43350336,0.53050923,0.41591668,0.16492198,0.0014232538,0.16411172,1.2819839,1.062926,0.19217706,0.043702316,0.5501212,0.3627418,0.5740811,0.47138152,0.30138892,0.08557992,0.45637077,0.38236737,1.3742776,0.5476271,0.0638893,0.4030212,0.22116014,0.42013314,1.3364204,1.0710742,0.04808364,0.59343266,0.4699059,0.118907586,0.6535157,0.61352074,0.42401287,0.656731,0.3762304,2.131946,0.21199492,0.04607383,0.13432324,0.2748864,0.05749819,0.4974865,0.17212978,0.085374735,0.35828254,1.0518126,0.2468266,0.3197227,0.74517274,1.1141014,1.5856838,0.049449325,0.66625154,0.20736799,0.48763758,0.012224389,1.8604786,0.0,1.6425052,0.39566886,1.8793426,0.3829938,0.38976806,0.5121417,1.106875,0.946493,0.5230679,0.49621361,0.2784316,0.49168083,0.86552405,0.5055728,0.7321305,0.3288895,0.21741623,0.001508741,0.0,0.26230717,0.8475457,0.17150064,0.032333307,0.9486574,0.60942376,1.8492634,0.23150934,0.24569318,0.30326617,0.88705766,0.025624894,0.28237474,1.4245214,0.4348676,0.4027364,1.2691479,0.42098907,0.068901174,0.18194717,0.54476094,1.7865775,0.74554634,0.018043078,0.36702824,0.54969347,0.61897624,0.47433287,0.5464889,0.24305597,1.8017132,0.19128172,0.1435483,0.1491405,0.31711793,0.20570979,0.0,0.11165263,0.26035726,0.14731167,0.27331996,0.24386783,0.024338758,1.0924456,0.4645234,0.24138217,0.38948113,0.57947016,0.14840075,0.012594793,0.5455252,0.7679564,0.09429407,0.017355785,0.7264152,0.15074301,1.2628148,0.53816676,0.3776458,0.8290645,0.78193796,0.17999041,0.5896009,1.561314,1.2016345,0.48023412,0.16084255,0.54121226,0.15214644,0.32499367,0.37835464,0.022643968,0.3970575,0.6920222,0.40815896,0.38164622,0.8401749,0.41826278,0.24456769,1.045443,0.3428362,0.646436,0.011522442,0.20508927,0.6950872,0.48228744,0.03529734,0.44765854,0.5585815,0.0648906,0.3308633,0.89587075,0.1065505,0.05909739,0.3544899,0.16440827,0.00905777,0.2503149,0.24811599,0.3424645,1.9151983,0.24446747,0.5562629,0.13870364,0.054914154,1.6814239,1.1198595,0.7507427,0.04939224,0.06218052,0.09687802,0.8444524,0.38841796,0.6485118,0.05494147,0.87944365,0.022705615,0.74131256,0.71444607,0.17713344,0.6090617,0.032402497,0.75182474,0.098058455,0.06633042,2.4950862,0.9602634,0.5595643
