0,1,2,3,4,5,6,7,8,9,10,11,12,13,14,15,16,17,18,19,20,21,22,23,24,25,26,27,28,29,30,31,32,33,34,35,36,37,38,39,40,41,42,43,44,45,46,47,48,49,50,51,52,53,54,55,56,57,58,59,60,61,62,63,64,65,66,67,68,69,70,71,72,73,74,75,76,77,78,79,80,81,82,83,84,85,86,87,88,89,90,91,92,93,94,95,96,97,98,99,100,101,102,103,104,105,106,107,108,109,110,111,112,113,114,115,116,117,118,119,120,121,122,123,124,125,126,127,128,129,130,131,132,133,134,135,136,137,138,139,140,141,142,143,144,145,146,147,148,149,150,151,152,153,154,155,156,157,158,159,160,161,162,163,164,165,166,167,168,169,170,171,172,173,174,175,176,177,178,179,180,181,182,183,184,185,186,187,188,189,190,191,192,193,194,195,196,197,198,199,200,201,202,203,204,205,206,207,208,209,210,211,212,213,214,215,216,217,218,219,220,221,222,223,224,225,226,227,228,229,230,231,232,233,234,235,236,237,238,239,240,241,242,243,244,245,246,247,248,249,250,251,252,253,254,255,256,257,258,259,260,261,262,263,264,265,266,267,268,269,270,271,272,273,274,275,276,277,278,279,280,281,282,283,284,285,286,287,288,289,290,291,292,293,294,295,296,297,298,299,300,301,302,303,304,305,306,307,308,309,310,311,312,313,314,315,316,317,318,319,320,321,322,323,324,325,326,327,328,329,330,331,332,333,334,335,336,337,338,339,340,341,342,343,344,345,346,347,348,349,350,351,352,353,354,355,356,357,358,359,360,361,362,363,364,365,366,367,368,369,370,371,372,373,374,375,376,377,378,379,380,381,382,383,384,385,386,387,388,389,390,391,392,393,394,395,396,397,398,399,400,401,402,403,404,405,406,407,408,409,410,411,412,413,414,415,416,417,418,419,420,421,422,423,424,425,426,427,428,429,430,431,432,433,434,435,436,437,438,439,440,441,442,443,444,445,446,447,448,449,450,451,452,453,454,455,456,457,458,459,460,461,462,463,464,465,466,467,468,469,470,471,472,473,474,475,476,477,478,479,480,481,482,483,484,485,486,487,488,489,490,491,492,493,494,495,496,497,498,499,500,501,502,503,504,505,506,507,508,509,510,511,512,513,514,515,516,517,518,519,520,521,522,523,524,525,526,527,528,529,530,531,532,533,534,535,536,537,538,539,540,541,542,543,544,545,546,547,548,549,550,551,552,553,554,555,556,557,558,559,560,561,562,563,564,565,566,567,568,569,570,571,572,573,574,575,576,577,578,579,580,581,582,583,584,585,586,587,588,589,590,591,592,593,594,595,596,597,598,599,600,601,602,603,604,605,606,607,608,609,610,611,612,613,614,615,616,617,618,619,620,621,622,623,624,625,626,627,628,629,630,631,632,633,634,635,636,637,638,639,640,641,642,643,644,645,646,647,648,649,650,651,652,653,654,655,656,657,658,659,660,661,662,663,664,665,666,667,668,669,670,671,672,673,674,675,676,677,678,679,680,681,682,683,684,685,686,687,688,689,690,691,692,693,694,695,696,697,698,699,700,701,702,703,704,705,706,707,708,709,710,711,712,713,714,715,716,717,718,719,720,721,722,723,724,725,726,727,728,729,730,731,732,733,734,735,736,737,738,739,740,741,742,743,744,745,746,747,748,749,750,751,752,753,754,755,756,757,758,759,760,761,762,763,764,765,766,767,768,769,770,771,772,773,774,775,776,777,778,779,780,781,782,783,784,785,786,787,788,789,790,791,792,793,794,795,796,797,798,799,800,801,802,803,804,805,806,807,808,809,810,811,812,813,814,815,816,817,818,819,820,821,822,823,824,825,826,827,828,829,830,831,832,833,834,835,836,837,838,839,840,841,842,843,844,845,846,847,848,849,850,851,852,853,854,855,856,857,858,859,860,861,862,863,864,865,866,867,868,869,870,871,872,873,874,875,876,877,878,879,880,881,882,883,884,885,886,887,888,889,890,891,892,893,894,895,896,897,898,899,900,901,902,903,904,905,906,907,908,909,910,911,912,913,914,915,916,917,918,919,920,921,922,923,924,925,926,927,928,929,930,931,932,933,934,935,936,937,938,939,940,941,942,943,944,945,946,947,948,949,950,951,952,953,954,955,956,957,958,959,960,961,962,963,964,965,966,967,968,969,970,971,972,973,974,975,976,977,978,979,980,981,982,983,984,985,986,987,988,989,990,991,992,993,994,995,996,997,998,999,1000,1001,1002,1003,1004,1005,1006,1007,1008,1009,1010,1011,1012,1013,1014,1015,1016,1017,1018,1019,1020,1021,1022,1023,1024,1025,1026,1027,1028,1029,1030,1031,1032,1033,1034,1035,1036,1037,1038,1039,1040,1041,1042,1043,1044,1045,1046,1047,1048,1049,1050,1051,1052,1053,1054,1055,1056,1057,1058,1059,1060,1061,1062,1063,1064,1065,1066,1067,1068,1069,1070,1071,1072,1073,1074,1075,1076,1077,1078,1079,1080,1081,1082,1083,1084,1085,1086,1087,1088,1089,1090,1091,1092,1093,1094,1095,1096,1097,1098,1099,1100,1101,1102,1103,1104,1105,1106,1107,1108,1109,1110,1111,1112,1113,1114,1115,1116,1117,1118,1119,1120,1121,1122,1123,1124,1125,1126,1127,1128,1129,1130,1131,1132,1133,1134,1135,1136,1137,1138,1139,1140,1141,1142,1143,1144,1145,1146,1147,1148,1149,1150,1151,1152,1153,1154,1155,1156,1157,1158,1159,1160,1161,1162,1163,1164,1165,1166,1167,1168,1169,1170,1171,1172,1173,1174,1175,1176,1177,1178,1179,1180,1181,1182,1183,1184,1185,1186,1187,1188,1189,1190,1191,1192,1193,1194,1195,1196,1197,1198,1199,1200,1201,1202,1203,1204,1205,1206,1207,1208,1209,1210,1211,1212,1213,1214,1215,1216,1217,1218,1219,1220,1221,1222,1223,1224,1225,1226,1227,1228,1229,1230,1231,1232,1233,1234,1235,1236,1237,1238,1239,1240,1241,1242,1243,1244,1245,1246,1247,1248,1249,1250,1251,1252,1253,1254,1255,1256,1257,1258,1259,1260,1261,1262,1263,1264,1265,1266,1267,1268,1269,1270,1271,1272,1273,1274,1275,1276,1277,1278,1279,1280,1281,1282,1283,1284,1285,1286,1287,1288,1289,1290,1291,1292,1293,1294,1295,1296,1297,1298,1299,1300,1301,1302,1303,1304,1305,1306,1307,1308,1309,1310,1311,1312,1313,1314,1315,1316,1317,1318,1319,1320,1321,1322,1323,1324,1325,1326,1327,1328,1329,1330,1331,1332,1333,1334,1335,1336,1337,1338,1339,1340,1341,1342,1343,1344,1345,1346,1347,1348,1349,1350,1351,1352,1353,1354,1355,1356,1357,1358,1359,1360,1361,1362,1363,1364,1365,1366,1367,1368,1369,1370,1371,1372,1373,1374,1375,1376,1377,1378,1379,1380,1381,1382,1383,1384,1385,1386,1387,1388,1389,1390,1391,1392,1393,1394,1395,1396,1397,1398,1399,1400,1401,1402,1403,1404,1405,1406,1407,1408,1409,1410,1411,1412,1413,1414,1415,1416,1417,1418,1419,1420,1421,1422,1423,1424,1425,1426,1427,1428,1429,1430,1431,1432,1433,1434,1435,1436,1437,1438,1439,1440,1441,1442,1443,1444,1445,1446,1447,1448,1449,1450,1451,1452,1453,1454,1455,1456,1457,1458,1459,1460,1461,1462,1463,1464,1465,1466,1467,1468,1469,1470,1471,1472,1473,1474,1475,1476,1477,1478,1479,1480,1481,1482,1483,1484,1485,1486,1487,1488,1489,1490,1491,1492,1493,1494,1495,1496,1497,1498,1499,1500,1501,1502,1503,1504,1505,1506,1507,1508,1509,1510,1511,1512,1513,1514,1515,1516,1517,1518,1519,1520,1521,1522,1523,1524,1525,1526,1527,1528,1529,1530,1531,1532,1533,1534,1535,1536,1537,1538,1539,1540,1541,1542,1543,1544,1545,1546,1547,1548,1549,1550,1551,1552,1553,1554,1555,1556,1557,1558,1559,1560,1561,1562,1563,1564,1565,1566,1567,1568,1569,1570,1571,1572,1573,1574,1575,1576,1577,1578,1579,1580,1581,1582,1583,1584,1585,1586,1587,1588,1589,1590,1591,1592,1593,1594,1595,1596,1597,1598,1599,1600,1601,1602,1603,1604,1605,1606,1607,1608,1609,1610,1611,1612,1613,1614,1615,1616,1617,1618,1619,1620,1621,1622,1623,1624,1625,1626,1627,1628,1629,1630,1631,1632,1633,1634,1635,1636,1637,1638,1639,1640,1641,1642,1643,1644,1645,1646,1647,1648,1649,1650,1651,1652,1653,1654,1655,1656,1657,1658,1659,1660,1661,1662,1663,1664,1665,1666,1667,1668,1669,1670,1671,1672,1673,1674,1675,1676,1677,1678,1679,1680,1681,1682,1683,1684,1685,1686,1687,1688,1689,1690,1691,1692,1693,1694,1695,1696,1697,1698,1699,1700,1701,1702,1703,1704,1705,1706,1707,1708,1709,1710,1711,1712,1713,1714,1715,1716,1717,1718,1719,1720,1721,1722,1723,1724,1725,1726,1727,1728,1729,1730,1731,1732,1733,1734,1735,1736,1737,1738,1739,1740,1741,1742,1743,1744,1745,1746,1747,1748,1749,1750,1751,1752,1753,1754,1755,1756,1757,1758,1759,1760,1761,1762,1763,1764,1765,1766,1767,1768,1769,1770,1771,1772,1773,1774,1775,1776,1777,1778,1779,1780,1781,1782,1783,1784,1785,1786,1787,1788,1789,1790,1791,1792,1793,1794,1795,1796,1797,1798,1799,1800,1801,1802,1803,1804,1805,1806,1807,1808,1809,1810,1811,1812,1813,1814,1815,1816,1817,1818,1819,1820,1821,1822,1823,1824,1825,1826,1827,1828,1829,1830,1831,1832,1833,1834,1835,1836,1837,1838,1839,1840,1841,1842,1843,1844,1845,1846,1847,1848,1849,1850,1851,1852,1853,1854,1855,1856,1857,1858,1859,1860,1861,1862,1863,1864,1865,1866,1867,1868,1869,1870,1871,1872,1873,1874,1875,1876,1877,1878,1879,1880,1881,1882,1883,1884,1885,1886,1887,1888,1889,1890,1891,1892,1893,1894,1895,1896,1897,1898,1899,1900,1901,1902,1903,1904,1905,1906,1907,1908,1909,1910,1911,1912,1913,1914,1915,1916,1917,1918,1919,1920,1921,1922,1923,1924,1925,1926,1927,1928,1929,1930,1931,1932,1933,1934,1935,1936,1937,1938,1939,1940,1941,1942,1943,1944,1945,1946,1947,1948,1949,1950,1951,1952,1953,1954,1955,1956,1957,1958,1959,1960,1961,1962,1963,1964,1965,1966,1967,1968,1969,1970,1971,1972,1973,1974,1975,1976,1977,1978,1979,1980,1981,1982,1983,1984,1985,1986,1987,1988,1989,1990,1991,1992,1993,1994,1995,1996,1997,1998,1999,2000,2001,2002,2003,2004,2005,2006,2007,2008,2009,2010,2011,2012,2013,2014,2015,2016,2017,2018,2019,2020,2021,2022,2023,2024,2025,2026,2027,2028,2029,2030,2031,2032,2033,2034,2035,2036,2037,2038,2039,2040,2041,2042,2043,2044,2045,2046,2047
0.43382224,0.62137806,0.30101225,0.13337594,0.46243414,0.67143154,0.9067188,1.1517051,1.0148933,0.85714114,0.3978843,0.6893165,0.33132625,0.15858817,0.09102553,0.18379313,0.17754228,0.28493407,0.17956814,0.13348275,0.6401715,0.4902618,0.44117177,0.51053286,0.8530123,0.6037984,0.05857765,0.572402,0.18463328,1.1075016,0.21597998,1.3112836,0.5404647,0.8036437,0.40690303,0.108851865,0.42542633,0.11623492,0.5292487,0.5530746,0.4769748,0.36025354,0.10703251,0.713215,1.2932601,0.013562178,0.2899344,0.06856368,0.3875957,0.40732765,0.06829174,0.47877502,0.30416644,1.2474716,0.2109749,0.096375026,1.0449383,0.07639292,0.73938173,0.3709221,0.2199899,0.32383522,0.42497182,0.5816266,0.54307365,0.41254258,0.84865654,0.39129782,0.5907543,0.5429548,0.24447946,0.027780864,0.065959275,1.2571772,0.39175758,0.36376232,0.55616677,0.4353942,0.0046369685,0.08465501,0.12597425,0.12450479,0.3220538,0.63273,0.5610629,0.16789308,0.46948212,0.29159582,0.322831,0.63835,1.2873935,0.54452497,0.42851996,1.0540208,0.46198335,0.18561056,0.15353455,0.3158692,0.39681968,0.45207232,1.0014849,0.15200248,0.08442621,0.3919598,0.23332772,0.16292077,0.6655027,0.7803034,0.36272246,0.7481375,1.3584399,1.5581982,0.24361971,0.1933627,0.2826457,0.18566477,0.15504105,0.9349144,0.021659663,0.80466783,0.8053162,0.12533908,0.38570693,0.32791036,0.21903266,0.81774217,0.09507753,0.68646985,0.3095965,0.09036635,0.24814562,0.08220331,0.2015295,0.62791955,0.27794033,1.4658365,0.5593432,0.7001616,0.46213377,1.1698935,0.8276466,0.12761259,0.37202048,0.8339144,0.40596643,1.326514,0.9196662,1.2206793,0.10472571,0.13849041,0.84035337,0.9711137,0.8299623,0.09923128,0.9478288,0.97932905,0.54107404,0.3542927,0.6752318,0.29944557,0.47450674,0.50056887,0.45393628,0.15742075,0.38822854,0.29378086,0.041830987,0.40929145,0.6034279,0.3303219,0.20061418,0.60331523,0.29924446,0.29171234,0.53897417,0.43812215,0.32117346,0.16122836,0.7981123,0.4697655,0.17715067,0.39215374,0.26117516,0.57304984,0.18789698,0.49061608,0.13118488,0.40273786,0.7498906,0.38516963,0.5347579,0.49894905,0.38040018,1.315811,0.0619596,0.53969085,0.49949843,0.80123705,0.31660414,1.1477568,0.6656245,0.34547234,0.3377834,0.84290886,0.32707667,0.46567744,0.83911455,0.113708965,0.68269455,0.26502463,0.009422757,0.44928318,0.17526963,0.082821146,0.82187444,1.0258474,0.44129443,1.2090139,0.29366976,0.548405,0.017160354,0.29489177,0.074906036,0.07178588,0.95723885,0.4827649,0.18107554,0.25246093,0.16392884,0.7849673,0.19564402,0.085000515,0.15398829,0.22451429,0.06262067,0.01931951,0.12029652,0.9340154,0.616994,0.8085302,0.31441337,0.14675048,0.21152301,0.10092749,0.40963626,0.16880041,0.45274836,0.30960378,0.2021972,0.27992752,0.3920026,0.06856468,0.36923638,0.8432146,0.8493407,0.4151147,0.2844795,0.39833578,0.14958122,0.4598944,0.29975495,0.19970542,0.0006431747,1.2584243,0.56497335,2.3140712,0.7239773,0.5695081,0.21956435,0.42948723,0.017066777,0.29769057,0.1180415,0.5401288,0.11500053,0.92444175,0.46758068,1.2398853,0.31721723,0.59376276,0.63471645,0.37988174,1.5279117,0.43801734,0.37879264,0.4150031,0.55820537,0.18072388,0.13797487,0.4117467,0.65528786,0.86468977,0.1597237,0.14445835,0.5780502,0.2791717,0.80354166,0.30120257,0.19064204,0.49456465,1.8898582,0.621785,0.3499307,0.5577777,0.19996145,0.6997316,0.3666336,0.2564578,0.5852941,0.5293388,0.07907176,0.5844609,0.60975933,0.3397745,0.8709324,1.0276146,0.977173,0.26948032,1.0618649,0.19679156,0.6291225,0.61256456,0.05679837,0.24539606,0.5303016,0.4945333,0.11097646,0.09384283,0.020467296,0.9841411,0.7729902,0.33848983,0.26943105,0.03586507,0.047751117,0.06888399,0.26764238,0.22532764,0.9637762,0.6402399,0.15384734,0.3550737,0.6901967,0.6171988,0.2650021,0.78309625,0.24279307,0.6931932,0.91501206,0.9357127,0.13412532,0.48157474,0.41882676,0.106020935,0.046886526,0.19116901,0.9730439,0.5114283,0.34600344,0.4050304,0.49426168,0.21267648,0.18150347,0.0021061215,0.25513276,0.7512659,0.46087795,0.19869824,0.7264615,0.3715064,1.0026705,0.089928426,0.15121779,0.3205706,0.35330206,0.16304743,0.5315674,0.37285918,0.5653273,0.66499174,0.2551443,0.15989968,0.66931,0.3352073,0.4070411,0.119223535,0.24665204,0.34529576,0.16503067,0.007837328,0.231579,0.48327133,0.49637902,0.54939395,0.85861295,0.6225405,0.13066715,0.64950466,0.24932763,0.5549127,0.16989954,0.3391964,0.15138228,0.1782008,0.41591993,0.3420424,0.80925393,0.21040499,0.72863245,0.9709034,0.59401524,0.3210426,0.35259253,0.29967257,0.54208446,1.0995976,0.277902,0.52955633,0.063181095,0.43861395,0.51012343,0.9954022,0.33266273,0.20815128,1.3192066,0.46423283,0.69323814,0.28432274,0.28028873,0.3713926,0.3378291,0.24557896,0.39189523,0.035049148,0.34137085,0.09842288,0.38248196,0.54998535,0.29362804,0.26842192,0.3878307,0.19385897,1.3887581,0.51014364,0.19711432,1.2535082,0.47971454,0.27154058,0.46143305,0.1477129,0.72247434,0.09719059,0.16595472,0.24364777,0.60017914,0.85456365,0.08176285,0.10395993,0.3333513,0.10273384,0.370584,0.20608169,0.37783015,0.40534896,0.039592214,0.20960194,0.05433409,0.08438702,0.69035196,0.19094777,0.48471177,0.4025869,0.5348823,1.0704037,0.08860556,0.17275587,0.20843768,0.20837349,0.5476671,0.51096904,0.32702434,0.2339516,0.28836673,0.88579106,0.101560704,0.37312186,0.16142353,1.109189,0.1679878,0.018710166,0.6477839,0.18613368,0.2689255,0.103935145,0.34983802,0.5271113,0.5956806,0.45130187,1.0506253,0.2541446,1.026774,0.5891005,0.12970749,0.20934552,0.6122773,0.078462854,0.11987524,0.03467804,0.28655112,0.09223397,0.6242799,0.8015904,0.6685829,0.29377654,0.73095065,0.27387705,0.60832185,0.49539158,0.9795865,1.1688461,0.08830517,0.36361474,0.7625164,0.24469982,1.061166,0.18607654,0.61403567,0.83179975,0.40305206,0.13146272,0.275429,0.23018838,1.131462,0.561706,0.2677905,0.19196564,1.1824768,1.2239729,1.6379949,0.123353496,0.10730308,0.8342689,0.30014795,0.14655936,0.28160483,0.18538976,0.06824888,0.3021496,0.7139704,0.31446552,0.6827941,0.9505766,0.1805263,0.18670347,0.49182242,0.62689596,0.38602787,0.4682172,0.62259233,0.6134444,0.69232935,0.28192583,0.8567614,0.11951473,0.25541058,0.27396494,0.27950677,0.3817558,0.27729824,0.07306587,0.31086624,0.38176462,0.38222337,0.26241535,0.05212643,0.16987987,0.3925259,0.31719008,0.499059,0.29017264,0.20403895,0.0902974,0.37504083,0.46636182,0.51468706,0.2785551,0.23693013,0.085328355,0.60087276,0.50461954,0.35477972,0.15303062,1.422575,0.37841827,0.30796024,0.22907116,0.43806383,0.12981439,0.3867262,0.39382392,0.8059895,0.13956407,0.1070696,1.1224287,0.47621375,0.3616441,0.13107118,0.5519928,0.21426299,0.3846504,0.115722895,1.013875,0.27707618,0.33387542,0.43257922,1.6480366,0.37210152,0.07274808,0.119463675,0.36901447,0.47283852,0.30616724,0.0077916146,0.8350456,0.108265534,0.12494899,0.20958158,0.5650886,0.6151438,1.6208272,1.7902806,0.763049,0.08790244,0.016181484,0.35103744,0.07054384,0.72189677,0.8399934,0.12356958,0.34042248,0.27176255,0.48700956,0.34775412,0.37194383,0.29892036,0.20281804,0.05721048,0.40240604,0.22377233,0.225849,0.55215985,0.53537834,0.29993474,0.2528766,0.70750785,0.5183513,0.33217806,0.17548941,0.8123349,0.5400233,0.45785296,0.5846805,0.1781578,0.6947614,0.34317446,0.081872284,0.51986635,0.26570937,0.98274374,0.17310409,0.8286616,0.23122387,0.3443769,0.39306113,0.81022227,0.48187196,0.6195604,0.4595227,0.2062638,0.40784723,0.59137523,0.5888734,0.54523355,0.3823384,0.7366067,0.059204943,0.058444437,0.1492746,0.16478993,0.3154828,0.08415161,0.23970222,0.44480756,0.52161264,0.384411,0.8035971,0.7439405,0.11637181,0.3830759,0.06328039,0.7050568,0.5316162,0.75541806,0.069148645,0.27042717,0.4579413,0.45959258,0.43008944,0.28898287,0.5588664,0.19087797,0.049813256,0.45492142,0.89084405,0.22055838,0.31512335,0.5223043,0.7746249,0.12217645,0.5461508,0.6229584,0.2598291,0.9673293,0.3310528,0.18196142,0.17359656,0.23044828,1.3933547,0.0689572,0.12918484,0.35578993,0.50853926,0.32803828,0.046924323,0.46804705,0.22567984,0.22693402,0.766661,0.15874967,0.4633498,0.14289269,0.3667849,0.30701038,0.46645963,0.10780939,0.18937485,0.1725246,0.42575598,0.31991082,1.3028262,0.28676832,0.116588265,0.38515446,0.55907583,0.31818622,0.61778384,0.47645408,0.8040174,0.12184931,0.48567393,1.3141668,0.2507949,0.055504452,0.11880792,0.06463994,0.1489735,0.35443693,0.5305364,0.5367226,0.3333986,1.6741238,0.19385946,0.47393787,0.6854909,0.49838334,0.27720845,0.0871259,0.041731745,0.55091035,0.33178407,0.33778244,0.57027376,0.20032021,0.5661756,0.3733685,0.44987905,0.30913115,0.4322213,0.25924063,0.17512935,0.43619487,0.76327705,0.3529232,0.16931748,0.69402015,0.48434645,0.21897826,0.5903032,0.6851542,0.21482989,0.49841312,0.4879598,0.6188794,0.409405,0.7265741,0.3055082,0.6593303,0.4771008,0.25532877,0.19432804,0.31313065,0.3944233,0.1605882,0.18670881,0.3459097,0.41657788,0.6261863,0.19022405,0.8475093,0.52345055,0.19897522,0.26600868,0.13972329,0.19106677,0.13651834,0.38950056,0.5417219,0.6116149,0.25019154,0.5290818,0.30914444,0.2413044,0.501657,0.21629283,0.86982524,0.34489977,1.0061452,0.8428807,0.19889374,0.47512832,0.4096263,0.23964211,1.2047845,0.1507195,0.8910042,0.33862132,0.5204928,0.40581337,0.24382325,0.55164206,0.28466263,0.23872179,0.17046748,0.04043196,0.30989423,0.45335257,0.77341825,0.261428,0.771302,0.6635593,0.18156773,0.47353178,0.6795428,0.89917064,0.4165491,0.520056,0.7582642,0.72848904,0.6307945,0.9899684,0.08690734,0.260153,0.13087106,0.10578861,0.35178295,0.17980579,0.22255248,0.68954563,0.038990498,0.18035008,0.83640814,0.24774712,0.36296472,0.9818107,0.28835085,0.07037599,0.39605406,0.36395591,0.5581621,0.9314153,0.59386903,0.16524681,0.24259496,0.50892323,0.22126399,0.4655624,0.7016876,0.21690395,0.096932724,0.2192817,0.27968967,0.665323,0.7209476,0.37109438,0.30690676,0.23302548,0.15063272,0.7356034,0.24215296,0.24718755,0.4164699,0.40116286,0.36336064,0.66004694,0.43135774,0.09243071,0.26826042,0.3141967,0.6363344,0.06126513,0.5202516,0.2561368,0.76609075,0.5031236,1.0803511,1.3362863,0.33445615,0.5199301,0.12847175,0.79202604,0.4909003,0.21737166,0.5323321,0.7351228,0.19279447,0.5210228,0.47676367,0.54074717,0.3971435,0.27952677,0.2029618,0.50998664,0.19030721,0.42237738,0.42277154,0.19563948,0.0067339167,0.52666724,0.6919373,0.1276815,0.9373989,0.21471827,0.5698537,0.48574883,0.6323437,0.8608912,0.33740193,0.4427303,0.4137473,0.21267977,0.39938742,0.40855142,0.11351875,0.13571891,0.39323977,0.07418532,0.16562302,1.6625987,0.79806095,0.3105181,0.8114142,0.336335,0.5066569,0.16195837,0.13432123,0.4854066,0.118986115,1.3368908,0.18363959,0.95048356,0.26728278,0.5057769,0.15052038,0.4394918,0.31957978,0.22163436,0.2896677,1.0926158,0.33483037,0.2797621,0.18049759,0.57681066,1.2531602,0.41034326,0.45907307,0.4662399,0.25519943,0.65875816,0.49562943,0.55695343,0.08159205,0.301083,0.6026431,0.5766406,0.4493047,0.6731327,0.04217615,0.62539625,0.5434637,0.82779074,0.60448974,0.7751963,0.382808,0.3829072,0.52056396,0.7599366,0.34272656,1.0334398,0.1943988,0.19441558,0.41995794,0.082639486,0.6611838,0.21035376,1.0829024,0.21299341,0.33908147,0.04495644,0.5450275,0.2120866,0.5699308,0.6485491,0.45581752,0.07817814,0.26627055,0.28979334,0.15835102,0.16916387,0.24652725,0.6806108,0.42134404,0.2253392,0.12674934,0.34189582,0.69096655,0.3118418,1.0240068,0.20673108,0.49841654,0.0050389874,0.22460039,0.38264912,0.30782658,0.6173836,0.54226446,0.26181576,0.32163846,0.67626333,0.21345851,0.80020726,0.20985383,0.39321512,0.089303814,0.118035555,0.43084165,0.16033658,0.24245694,0.30884486,0.17764923,0.13901848,0.09270094,0.24798167,0.35603774,0.09322685,0.5885038,0.11677317,0.30936772,0.76777506,0.45459354,0.13845545,0.12918201,0.0255923,0.34922963,0.31194237,0.6830697,0.17324641,0.17014667,0.204489,0.21870342,0.13648316,0.7377697,0.28682053,0.33254674,0.02837704,0.5453838,0.43530387,0.018557798,0.37417662,0.2817203,0.06835623,0.093538776,0.23624972,0.066224374,0.13048494,0.13131124,0.25478113,0.03004752,0.90038013,0.48579994,0.764285,0.12816845,0.36217594,0.18400636,0.20348766,0.3064677,0.11740331,0.008942299,0.071547404,0.39447114,0.13289744,0.1063403,0.47059774,0.14780156,1.0477269,0.44681185,0.011224693,0.07786851,0.011902485,1.248354,0.04717076,0.13754417,0.04763627,0.09437261,0.27205187,0.29079533,0.1703403,0.0,0.0904925,0.33885226,0.3786192,0.24565704,0.12969993,0.0793155,0.62804544,1.3720998,0.06344697,0.83014774,0.26730797,0.040262945,0.043171287,0.15787974,0.13956904,0.007973335,0.7168137,0.39985186,0.15632428,0.03749207,0.36118037,0.2885651,0.19715242,0.11818774,0.18557411,0.7030463,0.8734447,0.6179716,0.1877071,0.17919137,0.17600961,0.0,0.13839485,0.37548608,0.26715678,0.24968311,0.60564405,0.26836425,0.040185247,0.17453904,0.15212914,0.31977916,0.13742971,0.13373224,0.12204771,0.27169514,1.4256598,0.037194718,0.14943786,0.41864482,0.5640586,0.07453185,0.5279466,0.14054711,0.28383154,0.2656204,0.12005329,0.06282336,0.73612547,0.14989701,0.7551862,0.05886992,0.5131837,0.039229542,0.06877899,0.10521734,1.2644804,0.6237396,0.17137,0.74554914,0.51832706,0.39758065,0.47343564,0.56245536,0.034864128,0.006091952,0.6476302,1.5336225,0.64036196,0.426071,0.6639657,1.4585743,0.28726572,0.48505068,0.058470696,1.0667052,0.3146722,0.6186628,0.029761627,0.24810356,0.23560192,0.054903723,0.8660092,0.42813286,0.32124615,0.044368193,0.34245807,0.30590647,0.06521227,0.18177277,0.80739176,1.1025212,1.1591926,0.14355752,0.16638428,0.5190995,0.45310163,0.053668838,0.48249316,0.99821526,0.7054362,0.05514969,0.007178489,0.17771782,0.4068982,0.5697559,0.23736215,0.1319797,0.724666,0.33009422,0.1658912,0.054078046,0.03047543,0.26140547,0.2719638,0.534747,0.14008114,0.010113001,0.7522112,0.18420428,0.2520784,0.041612938,0.39068463,0.11181732,1.0221826,0.26011038,0.48193812,0.33158815,0.16904303,0.111432776,0.08529575,0.6371982,0.038085695,0.10069291,0.8019996,0.16255023,0.5072272,0.0075544748,0.52848923,0.16313821,0.09285576,0.53527325,0.20636386,0.024610028,0.039476562,0.6814603,0.42192096,0.56078184,0.19260709,0.11606087,0.09896134,0.17483515,1.2799017,0.007536832,0.4930411,0.3988449,0.110912494,0.32261223,0.08759779,0.8138775,0.06509782,0.037752822,0.21179938,0.13671522,0.6532263,0.31597653,0.0,0.1597848,0.0,0.06831002,0.13979274,0.2265429,0.33364978,0.7325015,0.08742608,0.047079593,0.5382614,0.05434318,0.17796005,0.10101037,0.63983834,0.41694808,1.218737,1.2813972,0.123312026,0.23338687,0.4118601,1.2849635,0.36846527,0.46425164,1.9296322,0.26094264,0.13344154,0.44626242,0.43685958,0.8325159,0.8756765,0.0857981,0.1351758,0.20553985,0.12065604,0.5404936,0.5207679,0.8849924,0.4247421,0.8398858,0.34367287,0.12457573,0.09337421,0.8292116,0.004896493,0.35058528,0.43653736,0.72447443,0.28730506,0.0,0.008832249,0.0,1.4030211,0.5900353,0.120584115,0.29866415,0.15497908,1.170302,0.3166429,0.20357607,0.77634454,0.7096432,0.12413818,0.3186437,0.6957382,1.2579582,0.050389692,0.31952405,0.7280558,0.6653397,1.412149,0.34503883,1.0756465,0.15068814,0.20203176,0.73587465,0.54248,0.12633196,0.20381379,0.298114,0.507779,0.6509097,0.336861,0.08378513,0.101739794,0.05592283,0.20773926,0.16329534,1.0981574,0.22971395,0.3934706,0.4855711,0.102827854,0.14303058,0.15215439,0.05564483,0.06990025,0.53161955,0.44600216,0.50369704,0.7449473,0.082184434,0.4059544,0.41783583,0.20313497,1.1877128,1.0304301,0.9034885,1.0213374,1.6502366,0.991735,1.354955,0.101163246,0.23387045,0.115744494,0.41446957,0.20914571,0.09011082,0.014727272,0.24342553,0.0,0.013943031,0.4406104,0.15778473,0.030545989,0.30254984,1.2391195,0.5253505,0.65016246,0.119996,0.08076968,0.0,0.020483062,0.047400124,0.64950734,0.27767968,0.15962431,0.21110818,0.5293605,0.86443,0.18030757,0.03867268,1.3103786,0.15518993,0.34107366,0.42822626,1.2677364,0.21938908,0.2540493,0.48468196,0.7000378,0.20950013,0.66861296,0.24944475,0.36190367,0.041630853,0.07215065,0.18018931,0.069043994,1.8395168,0.628566,0.32824522,0.4797809,0.65831983,0.04449619,0.101104334,0.4114285,0.20234722,0.63223326,0.6391588,0.4022065,0.30184934,0.09353464,0.03245525,0.29568598,0.11758575,0.5069667,0.68451333,0.14106354,1.1981355,0.0,0.16692132,0.4059676,0.38355505,0.027199255,0.03133828,0.92391336,0.0064668786,0.50739926,0.039564747,0.054758858,0.7602383,0.03969319,0.059788343,0.08092652,0.08513093,0.2241945,0.2719705,0.1477735,0.20972791,0.47210234,0.40075082,0.11325759,0.36377344,0.7170683,0.5274178,0.23514251,0.12622559,0.6825858,0.541929,0.008591056,1.1748636,0.31605756,0.04390029,0.33179796,1.1543914,0.0030672394,0.6047574,0.0056275125,0.6553211,0.25255775,0.81814396,0.32847166,0.14321059,0.09109692,0.8418139,0.019207604,0.9584359,0.3131893,0.24828368,0.37037677,0.14646009,0.57291245,0.021786448,0.017811477,0.25825527,0.72130555,0.09860263,0.29508448,0.088610634,0.6655307,0.01524023,0.21004134,0.7563606,0.33830175,0.48669612,0.23519367,0.54297924,0.2463466,0.1776282,0.18151541,0.27514642,0.96562153,0.122472875,0.022961624,0.08201092,0.1593956,0.21899909,2.23358,0.1308896,0.06577681,0.19985531,0.13474554,0.58043885,0.06516178,0.18591857,1.0159813,0.26624316,0.104231685,0.19473106,0.15862335,0.10414611,0.1817745,0.36514395,0.17227323,0.13216622,1.1618642,0.93698573,0.30627495,0.73453766,0.5125855,0.30636477,0.18513168,0.37655458,0.43466765,0.24632591,0.39654016,0.10982858,1.2403175,0.5910155,0.020484842,0.5343052,0.1400142,0.757167,0.4763738,0.24526618,0.15546069,0.0030412064,0.01979595,0.0,0.40541118,0.58382285,0.45975432,0.5111106,0.39599222,0.04926728,0.010745818,0.09989852,0.24298517,0.5477307,0.53744256,0.26724404,0.58543533,0.03496706,0.012570563,0.5213784,0.31370664,0.41079742,0.06160661,0.24996595,1.719109,0.72828925,1.2531385,0.13260248,0.057329275,0.45509884,0.07569654,0.93660355,0.14067334,0.63852674,0.48374343,0.07940177,1.7184141,0.1612883,0.27005312,1.0184205,0.440331,0.29450715,0.63637686,0.5089252,1.1496127,1.0313796,0.1289276,1.1347013,0.17924945,0.61846554,0.0359694,0.10115277,0.43523997,0.3581786,1.9819876,0.10541734,0.012328461,0.4329744,0.27091187,0.18938091,0.6858694,0.6873901,0.2889288,0.36735386,0.43828848,0.51558506,1.2512627,0.006727486,0.069213405,0.07757892,0.04842023,0.1441366,0.05492417,0.053376965,0.039604343,0.24474548,0.23220205,0.300617,0.3545297,0.6875675,0.23166831,0.11652536,0.42039424,1.4129472,1.4014193,0.38527742,0.0015101398,0.061337836,0.1170803,0.26124984,0.28292686,0.8492522,0.12923992,0.6257687,0.22764257,0.67200756,0.25622088,0.519734,0.12321292,0.057038315,0.0035910006,0.2786755,0.7753716,0.37682638,1.1583102,0.28394172,0.18907115,0.25621688,0.38533077,1.1692882,0.0042099054,0.05403713,0.46981886,0.37316084,0.5797872,0.5379892,0.6924101,0.1590887,0.24552949,0.029323462,0.18584354,0.44284713,0.55834854,0.054399155,0.28952742,0.060239676,0.058327865,0.7446487,0.23963822,0.31371206,0.8200896,1.0930638,0.24018909,0.10241361,0.47964653,0.10561998,0.0429666,0.93362015,0.051332086,0.114271134,0.5547446,0.63235307,0.21898845,0.07940579,1.5945199,0.030247562,0.36012238,0.5577394,0.0411928,1.3064861,0.4539476,0.43293583,0.12050519,0.13795844,0.31364414,0.44670308,0.02687215,0.3389188,0.45677304,0.86237764,0.16303119,1.8444648,0.027882941,0.021977304,0.22018756,0.02946744,0.1844522,0.52093935,0.37074298,0.1926412,0.21577618,0.1525088,0.4683063,0.22735462,0.746163,0.26508373,0.16029279,0.19963369,0.000944878,0.9292657,0.4427324,0.30922657,0.31861252,0.13313775,0.4088992,0.29405785,1.2701991,0.26834518,0.62452257,0.52684844,0.012557085,0.026447305,0.3615054,0.14617726,0.1706307,0.33376205,0.6268182,0.0057153013,0.11571534,0.43215927,0.77286947,0.33524033,0.59666723,0.16801275,0.07709591,0.025201697,0.10095381,0.07592627,0.02635707,0.3007109,0.62559736,0.2132313,0.95692235,0.82970196,1.1118153,0.17822433,0.425681,1.8165636,0.10012157,1.1123332,0.25030372,0.74047923,0.050658457,0.09768229,0.23064739,0.8153833,0.44886634,0.63261247,0.19605207,0.259944,0.05743853,0.52488804,0.17189658,0.04031404,1.2387335,0.16691494,0.66554147,0.05182923,0.4249153,0.23552142,0.011128433,0.27077037,0.95036566,0.45110857,0.16917706,0.8731266,0.24942559,0.59229875,0.717407,1.3607864,0.10463999,0.09800455,0.82985044,1.3305335,0.09977619,0.30561924,0.40606225,0.0053886566,0.2522009,0.05377484,0.9715862,2.2083282,0.4097039,0.38168567,0.42033195,0.023283035,0.23994686,0.22689697,0.20374371,0.20979206,0.58946824,0.56216085,0.08580999,0.52590764,0.26076427,1.1408621,0.31192762,0.22550586,0.72839904,1.0123131,0.14970154,0.2950578,0.12815008,0.10343386,2.4942884,0.8098649,0.43092978,0.050298735,0.23647237,0.19383955,1.0126739,1.0179117,0.48505032,1.8189267,0.77131057,0.6701304,0.5177984,0.59520125,0.53156984,0.26004928,0.27428395,0.09834382,0.33146167,0.34668267,0.5820475,0.68407184,3.0391078,0.5814589,0.48912722,1.119439,0.6324515,0.01758364,0.7308922,0.0014251006,1.6219373,0.59570813,0.072883345,0.92666805,1.3305347,0.14281614,0.29258037,0.21769565,0.0018798604,0.34044588,0.24274445,0.15294892,1.5943587,0.017255178,0.23341052,1.5001802,0.62770855,1.8991433,1.2869992,0.42249367,0.9350199,1.0463257,0.19539756,0.0,0.48895866,0.3296862,0.15403168,0.5583289,0.15575807,0.23816463,0.28141624,0.53550017,0.365452,0.10582931,0.013215382,0.53086865,1.0276716,0.09732814,0.105929926,0.17665792,0.7874782,0.4594842,0.006136935,0.033444665,0.75666,0.49325317,0.7965096,0.11042868,0.7638751,0.28701127,0.053058848,0.6873205,1.3172195,1.0297993,0.0001791807,0.040703908,0.31731465,0.2973882,0.626728,0.4435715,0.8443038,0.29471046,0.96050525,0.37431985,0.6816261,1.2932318,0.26881158,0.33227348,0.54880834,0.0031995052,0.9964559,0.10560064,0.5760588,0.26677114,0.08142089,0.119521394,0.32639873,0.67187023,1.182376,0.13465069,0.6042107,0.16283348,0.38151783,0.43572748,1.963089,0.7445408,0.15533891,0.26228896,0.0,0.3726087,0.45528245,0.8958758,0.10308531,0.09874709,0.43917137,0.6644624,0.3273095,0.29495245,0.4344923,0.5351975,0.26138115,0.6534738,0.29570305,0.23301458,0.03431688,0.0,0.92302996,0.16958508,0.9435204,1.0026795,1.3314383,0.18405634,0.4096014,0.6005483,0.011458279,0.6653122,0.19641314,0.64770854,0.23412445,0.09478589,0.2862233,0.54296994,0.7038915,1.0659728,0.244447
0.50397325,0.48716864,0.28840035,0.14364399,0.46458754,0.89699304,0.85456634,1.0504533,0.9436852,0.8212335,0.22552079,0.84980047,0.13658056,0.25865614,0.06719378,0.103073925,0.20063785,0.2892,0.17279413,0.06148885,0.51803374,0.57494545,0.54607165,0.54401886,0.697321,0.4500656,0.056835145,0.6626115,0.16762266,1.1553351,0.19975689,1.2721326,0.58257926,0.7222899,0.19708659,0.13176444,0.47194934,0.060728006,0.6334949,0.76149535,0.40344834,0.2198659,0.096505314,0.60732055,1.5212922,0.028019909,0.17096767,0.044501394,0.496075,0.44615364,0.16170046,0.41089565,0.4010652,1.5586,0.29813573,0.13807224,0.9654303,0.09831443,0.64384973,0.4763133,0.2358819,0.43141422,0.50227666,0.66852176,0.46510398,0.41787177,1.0091394,0.19362046,0.539588,0.4563121,0.24417825,0.047438473,0.09353444,0.77631557,0.43194616,0.30051947,0.46845433,0.36424512,0.01169502,0.12622009,0.082789116,0.15099312,0.24993993,0.60713506,0.51566875,0.11459988,0.49315792,0.40863985,0.12285256,0.5133802,1.276326,0.24587978,0.39718345,0.8417242,0.49622148,0.3366568,0.11824334,0.24481326,0.28369552,0.33145446,1.0095395,0.12998515,0.06966522,0.4152666,0.15023598,0.13273202,0.48700994,0.6762706,0.39128685,0.93843436,1.494441,1.460267,0.5229715,0.23688206,0.13087128,0.12732592,0.45021656,0.6983213,0.118818104,1.2654283,0.6039212,0.1503955,0.5441799,0.25250328,0.1495656,0.97486085,0.20593444,0.7168038,0.4820972,0.13284123,0.30589944,0.04285062,0.19357365,0.7796155,0.37677136,1.4324473,0.40610856,0.5911506,0.7632633,0.8756035,0.7287042,0.13658077,0.43185857,0.80090386,0.5668229,1.0139239,0.8907243,1.1159952,0.06081637,0.0252406,1.0003049,0.73135364,0.7471734,0.1258381,0.81530344,0.81283724,0.48839557,0.17963435,0.33301497,0.29929644,0.40061107,0.6614184,0.5443088,0.18397322,0.36375105,0.23452555,0.065570965,0.35309345,0.561505,0.21104828,0.15564622,0.5641803,0.306795,0.1753315,0.64847744,0.48369586,0.32274663,0.113070354,0.66416746,0.62794983,0.1657043,0.5822497,0.19832043,0.45719808,0.2369314,0.56614083,0.22963329,0.24867469,0.6896163,0.33005327,0.80324376,0.44412303,0.21967834,0.84697473,0.121896766,0.45752168,0.3296106,0.7817674,0.41618747,0.6143452,0.6938963,0.22585729,0.44463074,0.905365,0.40530774,0.42171764,0.7033678,0.294536,0.5948456,0.27873632,0.026253764,0.41503316,0.25799778,0.08007462,1.0113668,1.1046456,0.52351505,1.4665296,0.2575041,0.43548942,0.011854099,0.2768429,0.05922884,0.09133417,0.83723956,0.5813235,0.18786806,0.15825236,0.46574086,0.6476761,0.17929545,0.052399345,0.12051359,0.12305176,0.03184671,0.028760295,0.052785,1.1576471,0.64939654,0.5044414,0.33533633,0.13856588,0.2245262,0.19751176,0.4171897,0.20050788,0.78956354,0.40373063,0.2694386,0.4012195,0.37973133,0.11653559,0.13014579,0.845305,0.81579024,0.5788834,0.26729107,0.504172,0.0421307,0.55531454,0.15738207,0.16351393,0.036496315,1.2069383,0.4791276,2.2967443,1.0381997,0.29345828,0.17779295,0.37043464,0.04568013,0.27587363,0.21323538,0.57014763,0.08921948,0.7792399,0.65238297,1.1296921,0.3273465,0.4955166,0.48359692,0.86023426,1.0645503,0.44344392,0.5343447,0.24871573,0.52508783,0.15564072,0.09443085,0.5411077,0.62899435,0.9243405,0.20393136,0.20351058,0.60815895,0.3277096,0.886789,0.34551427,0.2807359,0.523193,1.5952039,0.5901327,0.4647924,0.65140545,0.26404214,0.71521425,0.436911,0.29205802,0.7173539,0.5073328,0.085612506,0.84080195,0.605036,0.2894963,0.96798074,1.1547967,1.1323979,0.2643807,0.98527694,0.1738957,0.64733803,1.0565776,0.14164838,0.42185807,1.203877,0.19311538,0.11524981,0.038774412,0.19428974,0.5993997,1.4884063,0.94950634,0.39432847,0.014258068,0.06848283,0.14276722,0.17742603,0.37858987,0.45667517,0.3001428,0.043587476,0.71177614,0.32915902,0.8820019,0.051151633,0.6851696,0.124998584,0.66374564,0.24107088,0.36609662,0.03441264,0.20679271,0.36765677,0.3489135,0.008013769,0.34895825,1.0956166,0.1692844,0.1699684,0.11472494,0.23090422,0.13557245,0.05867191,0.02954235,0.2847656,0.7094635,0.64761424,0.7327577,0.88701445,0.12066865,0.22129607,0.03562942,0.48402536,0.6292118,0.35988855,0.17088866,0.8359741,0.36298335,0.61041164,0.69869643,1.1254723,0.09758575,1.4605056,0.27703333,0.30984944,0.11288699,0.38700214,0.56582546,0.11034022,0.027045246,0.32835582,0.48009562,0.30372217,0.084827155,0.32624114,0.6510977,0.8768449,0.39951003,0.7079046,0.4729964,0.3350212,0.109684065,0.07746637,0.40177867,0.5402888,0.4524447,0.6162648,0.3774149,0.29836315,0.7981483,0.62538755,0.1481768,0.30616325,0.2718336,0.4056809,1.4966443,0.0802714,0.12531406,0.063413784,0.17554054,0.33367908,0.6739387,0.22751673,0.28714418,0.88815784,0.35880703,0.51899064,0.46247524,0.13393788,0.5885259,0.13458866,0.43625665,0.14778149,0.14408368,0.42520452,0.1592592,0.1781518,0.9534737,0.5069454,0.36945388,0.84526443,0.017424576,1.1575806,0.46059144,0.32943556,1.2377179,0.5537593,0.5393357,0.30127627,0.3625052,0.48387557,0.107157424,0.18980592,0.35741082,0.16954249,1.1990197,0.031280905,0.23173723,0.31635135,0.82073534,0.32657105,0.015979227,0.19255446,0.20678058,0.055533357,0.0789851,0.40310478,0.048070196,0.525451,0.5317061,0.35449737,0.1482138,0.36542928,0.95558506,0.028361054,0.9189329,0.5475858,0.12956673,0.7190329,0.45051575,0.37377512,0.44329852,0.32877573,1.4975172,0.07464354,0.8755673,0.03162536,1.4551306,0.3266715,0.011910544,0.44740698,0.1378671,0.2083728,0.3111967,0.5645074,0.21660246,0.3648911,0.37821257,1.2284319,0.34238553,1.0814446,0.26596886,0.014683883,0.40010232,0.4868602,0.4158618,0.034288134,0.020309733,0.33738074,0.17488965,0.49730018,1.3088481,0.8651596,0.53520346,0.52150345,0.26782694,0.6618676,0.4048286,0.41008824,0.56578195,0.045654446,0.60989386,0.5279285,0.27253315,0.6712185,0.42837524,0.54168606,0.73460084,0.6437437,0.027477715,0.40400964,0.5293975,1.6822557,0.5874515,0.33292192,1.4194783,1.3142662,0.969188,0.65222394,0.058588542,0.3860906,0.4839055,0.15940718,0.11774035,0.31923932,0.45658103,0.63616663,0.21952012,0.35567948,0.3943705,0.5340252,0.617175,0.056781653,0.098854065,0.5375241,0.9706486,0.37372446,0.24603084,0.5538663,0.34063333,0.2566859,0.6501343,1.2984917,0.42834228,0.7579008,0.2186496,0.13705376,1.2844064,0.25157803,0.1681566,0.31458634,0.061722867,0.112664275,0.12999913,0.06446693,0.32326025,0.19790761,0.6454789,0.24149883,0.23153071,0.32475916,0.10401584,0.14790016,0.48336932,0.6736524,0.6373714,0.085672244,0.71834326,0.4489975,0.1486314,0.29973173,0.14851132,2.188074,1.067795,0.073090844,0.02402015,0.35568342,0.115014926,0.71209633,0.37299383,0.43131396,0.17062613,0.22835681,0.9954647,0.5448464,0.33126295,0.014192186,0.1708052,0.98812723,0.22721681,0.07518538,0.6227406,1.6015446,0.2572267,0.39371556,1.3698549,0.31842786,0.038376816,0.11211211,0.20888117,0.2294398,0.09945337,0.033126548,1.0614492,0.1902526,0.25740725,0.46811765,0.44009703,0.735201,0.7724511,1.3935353,0.7883756,0.25004643,0.09078328,0.4150067,0.13098213,0.96782935,0.3691945,0.0129003655,0.24982002,1.0098854,1.350879,0.34808415,0.88619196,0.25522888,0.030991014,0.014716977,0.6648306,0.14089148,0.48205417,0.5787306,0.5584332,0.3419145,0.16042571,0.9166109,0.45656824,0.28928852,0.15706152,0.72359294,0.4635369,0.59954315,0.06410588,0.1953589,0.419896,0.083637044,0.08030121,0.42760804,0.093321785,0.8846543,0.021611534,0.25937733,0.21605702,0.05964841,0.18070364,0.9554025,0.29435748,0.29866457,0.3244453,0.16068056,0.30786505,1.2290173,0.98612344,0.35794038,0.35664845,0.7909397,0.11264351,0.07914593,0.17129156,0.48780757,0.10391418,0.2086904,0.08845297,0.19796443,0.4829573,0.20739886,0.24649325,1.6453818,0.22398934,0.27864558,0.16180095,0.26715234,0.48438138,1.082401,0.04787254,0.16216594,0.36687547,0.41046828,0.26470676,0.45859075,0.55768716,0.3408279,0.035088036,0.2869215,0.9701003,0.43544674,0.67971396,0.7454154,0.7105065,0.1036621,0.20757163,0.25147676,0.17569795,0.9307086,0.46113405,0.07199757,0.10889279,0.2037531,2.4727397,0.10393503,0.13459939,1.107918,0.43685687,0.27903068,0.0,0.29513514,0.06369507,0.057260916,1.0670402,0.7538504,0.74690783,0.20302966,0.49408922,0.15732001,0.48030853,0.13158874,0.51643467,0.17591225,0.4043019,0.17691708,0.9452039,0.19563645,0.12536925,0.20830064,0.49128363,0.65482885,0.54583216,0.63412833,0.40829206,0.30651033,0.6227697,0.72263485,0.27006936,0.16741794,0.4238725,0.010500366,0.06981842,0.1364452,0.5024129,1.0198951,0.28896528,1.6708131,0.42568725,0.15086007,0.39129013,0.057021048,0.26529056,0.27364364,0.40833238,0.6078346,1.046715,0.16376518,0.71211505,0.1250984,0.40741146,0.174582,0.4214949,0.531067,0.543282,0.14873493,0.078481756,0.45645487,0.47463557,0.7288645,0.40044627,0.89659536,1.0042915,0.5261435,0.6100524,0.46228456,0.32680592,0.3963445,0.6509712,0.7644869,0.13195392,0.6640167,0.48127073,0.34992033,0.4892218,0.59226805,0.13783509,0.26149,0.026985366,0.16579494,0.21025018,0.36785424,0.75569165,0.3468591,0.031656753,0.76656383,0.38224745,0.20475991,0.102740146,0.25883454,0.28643033,0.092403196,0.29517633,0.22244534,0.7419697,0.29190654,0.5624317,0.824356,0.18919188,0.64791584,0.5977056,0.24877486,0.22757739,0.67730963,0.6952565,0.29924268,0.3230363,0.4133325,0.10945234,0.7871628,0.0012037843,1.4161084,0.22098671,0.6744875,0.31431168,0.3703307,0.29954612,0.053744927,0.7304118,0.17305167,0.29275173,0.23556429,0.6695502,0.63556385,0.23634484,0.4651099,0.3582037,0.8094623,0.3811318,0.37443125,0.73313046,0.25289518,0.9241786,1.212636,0.90491164,0.6620485,0.8479398,0.17168498,0.6867542,0.3517027,0.03866557,0.34728384,0.35059357,0.41006282,0.8079183,0.09020436,0.09158549,1.062936,0.398919,0.24712986,0.87401986,0.27040064,1.4139309,0.23166816,0.6839634,0.40634376,0.7485454,0.60841495,0.015650794,0.2503152,0.4400689,0.22971982,0.3437832,0.4804038,0.42214608,0.13508335,0.3417408,0.13632245,0.54315275,0.93021035,0.2413551,0.86948013,0.40282452,0.17210272,0.48847926,0.35390812,0.33372927,0.42148,0.23198687,0.90794414,0.43697882,0.26146346,0.11699602,1.0795388,0.16251639,0.9457613,0.24887832,0.9951812,0.53773916,0.28007883,0.62001824,0.99217886,1.1820602,0.22365363,0.3358748,0.14653565,0.23487285,0.4631986,0.39979556,0.40633458,0.39052242,0.096087664,0.20785369,0.5281569,0.28402597,0.88303447,0.09308635,0.3362363,0.8799436,0.19873996,0.7586843,0.23954846,0.13190618,0.0937372,0.2094161,0.30746916,0.09593412,1.1549859,0.08359069,0.50994474,0.15219319,0.27289107,0.5664301,0.09862672,0.6124538,1.2178993,0.16352558,0.23519924,0.5724323,0.7358104,0.13192272,0.5483838,0.32323834,0.12267018,1.4502556,0.7027865,0.21948907,0.9087827,0.6896799,0.26947486,0.22972012,0.19095683,0.40460682,0.14768165,1.1020285,0.07827218,0.41630036,0.27279696,0.25577435,0.12583002,0.21445166,0.03382458,0.35465854,0.4512216,2.0445938,0.10219262,1.2537031,0.332623,0.64652395,0.74095607,0.29191768,0.34620374,0.2548259,0.30614588,0.33272877,0.25814286,1.2425516,0.2616758,0.16854529,0.92127705,0.9648112,0.5437776,0.4430752,0.18138482,0.28673708,0.31868812,0.40471298,0.318735,0.22993657,0.38834685,0.25924098,0.5733116,0.55870277,0.524809,0.9463749,0.2580626,0.26027274,0.6536212,0.028395806,0.5707208,0.055296298,1.1701808,0.18977243,0.20601025,0.11556101,0.7262219,0.6549994,0.5083902,0.3471367,0.62777734,0.052856445,0.31590804,0.40617645,0.25685817,0.3119623,0.24904352,0.65108854,0.28795484,0.4054142,0.78114873,0.22852024,0.5906062,0.5771362,0.49795765,0.2995652,0.97094727,0.050633036,0.22764787,0.51860523,0.22674394,0.49082458,0.90367115,0.6764395,0.111885615,0.4555874,0.07453281,0.7584305,0.10368462,0.40641835,0.21505953,0.21271914,0.64485306,0.29686844,0.3216048,0.5962224,0.022811033,0.044725318,0.373006,0.30218422,0.18981872,0.0491982,0.9431716,0.23951751,0.3229891,0.18006824,0.32376033,0.2483091,0.17329268,0.5987116,0.7825766,0.29546377,0.36688158,0.13854292,0.20720097,0.78356755,0.06931844,0.15492015,0.68435127,0.087447524,0.1623494,0.0002563272,0.43357703,0.27302718,0.30638072,0.34452087,0.16125867,0.03576269,0.30914497,0.09359382,0.03285203,0.3546149,0.16439547,0.1035902,0.03478628,0.48546395,0.31562203,0.4769764,0.35990655,0.2611857,0.18396392,0.045033637,0.16861245,0.1562331,0.113299936,0.019616392,0.2947148,0.25462118,0.10818629,0.48272005,0.02299345,0.8271044,0.18678907,0.013336586,0.022147685,0.0013128337,0.772223,0.023020968,0.14756998,0.074209586,0.04069488,0.4243093,0.6862501,0.27382886,0.009551985,0.11415538,0.09450498,0.31539243,0.068270475,0.01886072,0.0427368,0.60634434,1.3840919,0.22309856,0.74497753,0.12696177,0.00439464,0.060649905,0.2271978,0.13940041,0.017340288,0.67803794,0.49974698,0.13021703,0.043969363,0.33677992,0.2754776,0.16859275,0.10069576,0.15321444,0.62468046,0.5816009,0.47405657,0.553185,0.18702954,0.20705752,0.0067548235,0.051636316,0.19478658,0.27825508,0.57890064,0.18459377,0.12909244,0.050072953,0.33395404,0.13023497,0.47671404,0.13876472,0.15549108,0.1306499,0.07113314,1.1360056,0.046520147,0.1521214,0.3402819,0.32646382,0.30547753,0.60412574,0.18175867,0.5209921,0.12677877,0.44329143,0.051523414,0.34460366,0.14178866,0.7648014,0.0107229,0.36211517,0.1681348,0.112628326,0.28607243,1.1232743,0.7005801,0.38196683,0.79365516,0.26252332,0.5597748,0.2677088,0.3965337,0.06571393,0.0049200444,0.47558814,1.1870679,1.0484667,0.43237978,0.4541773,1.1727045,0.08281946,0.29407135,0.06339443,0.5363773,0.54947925,0.5498525,0.029989282,0.23776561,0.3640961,0.02068362,1.1991196,0.3817361,0.3805039,0.045204278,0.18062246,0.24513716,0.054315887,0.19941454,0.9164319,0.6697223,0.6837497,0.19969323,0.21869789,0.41582894,0.40179622,0.05574879,0.2013141,0.77753365,0.8145876,0.018762361,0.009194929,0.25158182,0.53438777,0.6802959,0.54551804,0.56959337,0.70832634,0.03568862,0.09134716,0.22480232,0.08479811,0.48233265,0.31634456,0.41748655,0.10168917,0.0,1.2551825,0.22077575,0.39475018,0.0,0.3972735,0.10509132,0.60716474,0.09936202,0.7681667,0.14741018,0.2548219,0.032288134,0.018615969,0.22237974,0.082163356,0.054854956,0.47668144,0.071901985,0.7614493,0.09985298,0.38669422,0.23399165,0.1467468,0.19946384,0.34596127,0.07135605,0.12743282,0.74685264,0.6085208,0.41791162,0.6110946,0.20742604,0.101551816,0.1332695,1.084379,0.010485603,0.4426531,0.28998658,0.060401224,0.17188829,0.072370134,0.6498594,0.14803067,0.031417508,0.20413889,0.105804816,0.32828012,0.1843574,0.0,0.07304538,0.0,0.04797085,0.14453205,0.5748299,0.30076504,0.57162553,0.27252728,0.052424904,0.39064878,0.06077085,0.032192104,0.18597616,0.5336188,0.5140041,0.6976462,1.4339639,0.036671523,0.19376932,0.33892924,1.0209539,0.2946083,0.7433215,1.6520638,0.17049365,0.07618013,0.34015864,0.53416944,0.5104584,0.6204784,0.05826661,0.1339482,0.4686172,0.24752322,0.5006627,0.5698433,0.6915927,0.37395507,0.5493357,0.13954154,0.21275647,0.38112843,0.42603004,0.037364937,0.109645486,0.28986946,0.4733174,0.24621037,0.0,0.024808176,0.04022267,1.2529929,0.55592906,0.10741083,0.23319393,0.0070549333,0.6108564,0.13799694,0.40046138,0.57123375,0.23474321,0.13961759,0.22154878,0.57140297,0.7150364,0.14874369,0.3581074,0.56734186,0.7262612,1.717516,0.3357326,0.8578168,0.043128643,0.055142187,0.66197157,0.5155487,0.186732,0.08110233,0.24804129,0.6747172,0.42207414,0.37511092,0.37406236,0.15533297,0.20206279,0.08801355,0.23983932,0.70279497,0.2891464,0.3083276,0.307017,0.096513264,0.1019889,0.371328,0.12937132,0.007141834,0.37400407,0.26354206,0.21018572,0.7098789,0.1376126,0.43190795,0.19620818,0.17119038,0.86994815,0.40459365,0.62101746,0.520308,0.9638535,0.7829395,1.1107246,0.034187365,0.17736158,0.010632277,0.24992502,0.1709054,0.11800248,0.0068208277,0.3631013,0.00641948,0.018830804,0.8821886,0.03286546,0.037584253,0.035012227,0.7023299,1.0077238,0.81948686,0.1264629,0.06199944,0.00265601,0.0541274,0.0755807,0.5283233,0.43131906,0.030200321,0.35616153,0.4058972,0.9640855,0.03961771,0.088907376,0.9019999,0.10753736,0.38055807,0.23084855,1.2864499,0.3652106,0.42935598,0.488092,0.998748,0.25373453,0.57364035,0.15010497,0.19889735,0.20129374,0.064402565,0.07180324,0.002107967,1.4439374,0.4695499,0.042033475,0.39166796,0.19545317,0.048169777,0.24721193,0.5538733,0.041574866,0.92437994,0.64973235,0.28350314,0.20756438,0.038128536,0.097104505,0.10629834,0.1401985,0.38994378,0.2657558,0.31658387,1.0407646,0.00013828032,0.3406483,0.33584973,0.49027827,0.08828345,0.08045325,1.1154516,0.016702974,0.16819185,0.049731497,0.2072833,0.5594697,0.1363248,0.05670797,0.06288327,0.09661106,0.3269508,0.1938256,0.36011088,0.14583237,0.30022717,0.055411592,0.0,0.19730228,0.25994447,0.34971553,0.45104656,0.22893181,0.48889107,0.61370397,0.037648764,1.1489002,0.25186062,0.10088092,0.12898228,0.46044943,0.0008459014,0.35608903,0.008919314,0.6372553,0.21429563,1.1885067,0.22313015,0.15976918,0.05619501,0.6322068,0.061249144,0.9914939,0.079401225,0.42605174,0.3954997,0.084854454,0.37840122,0.009175539,0.018910281,0.13357031,0.82142794,0.12310138,0.35500234,0.034877803,0.49123085,0.077230975,0.088019684,0.6270394,0.26329935,0.5961963,0.33943963,0.26786354,0.11552301,0.40241748,0.40000212,0.0738455,0.5335932,0.087801,0.031809695,0.014285633,0.07224758,0.1111206,1.3790052,0.12663496,0.13228774,0.15132415,0.18973786,0.41818002,0.083640836,0.053598307,0.6434419,0.18402457,0.0316797,0.30326465,0.0878458,0.052994728,0.124412864,0.27136463,0.2205584,0.34347045,0.7188659,0.7819282,0.24129975,0.57928663,0.43118978,0.18897782,0.12636454,0.5359429,0.21719031,0.21500707,0.3492688,0.06479603,1.0066893,0.37609237,0.14949259,0.49198854,0.23241213,0.67423904,0.59622824,0.41281432,0.070945054,0.40949962,0.013924234,0.073913485,0.18504027,0.5738075,0.43673488,0.37321004,0.31886783,0.12879674,0.24214187,0.06841561,0.2988326,0.21810997,0.7227155,0.036466166,0.37513933,0.0,0.07609972,0.36041892,0.68944556,0.33889496,0.46416917,0.08895439,1.4959378,0.92929375,0.6152617,0.1403768,0.013480119,0.41284505,0.09156048,0.78414875,0.37856817,1.0173184,0.45197517,0.11022094,1.5708543,0.11791441,0.120342456,1.0109746,0.1493369,0.14692912,0.7023957,0.3647704,0.7232071,0.8991318,0.04363376,0.8085393,0.17155248,0.63336885,0.00084263756,0.024260504,0.62341535,0.67674255,1.9501069,0.06987579,0.047109608,0.19652912,0.09456313,0.23406819,0.8553586,0.6784159,0.6103621,0.0411088,0.18715492,0.4216692,0.6757001,0.023543488,0.29335713,0.03598268,0.16944507,0.2684527,0.0028738251,0.016346378,0.08912908,0.11035541,0.3145274,0.10292849,0.32318965,0.46234518,0.5248098,0.11393348,0.17161393,1.4822122,0.7538813,0.17788994,0.0,0.06972812,0.24240507,0.10235283,0.27962926,0.8338623,0.3644848,0.42390165,0.2439126,0.3478917,0.13720304,0.56152743,0.083902605,0.038365666,0.008139344,0.11016743,0.6115665,0.4012265,1.2229979,0.38659352,0.10990621,0.25830236,0.16384682,1.1861007,0.006575518,0.028767835,0.5684136,0.29756674,0.6144878,0.5448062,0.6376059,0.322231,0.35344678,0.10871446,0.11125541,0.36958992,0.19191368,0.008981909,0.31883666,0.25383878,0.17291486,0.39696473,0.23590921,0.41379347,0.8701291,0.65884376,0.34852365,0.14933196,0.39104217,0.111125074,0.07333679,0.7234254,0.37696975,0.08910398,0.43774372,0.27926946,0.06559464,0.293648,1.7955837,0.05452245,0.43474692,0.571851,0.20107988,1.22703,0.9414887,0.11927773,0.122571096,0.05312235,0.17406537,0.49713713,0.0633412,0.17728025,0.50334436,0.75762945,0.13684466,1.1790864,0.33854926,0.044355292,0.07412526,0.036084004,0.23657987,0.36798662,0.30887514,0.28605092,0.09665054,0.06389707,0.35590327,0.58984894,0.4297568,0.045712996,0.20580089,0.62792015,0.00021420748,0.4746105,0.5656383,0.18208453,0.3145435,0.1825138,0.6788933,0.10476816,0.46713316,0.18285707,0.29188517,0.76606584,0.07031291,0.1947164,0.34439343,0.07207545,0.069168024,0.19823766,0.5907835,0.094969206,0.1584032,0.0959501,0.705266,0.56743723,0.28206486,0.11236152,0.014923012,0.0036363932,0.13856067,0.07838461,0.052493684,0.22725528,0.5849372,0.1667535,0.8049681,1.0850286,0.8066236,0.05321373,0.2905423,1.5135949,0.14088024,1.0347202,0.2560438,0.6079075,0.1659194,0.04350087,0.058960788,0.6811266,0.2458128,0.6528732,0.23095742,0.114551775,0.15192303,0.49270678,0.47682843,0.054559436,1.3663757,0.17183933,0.51496,0.05455938,0.45903766,0.21286777,0.04554098,0.3050912,0.5053985,0.5781306,0.034866046,0.9354972,0.2181021,0.4136396,0.90165055,1.0699742,0.1514549,0.056392126,0.4785914,0.912948,0.18280461,0.37660778,0.41964388,0.0,0.26010507,0.0,1.1499407,2.2335224,0.28879976,0.61684585,0.51904,0.00049884815,0.23618886,0.38379696,0.12381776,0.35658228,0.5644985,0.48920083,0.03647028,0.11518329,0.4383744,0.59746826,0.31785226,0.40561968,0.7504536,1.3839718,0.32912576,0.37380335,0.14802513,0.017223243,2.4254246,1.1141653,0.35535136,0.0,0.03160637,0.2018064,0.9868081,0.6844169,0.6440679,1.5699824,0.67729616,0.5940676,0.31350347,0.51208544,0.47280362,0.33332926,0.7491456,0.12030204,0.43312323,0.2974211,0.9804548,0.2990658,2.9135375,0.09005816,0.5838858,1.0326593,0.8498278,0.030895758,0.73999053,9.5157506e-05,1.6063714,0.5163517,0.191843,1.2851236,1.1951056,0.14085783,0.38608003,0.3892362,0.03421643,0.17302324,0.22408989,0.14171925,1.5531578,0.002479382,0.03658411,2.088757,0.42298824,1.6279197,1.2311141,0.21776189,0.9822929,1.1673716,0.2270484,0.0,0.42459524,0.39208418,0.16922912,0.4009349,0.346543,0.07912036,0.42870063,0.45479056,0.68065476,0.11976499,0.075975716,0.8420716,1.1102768,0.18982568,0.15396634,0.053087164,0.93396604,0.50053716,0.077249065,0.023732264,0.6414023,0.54176444,0.9567348,0.015505384,0.68411815,0.22257198,0.35987994,0.49999923,1.1598846,0.6626439,0.0,0.024587192,0.2681509,0.14014119,0.3439453,1.0135655,0.60934687,0.028285675,1.2330794,0.18235244,0.72143507,1.2998035,0.581098,0.45189208,0.4800832,0.0072847004,1.1241875,0.13784228,0.22705032,0.35510468,0.077829875,0.20904303,0.4400417,0.89452183,1.1938688,0.21566057,0.4836893,0.45739523,0.5331512,0.10519606,2.1165342,0.60796773,0.26378274,0.015640907,0.024160702,0.33823368,0.1806306,1.0227457,0.22569905,0.15689775,0.9310783,0.6202001,0.5204189,0.6221701,0.78860605,0.6230526,0.18500432,0.5401374,0.48399952,0.43212292,0.004320151,0.0,1.2735015,0.27333298,0.4918027,0.7942266,1.1846836,0.0838937,0.44193137,0.55239594,0.00015237436,0.94045496,0.3099784,1.1441959,0.33714834,0.0908575,0.21951406,0.6220663,0.62117773,0.9109697,0.5413712
0.6815822,0.56853616,0.43343103,0.12803796,0.46608233,0.87568176,0.8410474,1.3057463,0.8771443,0.9576809,0.14029694,1.0453725,0.26134384,0.36185288,0.04192536,0.1340172,0.114452556,0.22369082,0.14052284,0.09012975,0.18174492,0.68889844,0.44876447,0.6852546,0.5485022,0.56271195,0.07962662,0.5003735,0.3103108,0.9246313,0.30611727,1.0331587,0.5619037,0.8374163,0.24162185,0.10951588,0.38255244,0.035383873,0.38774323,0.62097216,0.25847447,0.16717298,0.097151026,0.8152789,1.7444062,0.020379204,0.19556108,0.040943958,0.49919033,0.38411152,0.21128163,0.34333366,0.37082583,1.5156252,0.25872257,0.053403772,1.0820925,0.16900116,0.4726043,0.27595374,0.36478424,0.34654027,0.37774456,0.3528769,0.5679103,0.39976472,0.92797154,0.13572156,0.5579535,0.5359005,0.24627434,0.032317672,0.06443311,0.7803534,0.32675406,0.118169814,0.48894268,0.2486188,0.008186634,0.072936624,0.073394,0.062692635,0.19867595,0.67723405,0.30370873,0.08682647,0.37276864,0.40169832,0.15642068,0.3435818,1.2042964,0.25645795,0.30388868,0.8133042,0.12156846,0.22140148,0.061587382,0.25397658,0.21078521,0.18453929,1.0014136,0.23332365,0.06683734,0.24270561,0.19052924,0.14861321,0.51412463,0.7211116,0.3343956,0.7880616,1.4771035,1.4128134,0.425354,0.15380538,0.26742828,0.112399966,0.44745994,0.572876,0.059878506,1.1809864,0.424486,0.13751239,0.57329375,0.30799365,0.0070102224,0.8258865,0.1758327,0.4071697,0.4994164,0.22583842,0.33420575,0.06946501,0.13244982,0.67482597,0.22136903,1.3340883,0.5198288,0.51961774,0.5844028,0.6601864,0.71734774,0.11841191,0.6561794,0.68957114,0.6340554,0.9786321,0.8104285,1.0769114,0.056723017,0.04238,0.9164743,0.5984572,0.59875375,0.107172206,0.4621246,0.87980556,0.3539005,0.1936488,0.31402922,0.3761479,0.4449296,0.45947945,0.43812984,0.1670806,0.28350502,0.25240383,0.124889694,0.40693265,0.49941215,0.1680727,0.22481336,0.35951462,0.32319558,0.089973554,0.5267879,0.5626109,0.21783936,0.11529121,0.57695234,0.27353573,0.15797876,0.3604222,0.12193412,0.54852027,0.11076242,0.50576675,0.23145968,0.18415125,0.4216924,0.27221563,0.6383735,0.35834932,0.114028096,0.84651893,0.2104465,0.3540836,0.29441667,0.82383007,0.3285254,0.7187321,0.59456855,0.163053,0.23324862,0.48232585,0.41780052,0.19586192,0.51652336,0.17523807,0.48134786,0.27320364,0.03815435,0.23685452,0.25665122,0.28049445,0.55912524,0.7324497,0.5256704,1.0680931,0.18037134,0.42101648,0.024198733,0.22204061,0.16348816,0.13426901,0.8293102,0.5050306,0.25674492,0.2228593,0.71201366,0.7950101,0.18156704,0.013807744,0.26650965,0.18015146,0.015395649,0.083069846,0.08620687,1.2638211,0.70745856,0.34014255,0.3995988,0.17115703,0.19738472,0.12386253,0.2560581,0.2276322,0.75252223,0.29417774,0.326258,0.2821451,0.38672844,0.05754862,0.1569587,0.8441329,0.6876529,0.8012949,0.16738506,0.36266723,0.033799782,0.6623339,0.1231294,0.2943837,0.055800483,1.2479705,0.5324786,2.284875,1.1382746,0.45190307,0.112426884,0.52180386,0.09207229,0.24724904,0.19354174,0.6723473,0.14476427,0.80988824,0.34930012,1.0452576,0.13790981,0.5243421,0.33478191,0.7836589,1.067524,0.34756172,0.6343069,0.26314867,0.51554257,0.15541819,0.0443037,0.44279182,0.7108946,0.8051987,0.19282992,0.24763983,0.40853906,0.15061912,0.78520334,0.2563702,0.28392038,0.49609426,1.2809641,0.33371347,0.6692936,0.49278975,0.2169314,0.978144,0.44786048,0.340304,0.66861904,0.32699108,0.08295059,0.99023294,0.71388304,0.22726612,1.0174625,1.0495255,0.9723674,0.26490262,0.70156443,0.2621103,0.7139694,1.0723443,0.11751578,0.38639268,1.0055282,0.37147245,0.05686968,0.14577663,0.047617774,0.4079379,0.8903383,0.6118181,0.24542415,0.018124145,0.05127325,0.22530517,0.3483847,0.4152626,0.10790782,0.28089342,0.058677454,0.41269368,0.4237709,0.43593597,0.16298418,0.67465794,0.029632809,0.98858416,0.617998,0.30231076,0.24767599,0.36779615,0.31649625,0.31602037,0.012315896,0.38263953,0.38749018,0.14280787,0.13589178,0.10082768,0.34292483,0.0927251,0.123299845,0.04444533,0.33091503,0.79872763,0.52579117,0.44704983,0.49224436,0.239512,0.5135547,0.020355584,0.64967585,0.6812554,0.045994658,0.2170578,0.6313716,0.051255073,0.3648035,0.3937205,1.1225281,0.054456957,1.3333583,0.41568363,0.31251478,0.065854646,0.4615764,0.54388195,0.16584098,0.02851741,0.3402464,0.3353814,0.39538687,0.35899398,0.38586128,0.5237827,0.58687955,0.31617928,0.43705383,0.26457316,0.44007254,0.25922233,0.06928843,0.22116993,0.36558646,0.28764352,0.6632915,0.48742864,0.21773565,0.43664914,0.74946,0.1542129,0.6187507,0.13000707,0.39566505,1.131924,0.12725097,0.11463755,0.056458093,0.30818868,0.65628994,0.9622142,0.13751444,0.03947424,0.80868423,0.27228653,0.59884363,0.23497099,0.13817497,0.46958917,0.27370626,0.5673014,0.18431377,0.0719312,0.40235266,0.19356772,0.26684973,0.58128023,0.30149856,0.48569012,0.7151842,0.0052974024,0.9019601,0.46356604,0.24224462,1.0336673,0.2983095,0.70341575,0.194662,0.3201281,0.25723547,0.25555146,0.27521673,0.1283872,0.3249947,1.5822389,0.028362883,0.028998194,0.3324703,0.5944175,0.14678109,0.03057536,0.49097866,0.290551,0.09256141,0.4012466,0.4034932,0.095180884,0.60578823,0.41924226,0.25417784,0.06406699,0.16195236,1.581537,0.09861624,0.9977393,0.6052892,0.06649423,0.6299872,0.4717929,0.17371911,0.2244759,0.26364225,0.6898542,0.16666201,1.1264576,0.06335867,1.9547969,0.5764028,0.03853376,0.38280183,0.10162507,0.29963195,0.33184636,0.16063794,0.35141754,0.6052275,0.41446388,0.8767871,0.22349776,0.6001599,0.5052332,0.099377975,0.4175604,0.5045627,0.5426177,0.046651896,0.18214388,0.20980185,0.0707172,0.53927606,0.74630296,0.6125733,0.26865768,0.53849286,0.36202633,0.41012195,0.45027936,0.22467175,0.4164677,0.010869824,0.46086234,0.40006226,0.18386742,0.67717147,0.10492702,0.75756246,0.2699189,0.30904984,0.15405458,0.08257183,0.29131836,1.0979774,0.28752363,0.15961368,1.0358636,0.99364495,1.188797,1.0414692,0.018464584,0.3196646,0.49647707,0.29550767,0.18066023,0.20171241,0.70515305,0.4829281,0.4971761,0.716316,0.22887088,0.2615742,0.6998086,0.13235098,0.03488333,0.50764626,0.3847229,0.24314164,0.7991406,0.7138562,0.20963244,0.18579668,0.8489511,0.50507784,0.2982503,0.63716936,0.21190877,0.11416149,0.911625,0.14244418,0.09527138,0.4691714,0.047451284,0.12828477,0.18159795,0.08876866,0.14065869,0.231841,0.31627735,0.037682142,0.29064298,0.5929414,0.11892313,0.21855082,0.28697956,0.7775281,0.88861006,0.1525977,0.62363994,0.25452688,0.18330562,0.2394709,0.05611343,1.8387758,0.712718,0.30336076,0.00395542,0.13995521,0.15505832,0.27438843,0.17894512,0.3079588,0.14924118,0.16616192,1.1361022,0.6576344,0.29457152,0.042791806,0.07733108,0.45405155,0.4359527,0.057349775,0.38741916,1.211144,0.08191694,0.7944727,1.0919828,0.2960078,0.085893095,0.16417082,0.36488795,0.3196509,0.10696174,0.059005916,0.73029613,0.20313483,0.29319203,0.24269807,0.5654397,0.9935884,0.8120783,1.5985308,0.7545012,0.5334468,0.114280194,0.25740868,0.061247278,0.5991921,0.45676902,0.070790164,0.20524497,0.8656516,1.144046,0.29424596,0.80887604,0.1601289,0.15727966,0.06327671,0.4937814,0.06163331,0.23370661,0.2972573,0.18484408,0.34773427,0.17338666,1.2295316,0.97281605,0.49120057,0.26520124,1.3560264,0.32763857,0.67535895,0.63158,0.22605443,0.32246676,0.25404984,0.08329486,0.25642505,0.26422483,0.69014966,0.044713415,0.0925525,0.19625616,0.0084965415,0.19318202,0.78486425,0.34288505,0.43144208,0.09182347,0.16096301,0.19068149,0.8031646,0.6922563,0.29162353,0.21857451,0.41625595,0.21544439,0.18745479,0.24271896,0.19955674,0.04272416,0.1294705,0.44770396,0.30804378,0.20709562,0.10896602,0.4083801,1.6161358,0.0856053,0.52736175,0.053254887,0.15235938,0.24611881,0.9171684,0.12263224,0.18230495,0.48121914,0.1215662,0.07805106,0.55136585,0.4362613,0.3110554,0.018354435,0.12165174,0.69642925,0.49477535,0.33269274,0.50818205,0.5571159,0.080067515,0.27916735,0.4941434,0.1597037,0.7022893,0.43814766,0.0075285984,0.15015945,0.128119,1.6511947,0.090125546,0.10694564,0.89077884,0.254183,0.08702988,0.032268114,0.253536,0.03449081,0.048456013,0.47136772,0.64762443,0.58026075,0.1898951,0.62779355,0.22042808,0.26802596,0.35482806,0.4407795,0.10492936,0.45880392,0.0900249,1.0673473,0.3153311,0.038863286,0.27114904,0.43766105,0.67077726,0.43679136,0.44280446,0.18368989,0.23258594,0.57558966,0.48688254,0.31391543,0.029150648,0.4475546,0.03535429,0.16163625,0.24064782,0.3209481,0.5505174,0.29475394,1.438833,0.34867772,0.22422762,0.23243542,0.022623388,0.2736675,0.3864925,0.33983672,0.28283367,0.8631243,0.0659167,0.5974178,0.04205277,0.38919026,0.19762945,0.44809595,0.59164363,0.6817394,0.11291991,0.023399655,0.37684038,0.6090375,0.46433118,0.3506013,0.32102153,1.0750349,0.3392014,0.5372405,0.44936636,0.30748805,0.23612326,0.48782012,0.56061375,0.1315355,0.63405216,0.24170792,0.5657304,0.25973102,0.2592066,0.09713489,0.109693415,0.22913356,0.2780593,0.1994279,0.23517315,0.7461661,0.3999907,0.1147404,0.7808573,0.26738635,0.29105628,0.22744709,0.18039921,0.34529337,0.10286157,0.4274736,0.23156345,0.7446034,0.16762356,0.29381034,0.5464366,0.12903672,0.30835465,0.48127064,0.19814272,0.24426752,0.9432712,0.3402698,0.09216701,0.22206685,0.38072243,0.26356763,0.49343386,0.10291823,0.931815,0.43862554,0.5965183,0.16719568,0.5910788,0.18655814,0.16179156,0.21239862,0.18967386,0.1559009,0.68323505,0.4079124,0.5209037,0.0937342,0.4057372,0.9132225,0.56713355,0.3736154,0.20901461,0.6602216,0.25835317,0.74329793,1.1331162,0.98221123,1.1197318,0.77815294,0.17939872,0.84895855,0.16924763,0.123102106,0.49641156,0.28316522,0.34353748,0.56311613,0.09190935,0.028764665,0.7026168,0.32608372,0.13759568,0.50608736,0.164739,0.97238255,0.1011919,0.6330316,0.43503916,0.7292357,0.50071585,0.0011355086,0.31930768,0.37990206,0.35310933,0.18563037,0.3349347,0.33090958,0.08936768,0.41521454,0.08227679,0.22803652,0.5241233,0.0768995,0.80214167,0.12918864,0.16585745,0.482742,0.35354382,0.1742666,0.3560915,0.20339954,0.6391249,0.3517436,0.23482189,0.034954395,1.0899075,0.08391997,0.58769035,0.14288121,0.69207007,0.43341142,0.2712967,0.66583174,0.61335385,1.2826574,0.182101,0.25544453,0.2854779,0.2785055,0.28953105,0.3801518,0.441599,0.3120761,0.16467568,0.3552006,0.34640452,0.22682706,0.5804014,0.044512168,0.38832563,0.90396273,0.090354785,0.6518312,0.18711548,0.42022133,0.012246808,0.36038816,0.29932088,0.070649266,1.1550603,0.0655094,0.32789186,0.33500004,0.27027312,0.28220022,0.19058715,0.89144975,0.8712663,0.22159177,0.3539672,0.45530576,0.65566933,0.045647122,0.39785436,0.33526102,0.13818417,1.2957041,0.57505715,0.20755105,0.68460953,1.1161829,0.546314,0.12838882,0.14304638,0.40521988,0.04122346,0.58742946,0.109534115,0.31310812,0.08326761,0.20813322,0.29269093,0.31773698,0.14019646,0.06129913,0.35356212,1.4118812,0.09795253,0.7626393,0.34016335,0.32229775,0.70194113,0.71446264,0.23579518,0.1292185,0.3973041,0.14940247,0.2882303,0.3423781,0.41375977,0.32522455,0.97383,0.6959404,0.40387905,0.36676383,0.06919453,0.5981095,0.36768767,0.6895532,0.24059436,0.51637435,0.6100681,0.19020626,0.42115736,0.3477826,0.1625196,0.7209755,0.13724142,0.16658384,0.507746,0.19240803,0.76684225,0.19572482,0.88648355,0.15649226,0.26302192,0.13995229,0.37325105,0.33921534,0.42433673,0.45731872,0.6420266,0.21862079,0.0040832832,0.2236903,0.0648853,0.746729,0.109339915,0.51485217,0.29544994,0.3888001,0.65282667,0.22590426,0.5895835,0.52854437,0.294787,0.24456525,0.47216564,0.11380257,0.087269194,0.32916793,0.19604906,0.22501749,0.6708537,0.8269435,0.13452148,0.69205475,0.17499165,0.34163082,0.4159471,0.4909199,0.11507901,0.31303424,0.79437864,0.2326448,0.04258912,0.4049731,0.09391235,0.006402737,0.3505727,0.1980071,0.097087905,0.05080938,0.630581,0.13798949,0.07351102,0.176285,0.2479473,0.27455232,0.21992703,0.19539827,0.27958584,0.26254386,0.5356227,0.09132902,0.18804686,0.61689377,0.08260448,0.026948836,0.5983157,0.021098644,0.15988722,0.01351741,0.31964797,0.549603,0.34317473,0.1864711,0.11923641,0.20379475,0.058076132,0.1294509,0.026225485,0.52508664,0.0035895659,0.13767049,0.1830886,0.27729052,0.715098,0.3372664,0.7598934,0.25020963,0.1704188,0.10161534,0.1264711,0.11869388,0.37444717,0.013808558,0.6261039,0.095118165,0.03493443,0.5435862,0.22965707,0.6503234,0.14808315,0.021348666,0.15995002,0.0033957746,1.0433487,0.017838698,0.113035984,0.29832923,0.012724621,0.5137917,0.56408286,0.3006701,0.025051141,0.1819406,0.25561392,0.6103934,0.034480043,0.16051137,0.13005593,0.6285716,1.2761874,0.15410031,1.0322924,0.112306215,0.07267368,0.023879625,0.24469192,0.1921787,0.012607077,1.1846957,0.5029386,0.31314826,0.05466547,0.25857475,0.41699702,0.2617357,0.035118453,0.27536204,0.7252537,1.1853755,0.81045705,0.09550822,0.21882512,0.3374039,0.092869,0.065563574,0.2403231,0.27108535,0.91374826,0.585793,0.03169067,0.08116852,0.2740893,0.024017759,0.4164277,0.32490024,0.58524877,0.012883696,0.068038605,1.8035581,0.18929458,0.26751253,0.32019135,0.23460685,0.26341853,0.7889119,0.86353755,0.4555965,0.43568966,0.16395572,0.12731203,0.95750976,0.51828736,0.5361409,0.16587374,0.34957075,0.2404246,0.11474702,0.32395482,1.9380138,0.9265758,0.7384574,0.5208173,0.23537725,1.0932566,0.16879193,0.28104323,0.013699842,0.07666842,0.57162213,1.7718776,1.7013593,0.7325147,0.22862557,1.1086333,0.30201668,0.21222521,0.08653341,0.52557415,0.69515824,0.35661095,0.17144096,0.65674824,0.5292891,0.015839824,1.2423115,0.31533864,0.26528323,0.20762086,0.071800694,0.35345647,0.0350238,0.2769247,1.3981001,0.29599753,0.88510406,0.25453526,0.23253922,0.5328586,0.6917386,0.028296473,0.63571453,0.9579222,1.0812098,0.01878419,0.32695955,0.27417496,0.92657286,0.606259,0.47061992,0.32742095,0.7272119,0.03332222,0.043816384,0.15182807,0.58143884,0.1865009,0.30260038,0.33554247,0.02131419,0.0045677093,1.526761,0.14140347,0.5912881,0.09210211,0.21522836,0.12739472,0.8453686,0.07884325,0.7363964,0.75474834,0.4080978,0.03999905,0.050796967,0.21299818,0.08318265,0.001828441,0.47808266,0.12534614,1.2384319,0.00092014845,0.40057254,0.060273107,0.37401313,0.10886849,1.0470157,0.068309,0.19933772,0.7524089,0.4336293,0.45907408,0.41618705,0.5256895,0.1114862,0.07976654,1.2207487,0.0,0.3204969,0.10924418,0.026370903,0.2052625,0.014544006,0.54798806,0.25332305,0.31960145,0.135053,0.08109356,0.29349223,0.13779613,0.0,0.102345236,0.0075006224,0.00784223,0.06657433,0.8199991,0.15562806,0.8480669,0.26256788,0.013654507,0.21672504,0.04600631,0.043395128,0.19092926,0.6856379,0.5735438,1.4543205,1.8078188,0.074051335,0.114875205,0.4453504,1.4971836,0.7182374,0.5008403,1.3568447,0.39377153,0.13055837,0.54113764,0.33724937,1.0575569,0.9626987,0.07934185,0.2877276,0.48748925,0.14296305,0.5344022,0.3229001,0.72136533,0.56517553,0.50319916,0.36597562,0.13606152,0.6630157,0.31228936,0.013002572,0.10632269,0.5036008,0.4854733,0.48692143,0.0,0.0025478816,0.023466073,1.714391,0.56866467,0.03983835,0.18550955,0.0837535,0.54094356,0.3348074,0.30546665,0.39720964,0.48465297,0.17030863,0.32372415,0.545102,0.61724937,0.26655066,0.32807732,0.37344965,1.3491428,2.3240373,0.22923335,1.7508478,0.0023105985,0.10101777,0.6934855,0.7520388,0.12086853,0.11374594,0.21769363,0.651623,0.32521316,0.27133083,0.5559957,0.21718384,0.34425968,0.2005312,0.46127528,1.2300014,0.23973499,0.47624427,0.6499406,0.23408753,0.29383478,0.4891527,0.1516074,0.043861106,0.21191026,0.25424773,0.2438947,0.44131795,0.3495983,0.42153707,0.45753875,0.14621514,1.1060702,0.58611053,0.38653046,0.84511626,1.4041297,0.9419001,1.3218479,0.0042311926,0.27731183,0.050994974,0.204324,0.17959154,0.06124051,0.094654255,0.8052752,0.0075942893,0.040363446,0.78721166,0.21471988,0.21495365,0.1894985,0.7616352,1.5482517,0.9358479,0.12453964,0.09868377,0.0049450775,0.4225433,0.56398016,0.6277497,0.53007895,0.12944959,0.7100592,0.6206355,1.0912305,0.071647905,0.06619335,1.2831178,0.14733927,0.5965652,0.51102865,2.2002501,0.37466756,1.0693874,0.47309813,0.8045897,0.16586483,0.57484734,0.042536385,0.3880021,0.0333189,0.043679602,0.13729326,0.07677988,2.530445,0.5282653,0.020267207,0.71284235,0.39287275,0.2399598,0.3763492,0.25942376,0.02543395,0.93739986,1.120487,0.37281412,0.29554936,0.07141444,0.060883537,0.16428773,0.23641059,0.18080267,0.31031674,0.3764078,1.4281515,0.0040569324,0.4800374,0.18485427,0.54462427,0.04909951,0.013656021,1.5058901,0.14152509,0.1963937,0.373505,0.5764973,0.56568444,0.11539151,0.095906004,0.044505242,0.08703196,0.37376925,0.14386192,0.74304074,0.10342079,0.3104779,0.20049152,0.05929029,0.06200361,0.37655258,0.25902843,0.26432544,0.13339338,0.23638773,0.55208564,0.003588092,0.7969151,0.24332462,0.121951625,0.5562842,0.745661,0.00012487858,0.30404705,0.08174531,0.9581059,0.36192977,1.154356,0.19635724,0.21492825,0.08825378,0.4252873,0.01466297,0.9172788,0.32353008,0.764304,0.7395884,0.2161076,1.2813392,0.012438166,0.035649583,0.27743566,0.94765925,0.45573652,0.19146368,0.04104063,0.33777058,0.39367628,0.27120793,0.54761136,0.31874505,0.82455945,0.23266795,0.035360027,0.097967476,0.1577105,0.34242702,0.11121359,0.6500671,0.030292055,0.035900664,0.021485591,0.104743764,0.4049911,1.3433317,0.1029824,0.24777213,0.12710808,0.1208321,0.2319139,0.12995924,0.050766986,0.5935631,0.25249976,0.29252478,0.5688194,0.087568596,0.05428326,0.37427327,0.36607236,0.10522458,0.10571669,1.1543376,0.6747825,0.16570094,0.5149486,0.56278354,0.129455,0.30064702,0.61895114,0.07304309,0.06940515,0.30554014,0.032153554,0.83118427,0.46668363,0.22658844,0.47419912,0.5796925,0.9642078,0.8331279,0.48432475,0.086562164,0.3720793,0.034100648,0.08192365,0.57045215,1.2519511,0.35104397,0.57880265,0.11055547,0.44177774,0.47622776,0.19369525,0.11021628,0.55084825,0.6165643,0.31714725,0.5352671,0.0,0.013143874,0.539871,0.5902411,0.5192553,0.5386837,0.028290218,1.392059,1.026427,0.81770533,0.046237975,0.0,0.9068947,0.13155623,0.5084431,0.24108954,1.1805614,0.42202508,0.053448603,2.7044573,0.08821374,0.02899525,0.7791469,0.20784774,0.03223364,0.6251174,0.63853025,0.7218622,0.79412544,0.025360545,0.7662461,0.20775065,0.9700759,0.0,0.05462668,1.1875356,0.43835023,2.7653165,0.048766736,0.13930945,0.26362264,0.08600896,0.22237627,0.5433338,0.74212795,0.678493,0.1868838,0.6237819,0.18192619,1.0197858,0.26285055,0.17478096,0.1069783,0.37754816,0.109174296,0.0004508379,0.008524416,0.08948457,0.29528132,0.22218575,0.13762249,0.4104479,0.5202826,0.77041227,0.21680936,0.08121428,2.0997128,0.42977363,0.5887376,0.18687108,0.025197703,0.34006357,0.053379074,0.30441314,1.6151247,0.5788995,0.62595314,0.26577607,0.37238306,0.04415015,0.85843205,0.04616285,0.05607234,0.007496275,0.17342442,0.33241948,0.2086908,1.1327394,0.47096187,0.03669269,0.2183997,0.22819181,1.1651363,0.0558346,0.012398985,0.729708,0.24374498,0.7828866,0.49257794,0.99265814,0.44055986,0.5932587,0.17292795,0.27800345,0.406891,0.40322196,0.08979177,0.27667063,0.15622959,0.15115377,0.6023115,0.07906309,0.44116396,1.3711245,0.601314,0.58669144,0.09595795,0.5639315,0.05325809,0.42812717,0.73903334,0.18336499,0.197874,0.29652148,0.16968764,0.120906755,0.24282196,2.0348022,0.12979859,0.8540038,0.46358436,0.7803815,1.5350295,1.5304294,0.3827864,0.21519822,0.028114438,0.35902607,0.30160564,0.028820014,0.5190084,0.67827517,0.8180984,0.14539349,1.1587723,0.20995402,0.0,0.009503571,0.12048248,0.37833345,0.2622174,0.22678778,0.37770423,0.0936394,0.07045558,0.257194,0.55916274,0.65059143,0.010710454,0.26643685,1.1298277,0.0,0.7928724,0.76290053,0.20701097,0.20906454,0.08829674,0.8810581,0.09442454,0.8653841,0.016801544,0.17736353,0.9382096,0.26910007,0.17203842,0.3962985,0.09663041,0.30943424,0.39772552,1.0257438,0.0039311023,0.5298552,0.027215205,0.5213296,0.34919444,0.33845615,0.20487987,0.04206448,0.0,0.09388604,0.17628074,0.016511494,0.21626948,0.99714935,0.18693578,0.84500027,1.524045,1.0746808,0.48714784,0.5673808,2.0585942,0.05768878,1.2476873,0.33538732,1.0913401,0.11807125,0.009974969,0.0776352,0.92879087,0.43665195,1.4788115,0.29049778,0.0716805,0.06477791,0.41320604,0.66150045,0.30795175,1.7147038,0.20363012,0.55767334,0.13735309,1.0189855,0.11777153,0.02108283,0.5786301,0.80803436,0.8431705,0.013214875,0.93218744,0.2133134,0.557262,0.7983337,1.1723406,0.2566015,0.022360709,0.5680126,0.8164171,0.2530882,0.31669647,0.39008,0.0,0.14608368,0.028931031,1.0839803,1.6654433,0.15013975,0.5475818,0.30593905,0.006391651,0.09979463,0.529807,0.15661651,0.27134538,0.5789704,0.36685175,0.035163697,0.25153488,0.5885435,0.43209895,0.39891893,0.40983522,0.6000464,0.83929753,0.34376985,0.4757164,0.31269255,0.025506187,2.2034032,0.9881189,0.37019488,0.0,0.12090745,0.45462024,1.0009964,0.3929867,0.38142365,1.5248531,0.66894126,0.51307,0.28335646,0.5474602,0.28145525,0.19418824,0.79123294,0.11206097,0.4502241,0.4408272,0.47891286,0.147571,2.3294296,0.32249534,0.35274678,1.0310987,0.74252117,0.05417773,0.77307,0.0,1.6657815,0.600591,0.5195246,1.264342,1.3403318,0.15709808,0.29454088,0.19493753,0.016528513,0.23579869,0.10929598,0.35866696,1.4796911,0.0,0.10447174,2.2012584,0.3991351,1.428776,0.99231565,0.23047683,0.96295136,1.1241639,0.25903562,0.0,0.47308558,0.21023071,0.2203206,0.36850733,0.35737792,0.09014502,0.21506225,0.5417539,0.6744252,0.11815865,0.042483892,0.89434993,1.207074,0.167856,0.2796592,0.005279581,0.89086115,0.45023844,0.004846378,0.0891328,0.7579766,0.4835524,0.75343525,0.091997996,0.66047597,0.49600887,0.28936517,0.1600774,0.8870788,0.86000454,0.04232976,0.04453088,0.17527665,0.15589817,0.40917712,0.6285615,0.7574408,0.038739406,1.0851411,0.21479812,0.7415646,1.6063426,0.6900899,0.4702021,0.58792186,0.048697375,1.0317925,0.17719999,0.5212995,0.28844255,0.12384449,0.1438882,0.5261874,1.1559434,1.1392595,0.056236595,0.35056084,0.3449704,0.9791659,0.11602656,1.5002418,0.69982016,0.23755328,0.0006417779,0.0,0.36659452,0.27019742,0.8223767,0.21093725,0.078599066,0.65642536,0.7945484,0.36781713,0.5208588,1.0203937,0.5599686,0.08973624,0.68043077,0.573953,0.37857413,0.05304286,0.0,1.0405152,0.4010318,0.26474884,0.39519572,1.452095,0.15744461,0.4696449,0.85112125,0.002356506,1.3107029,0.49298388,0.81708235,0.24476402,0.15749931,0.2061175,0.61603266,0.7341965,0.9843273,0.36490983
0.45428818,0.6743566,0.3525219,0.28870293,0.36934647,0.6952369,0.61656415,1.3715013,0.894757,0.962159,0.1900286,0.9224216,0.1786186,0.28347582,0.05350957,0.14175153,0.13670123,0.24144049,0.1157008,0.089097366,0.05380939,0.51941586,0.3536091,0.43888295,0.5130403,0.44575146,0.089565456,0.66358113,0.4823761,0.7381096,0.25856447,0.7694726,0.3297299,0.78594327,0.21715078,0.016148314,0.39066195,0.022784512,0.3163462,0.48752743,0.38540336,0.21353824,0.10393845,0.6842687,1.4557663,0.0037298845,0.10497829,0.10138212,0.18116234,0.33100548,0.39745966,0.41757172,0.2642907,1.1209092,0.2234548,0.04502845,0.62311155,0.15625972,0.3728866,0.17433894,0.43016043,0.36037076,0.3539389,0.41230094,0.65073615,0.69623333,1.2555454,0.19385616,0.70376265,0.41845125,0.15458095,0.0769563,0.047462985,0.78920877,0.21808843,0.14304477,0.30779654,0.30193165,0.00089436007,0.1359966,0.1881705,0.042618707,0.23283502,0.5858258,0.23596576,0.09306504,0.44108284,0.39176023,0.14210975,0.29153872,0.87427413,0.49240857,0.53793406,0.5155786,0.26522833,0.164152,0.04775182,0.17535506,0.1871466,0.14048763,0.75654316,0.055140756,0.09651779,0.33881867,0.5279701,0.07956982,0.17937344,0.69164157,0.28965575,0.6759453,1.0237467,1.5281942,0.17671876,0.15944919,0.28212318,0.07506931,0.81791604,0.5426172,0.013718046,0.95819414,0.3759047,0.17936066,0.71031666,0.48738194,0.13674903,0.6109144,0.1001742,0.41839957,0.34031433,0.2520605,0.091555625,0.089277714,0.14200777,0.3639883,0.30920005,1.164468,0.5670905,0.52872807,0.41812015,1.1010368,0.5299413,0.14910786,0.6135043,0.4180164,0.43249536,0.7679895,0.76589787,0.8968551,0.05475621,0.10538395,1.1066945,0.31106937,0.4810382,0.112292625,0.33097827,0.78940165,0.40761507,0.2846876,0.17514226,0.2699119,0.29057,0.4626562,0.18222821,0.15069982,0.39459094,0.22094846,0.12990242,0.29211456,0.4122524,0.10664905,0.16818583,0.22496425,0.34246373,0.13592643,0.3485347,0.35078627,0.1184628,0.103078626,0.5470319,0.19481096,0.16610096,0.24146087,0.21209258,0.6460558,0.13763812,0.32708594,0.17337853,0.24119781,0.30536222,0.31166133,0.39032015,0.49648714,0.11766252,0.93707335,0.25277898,0.11935133,0.39060795,0.7724704,0.28632948,0.55875057,0.45964158,0.26617557,0.16965252,0.41293585,0.30030787,0.3086277,0.5247833,0.101839565,0.38873103,0.36279887,0.027544254,0.20227167,0.12920412,0.101045534,0.37449014,0.38409725,0.49878392,0.9135085,0.24045658,0.3744791,0.009345236,0.18534979,0.057831474,0.097562805,0.44600856,0.5018015,0.24147116,0.25503886,0.40277848,0.61918443,0.47226176,0.0121860895,0.10910017,0.17763281,0.026864115,0.07725477,0.14663559,0.81559163,0.70113873,0.3281448,0.2574509,0.1762138,0.4789358,0.20564619,0.3224505,0.19678444,0.13556525,0.37161446,0.33473328,0.28761262,0.19456002,0.06302008,0.15870444,0.72031975,0.7198356,0.4952019,0.23628023,0.3287198,0.032881152,0.5208419,0.12286937,0.21947594,0.008093953,0.7476262,0.42187747,1.933417,0.96533525,0.56862116,0.09695123,0.47796908,0.07228375,0.25477806,0.2413372,0.8158209,0.14955632,1.0020576,0.3675246,1.0940226,0.19201036,0.39796734,0.3410004,0.7647455,0.9915332,0.35776517,0.5033474,0.63795906,0.43451124,0.1459031,0.029517306,0.33157194,0.9067402,0.5539222,0.14824824,0.26809287,0.36065933,0.27848536,0.8504627,0.3188895,0.1943038,0.38263628,0.9677863,0.36028236,0.572469,0.49226123,0.26062503,0.81805,0.3695756,0.35490197,0.69156593,0.31032142,0.030074347,1.1413581,1.100908,0.3261937,0.739583,0.7632882,0.9817297,0.42176348,0.6015617,0.49083364,0.6321917,0.54152125,0.12312004,0.18466026,0.64340335,0.30172315,0.27176225,0.050899487,0.10351478,0.2006892,0.89816904,0.21710771,0.54398,0.11780137,0.0008554435,0.20639585,0.17710224,0.3938462,0.13330413,0.2736074,0.033678718,0.26879227,0.41940576,0.3626329,0.12288906,0.26955292,0.032541804,0.78555155,0.5107888,0.3897394,0.385659,0.43569636,0.29317847,0.4646787,0.031942014,0.3769594,0.28319132,0.15455961,0.13985649,0.085238814,0.10333627,0.062933385,0.10162088,0.009973681,0.5285838,0.64406294,0.76101184,0.14850438,0.5426607,0.12500364,0.47799844,0.020798624,0.1753763,0.3821739,0.0499048,0.12283754,0.31753907,0.1412591,0.34179044,0.30782807,1.0700259,0.0071170074,0.4728916,0.27461353,0.27336788,0.066256315,0.3819235,0.65467596,0.035640888,0.06856984,0.22098912,0.47212398,0.50779796,0.32600302,0.099186406,0.5089709,0.051564462,0.23595259,0.33439022,0.3465161,0.34556842,0.22231689,0.019481398,0.07985887,0.23036858,0.14060013,0.9268029,0.25292227,0.25738782,0.3975263,0.4735645,0.053383265,0.22648865,0.053005878,0.36752552,0.47158945,0.23673818,0.1656847,0.012322377,0.14736214,0.65375036,0.787291,0.03953197,0.025919426,0.5022502,0.1986543,0.4054882,0.21180889,0.09402787,0.37649333,0.396882,0.3430515,0.24384578,0.075175256,0.1350621,0.16886969,0.17859715,0.91292274,0.15815495,0.43456244,0.3716904,0.1062565,1.1963241,0.3063305,0.11039304,0.9448,0.21336871,0.5203199,0.4451673,0.18841295,0.5143139,0.108429834,0.17556135,0.26734328,0.40194097,1.3787794,0.043824226,0.32680306,0.24647541,0.09659207,0.09936578,0.05018945,0.33408207,0.2758949,0.10428004,0.24098045,0.034211632,0.03597243,0.54043436,0.15104741,0.27582693,0.05368494,0.15536846,0.56830704,0.21181066,0.4908871,0.32431528,0.21704791,0.61958945,0.39737836,0.07364909,0.19279797,0.49997988,0.43963456,0.082152925,0.2876801,0.002986492,1.2624861,0.36568627,0.17386766,0.3929229,0.088996224,0.059058413,0.34133,0.12353797,0.36052787,0.5239108,0.25641137,0.62354815,0.10215457,0.44201002,0.38092008,0.017178807,0.0724826,0.4914363,0.090902865,0.0012077431,0.21348956,0.24182619,0.13610688,0.4926003,0.55117327,0.5230271,0.5094254,0.5636157,0.08325897,0.36092457,0.43685567,0.2777159,0.42305326,0.010643343,0.32768458,0.46564764,0.09222598,0.4906037,0.278758,0.5147482,0.2053366,0.3113705,0.15594962,0.23219313,0.32015532,1.0426282,0.44812503,0.17789613,0.07111428,1.2819316,0.35713705,1.0416918,0.01877303,0.025023308,0.5484613,0.11592833,0.25863117,0.12913874,0.44368312,0.046853617,0.22007269,0.75655705,0.15684801,0.3282782,0.6262148,0.03765324,0.22161543,0.44828957,0.28613728,0.05021868,0.6293608,0.73481447,0.28325146,0.36322963,0.7108505,0.7062372,0.14052898,0.25450706,0.15806416,0.043764517,0.50000876,0.19176233,0.099817246,0.35956907,0.12103614,0.109346054,0.12936646,0.078528084,0.11448582,0.10459146,0.6170301,0.14006713,0.18319061,0.5101812,0.08107328,0.026097162,0.3381184,0.3371148,0.6902735,0.29405025,0.36094955,0.6117245,0.0530079,0.27676982,0.00866238,1.6169144,0.5494579,0.37102628,0.082849875,0.15462792,0.13264939,0.23982407,0.2153537,0.096145466,0.121788464,0.05142184,0.5699531,0.50477725,0.12837829,0.059464727,0.0695027,0.010495008,0.08812648,0.058757883,0.24664381,0.12477845,0.20609108,0.9126929,1.11734,0.29569164,0.043072578,0.31236577,0.30191416,0.16930385,0.31305078,0.029478963,0.7732017,0.11912845,0.14323848,0.57733,0.68895435,0.23887289,0.89632505,1.7424631,0.49292052,0.4683049,0.111884,0.31845334,0.007209761,0.56261337,0.56572634,0.19035763,0.08831775,0.41224724,0.5753597,0.24500567,0.7324238,0.10231204,0.3198284,0.09548936,0.18649781,0.20319432,0.2077511,0.2970155,0.14310808,0.22079882,0.22631791,1.0875615,0.16732533,0.47404087,0.16290379,0.50697255,0.2328259,0.41746008,0.61099076,1.0766807,0.26541913,0.1652526,0.25664616,0.17793098,0.12633264,0.46306607,0.0022382068,0.062125035,0.45942944,0.020044819,0.102281615,0.30624402,0.31033367,0.29293013,0.46568298,0.035638638,0.2699244,0.32930917,0.08983678,0.12112808,0.319928,0.37015316,0.12685373,0.111307025,0.3440459,0.16262417,0.1287884,0.31588477,0.43124813,0.26281676,0.09754984,0.09586857,0.3815264,0.9120005,0.09714069,0.33039668,0.043904867,0.06331787,0.10075987,1.4427137,0.13084833,0.13359584,0.7873447,0.18912676,0.13110983,0.35290545,0.1465197,0.2230809,0.0015832637,0.26757702,0.5396859,0.22743465,0.21060307,0.36332548,0.28488955,0.31509602,0.18366718,0.15906075,0.14483099,0.9613657,0.13746077,0.072731696,0.17672461,0.06815314,2.5594544,0.002614527,0.031151446,0.5635914,0.606862,0.09511556,0.013749195,0.1342334,0.059241895,0.037095085,0.56561697,0.6682916,0.42442256,0.11223054,0.22377384,0.083694026,0.20069286,0.17730221,0.44700044,0.2719476,0.30727455,0.09362975,0.81467783,0.27829954,0.102911696,0.1343666,0.45806068,0.3467952,0.3500682,0.42846993,0.18901059,0.2070813,0.8006347,0.734395,0.5858177,0.07094738,0.22679654,0.28617954,0.27043998,0.14051151,0.57477355,0.47360855,0.33575672,0.85354227,0.14283052,0.18706305,0.22620276,0.008263855,0.43397716,0.17384166,0.018635772,0.24644992,0.29160845,0.4773139,0.1170988,0.07674469,0.25604984,0.19089751,0.42462277,0.64738166,0.4787107,0.07519482,0.022312626,0.22392002,0.45594758,0.27785847,0.09308669,0.09096359,0.50490165,0.356974,0.5345741,0.27400798,0.26107368,0.45440164,0.4305903,0.5259656,0.11687788,0.42629352,0.33534402,0.6907538,0.17972553,0.2884771,0.38951907,0.2871123,0.37455428,0.18803734,0.25117922,0.25381774,0.2601921,0.33524293,0.017722119,0.5587294,0.12552117,0.3475923,0.4220054,0.046834454,0.3525003,0.13491827,0.25160164,0.21137537,0.47881478,0.17146164,0.11581687,0.36306024,0.28531837,0.3649861,0.28443265,0.62885416,0.23515794,0.6633327,0.33047277,0.05192586,0.29837325,0.71146524,0.41831565,0.4231137,0.31297648,0.6674893,0.41284004,0.5256687,0.31155252,0.42964315,0.24921533,0.08094022,0.062457815,0.062222987,0.043019157,0.2706145,0.42895362,0.42573255,0.1538679,0.40215033,0.5154333,0.12935126,0.48186317,0.36324668,0.5112834,0.11839071,0.5404571,0.78652734,0.75677675,0.97691065,0.91009444,0.09372005,0.5448497,0.34052795,0.023243058,0.2802438,0.29829985,0.23575696,0.65858406,0.13297951,0.109822325,0.8904634,0.10151811,0.12189342,0.25702345,0.049726684,0.7035532,0.1665842,0.11635425,0.42426252,0.5738752,0.39271453,0.011054011,0.1606465,0.5923581,0.4061144,0.2681822,0.47044155,0.10355887,0.13487159,0.38931108,0.26711532,0.118465275,0.59655297,0.030151935,0.2497529,0.3246897,0.056457374,0.70209855,0.1513062,0.26129776,0.11928158,0.14581922,0.46861964,0.51876104,0.2723531,0.044383675,0.77224624,0.1145599,0.39047962,0.14801738,0.86950856,0.25001276,0.26095796,0.41503215,0.32645458,0.8697641,0.045196474,0.36750138,0.09881516,0.28037518,0.44071084,0.2230275,0.38601178,0.25620395,0.06779045,0.3003891,0.31025177,0.084027216,0.42992535,0.08333633,0.12482862,0.7644608,0.06547614,0.4742226,0.18804093,0.34097734,0.008535188,0.114771605,0.35660833,0.25830403,0.7150569,0.032239843,0.18929157,0.39015645,0.23470785,0.34245116,0.15239556,0.57619095,0.24461842,0.33620805,0.1976138,0.39711595,0.18469796,0.077959865,0.23909375,0.059051186,0.009509644,1.4754162,0.26826742,0.20726511,0.6153728,0.3285821,0.4176574,0.0886537,0.15384123,0.4776326,0.043530088,0.53802234,0.23796664,0.29127896,0.25153804,0.23599,0.04047409,0.2880311,0.20663527,0.20928927,0.10008294,0.98307544,0.1006712,0.443259,0.23907043,0.26338673,0.3648124,0.50808275,0.15497929,0.14062494,0.22237322,0.09648554,0.25933567,0.37112004,0.21218279,0.28502497,0.5393756,0.5806391,0.17480418,0.45710462,0.0996811,0.7042111,0.29912394,0.34372175,0.056180544,0.3427289,0.7051934,0.08909187,0.40641916,0.33217764,0.27844065,0.9785912,0.1057719,0.2125563,0.13895068,0.044249706,0.5583861,0.21548633,0.45391154,0.029261738,0.25544918,0.10776903,0.27158558,0.2900197,0.13440773,0.46555886,0.4778366,0.105736196,0.028813299,0.18843347,0.100995496,0.27606767,0.10208059,0.7806096,0.09824398,0.1439002,0.76495856,0.3281011,0.597197,0.64368904,0.22806787,0.14255624,0.21886589,0.17847249,0.058942057,0.37567335,0.17388342,0.3349824,0.42227593,0.4111943,0.19634116,0.7103522,0.08369287,0.30403784,0.31507474,0.17345913,0.059477348,0.19992436,0.39384672,0.14784208,0.16024165,0.24124135,0.12940553,0.011878193,0.09066946,0.35450163,0.049611006,0.077169865,0.49460673,0.11933071,0.26647028,0.08347098,0.08399524,0.089898035,0.07241267,0.012969626,0.12043594,0.20715238,0.464019,0.20683624,0.11366534,0.10181831,0.10392097,0.062329736,0.49719653,0.19996583,0.22114566,0.010036283,0.55557805,0.44624394,0.19563127,0.27628696,0.38300103,0.027109388,0.108512156,0.21376684,0.4541449,0.43958303,0.081621915,0.083622806,0.10394468,0.57341313,0.38680595,0.5619762,0.12899166,0.3989908,0.13405219,0.1566464,0.19759691,0.05326561,0.18678856,0.036336627,0.67177427,0.19743146,0.18585895,0.69776917,0.28687644,0.88439715,0.50023794,0.094059825,0.016987467,0.0014499835,1.4624212,0.2671125,0.23595646,0.05749477,0.030022912,0.32755345,0.5193925,0.069178686,0.08627784,0.13194326,0.44285575,0.28401285,0.2070024,0.27305168,0.38764498,0.44537514,1.0269309,0.09515427,0.6068163,0.33413184,0.20619571,0.070846654,0.15631661,0.16427475,0.06599592,0.7223538,0.7301451,0.27555957,0.09851128,0.21466303,0.65314746,0.42235646,0.046130076,0.55730593,0.6169964,0.49950665,0.14902489,0.4246534,0.15340814,0.3602876,0.08016331,0.063493356,0.11436237,0.23244576,0.8208914,0.3362698,0.13046396,0.043961897,0.19304688,0.56307423,0.41515607,0.28535938,0.41242096,0.11939234,0.55949914,1.3707675,0.20012972,0.2720968,0.32240003,0.48983204,0.09797229,0.6761498,0.89050317,0.4653736,0.12033121,0.13091904,0.021351144,0.79541254,0.07280876,0.35845342,0.19573852,0.16868596,0.0680933,0.33520374,0.24457607,1.0776669,0.7271061,0.60532475,0.42839634,0.24999654,1.138073,0.13288938,0.46564832,0.012969648,0.38232642,0.33078924,1.7864635,0.8749536,0.82496107,0.25935823,1.1072462,0.06947176,0.4503887,0.10575569,0.5886305,0.54942936,0.4226532,0.051019114,0.15054312,0.27619237,0.05205551,0.55180585,0.24273139,0.20859784,0.0027266885,0.10715948,0.30755454,0.032019954,0.2514158,1.1129154,0.5230814,0.70601225,0.16573483,0.22599132,0.32105526,0.42636436,0.031305462,0.74679506,0.7619875,0.5765842,0.093893796,0.04377249,0.3010959,0.6249092,0.38511676,0.21056879,0.31423825,0.761109,0.20330957,0.26764417,0.0189623,0.1584022,0.6367618,0.08349489,0.24554113,0.21432507,0.030882662,1.1908486,0.030415528,0.7180084,0.07698443,0.17932923,0.08365482,0.7957688,0.4650036,0.4839535,0.6334812,0.20435202,0.31179923,0.05651246,0.3145199,0.0034910974,0.09951749,0.76564825,0.061301418,0.875962,0.07040617,0.5943855,0.19667566,0.23099099,0.2823909,0.7364017,0.020373598,0.083026186,1.0227404,0.42137903,0.37413394,0.39305642,0.42932534,0.15211427,0.69283515,0.88222337,0.016056431,0.47725037,0.3413192,0.34484527,0.40360364,0.15012233,0.5231631,0.10052818,0.15719123,0.060222603,0.07614477,0.45544255,0.25831062,0.0033630522,0.14270736,0.039792195,0.0067034313,0.19418263,0.25958312,0.2532785,0.39846244,0.11272433,0.0010862903,0.49498516,0.13520674,0.41463023,0.34424797,0.59017533,0.40474522,1.3086376,1.3508795,0.045813747,0.26070952,0.4841991,1.0054369,0.6487099,0.64383256,1.3742412,0.21475711,0.6821164,0.8321823,0.43319118,0.6004906,0.5551411,0.04419925,0.05734587,0.39047736,0.13008395,0.4548327,0.43481398,0.7560213,0.48009518,0.66328835,0.24086925,0.114996105,0.042746995,0.2972119,0.03144281,0.2415472,0.5756235,0.48347223,0.51994145,0.0,0.020978019,0.11505115,1.1950202,0.7068763,0.05500745,0.22197622,0.016519172,0.9651916,0.42367068,0.51473653,0.74131685,0.28786734,0.12928714,0.26336616,0.4533134,0.76404655,0.3630318,0.30134705,0.3440988,1.1172796,1.4106879,0.5813274,0.89497674,0.4686457,0.05332411,0.7072605,0.8450732,0.1788253,0.10350894,0.16250765,0.5241542,0.47495544,0.2987513,0.6648759,0.120402925,0.18749952,0.21594948,0.43522894,1.2125156,0.13433495,0.53766024,0.35114345,0.20106113,0.4923472,0.42749918,0.3803063,0.096725136,0.6540911,0.55087847,0.6086037,0.5780932,0.23470676,0.34833258,0.7559962,0.34966925,1.1395338,0.8946587,0.48635906,0.77390814,1.2635916,0.8004284,0.96476114,0.06263914,0.14063354,0.059117034,0.5283215,0.27778688,0.10975111,0.085406706,0.23783064,0.0,0.2700406,0.48935652,0.2058006,0.09313209,0.30663285,0.8222476,0.77858126,0.63183403,0.16205026,0.073383756,0.000106717984,0.025105184,0.30028427,0.7012206,0.12970087,0.28975612,0.37893814,0.7677431,0.5146571,0.17027524,0.14942308,1.3776933,0.22777154,0.58157986,0.83148324,1.5053234,0.09775474,0.5872317,0.5528567,1.0688233,0.049449585,0.62146807,0.042843733,0.49479726,0.02103017,0.10887932,0.22769004,0.20741984,1.9148183,0.7130251,0.34229532,0.7544815,0.7434249,0.20163676,0.32598236,0.26317173,0.077363,0.3540575,0.78606653,0.39107645,0.31221908,0.003102095,0.03287252,0.27611417,0.060358815,0.23868668,0.69500315,0.2290997,1.0755081,0.004457739,0.56872785,0.2862906,0.35865438,0.098740995,0.0959609,0.7353566,0.0011606176,0.6079732,0.27313757,0.22116172,0.67048204,0.19487797,0.1100877,0.018428385,0.13340761,0.19718662,0.28208172,0.6747496,0.31523415,0.4379278,0.28356656,0.06734584,0.37811396,0.9628669,0.2691694,0.35114613,0.112347275,0.3575648,0.17937453,0.030264203,0.9512797,0.33021528,0.20647052,0.25100565,0.9751564,0.008367599,0.23479217,0.005958718,0.45341694,0.13061309,0.83790964,0.17136103,0.36173066,0.09456133,0.5004433,0.16581872,0.5431747,0.5088288,0.23455712,0.51844156,0.21629152,0.61974525,0.044087313,0.15382151,0.36075777,0.696411,0.28746125,0.1888727,0.11356906,0.43557367,0.080732405,0.49391863,0.6016942,0.37467086,0.81689847,0.1861054,0.47182044,0.05498475,0.054319073,0.30656874,0.092210546,0.25030458,0.05412237,0.025609294,0.034164213,0.28578055,0.301898,1.1169438,0.006445373,0.19466266,0.10506667,0.08690694,0.19089863,0.013843637,0.5428637,0.52156115,0.2250318,0.20914567,0.6959846,0.12467575,0.11078754,0.32914537,0.2825714,0.13261741,0.11215858,0.7780851,0.63694465,0.083712086,0.6104861,0.37537074,0.10470909,0.0153840035,0.40923208,0.27243063,0.13587728,0.4547786,0.14829893,0.94348943,0.4167604,0.14824963,0.54725355,0.2197096,0.8039536,0.8043823,0.18693517,0.064640924,0.07260856,0.067693345,0.15922818,0.36641586,0.88804626,0.18251634,0.39687347,0.29703206,0.4182709,0.29373926,0.3405599,0.18750356,0.8254498,0.6509644,0.40411103,0.82660925,0.07177101,0.06912492,0.41557348,0.10074441,0.22460334,0.3498,0.041074976,1.2931564,0.50231826,1.243853,0.042971935,0.0074728793,0.56621647,0.15368792,0.21401824,0.0720284,1.0789003,0.3863808,0.11477272,1.6287742,0.23815049,0.17839865,0.7483467,0.5818496,0.327108,0.31932673,0.5680321,0.96744335,0.80266213,0.01763533,0.8121102,0.11402559,0.6063482,0.0089973835,0.20399559,0.4659871,0.10201587,1.7696515,0.15121743,0.13949443,0.29494035,0.29199338,0.14832067,0.6203522,1.0677408,0.27712554,0.28335583,0.67260337,0.33024418,0.9447443,0.6021043,0.12182474,0.1021302,0.22634472,0.46724975,0.22905736,0.031073889,0.013395587,0.33740565,0.3522032,0.22454864,0.34364444,0.9501066,0.5770962,0.14998351,0.15597065,1.0958649,0.7620784,0.19316685,0.05218508,0.13524172,0.31153283,0.31718865,0.37579417,1.2200927,0.3850597,0.5850246,0.16976474,0.3653503,0.27508873,0.3216339,0.11380321,0.012204848,0.09420215,0.63784117,0.27750522,0.6859808,0.6770811,0.41500098,0.023247696,0.16887149,0.38513613,1.2221658,0.032487463,0.24711129,0.7438667,0.13653716,0.6661132,0.54084814,0.43238357,0.2135933,0.5949559,0.34971243,0.36170864,0.21963578,0.7064306,0.11685187,0.20576751,0.02555713,0.35424626,0.7023935,0.12511975,0.22700092,0.85335076,1.1337337,0.38263494,0.40078408,0.3135138,0.03598339,0.20929894,1.2971423,0.0062871277,0.21123937,0.47758925,0.37443632,0.08526705,0.40246588,1.364316,0.34841758,0.9870511,0.5565084,0.36155698,1.0375533,1.2012608,0.4363966,0.19498903,0.061145253,0.44976944,0.31184223,0.048902206,0.24464034,0.5304812,0.93776983,0.30779707,1.3649125,0.18845136,0.104523264,0.06375034,0.19369599,0.17864576,0.5844188,0.22790149,0.4859828,0.2358782,0.112752035,0.44898683,0.21152802,0.7024893,0.0869209,0.03065871,0.51262546,0.001498349,0.68450683,0.545481,0.43963403,0.24877031,0.27970123,0.55729276,0.09602315,1.0925074,0.24022412,0.49198216,0.6422833,0.24939948,0.021405676,0.13875732,0.008144945,0.21446674,0.61079335,0.7653792,0.21877411,0.42531282,0.2201185,0.30425233,0.3474278,0.34355557,0.15980718,0.107190356,0.0005937905,0.09000796,0.20324644,0.01915169,0.48155826,0.6542573,0.24266046,0.71326476,0.6869849,1.0043406,0.3042879,0.22220473,1.7856145,0.07298365,0.8963323,0.27343372,1.0001268,0.12491546,0.0813691,0.29889438,1.0336363,0.43190002,0.985551,0.36330208,0.1510079,0.2782616,0.57234854,0.55909425,0.20163509,1.1270057,0.22702397,0.47058868,0.18269244,0.46334833,0.13825199,0.003320508,0.6374202,0.75116205,0.8910554,0.17230102,0.85738724,0.30598712,0.3663901,0.7519778,0.9217902,0.24068518,0.028812628,0.4847819,0.7738216,0.32252377,0.45851856,0.38207993,0.05435184,0.21548524,0.047467507,0.8103858,0.9498865,0.043113444,0.40493408,0.4619412,0.04682919,0.15462625,0.38243365,0.17389828,0.24528614,0.361135,0.19615959,0.06208841,0.19383638,0.38585946,0.27820694,0.2087326,0.22240908,0.404339,1.3562706,0.21448119,0.22985636,0.2806319,0.118227996,2.2212493,0.85355973,0.38969094,0.060692616,0.23420489,0.21322909,0.85725194,0.44783255,0.678248,1.7714297,0.6828443,0.3375261,0.22572245,0.560161,0.3669445,0.34518957,0.55956763,0.0017149299,0.26206103,0.12507243,0.5396528,0.19115765,2.0987802,0.22362183,0.50253165,0.8899955,0.60326767,0.02551538,0.34198508,0.0,1.485105,0.40300748,0.8365844,1.0649809,1.1539049,0.11212123,0.4071938,0.16933838,0.031290606,0.33944604,0.196901,0.04987427,1.5214684,0.0,0.1315426,2.6868124,0.4119473,1.4130746,0.6526424,0.25069386,0.75876594,0.7411914,0.21559858,0.0,0.2802936,0.25650048,0.11285318,0.09369762,0.70011485,0.08158466,0.21320915,0.4767832,0.2910844,0.11391797,0.008896403,0.35474432,1.1711409,0.14231685,0.11761995,0.031604663,0.8321018,0.5096461,0.0130501585,0.10155219,0.61297226,0.6792294,0.62696505,0.04041032,0.4932911,0.62243915,0.6227993,0.11001964,0.753114,0.6366851,0.042080864,0.17553787,0.0060435366,0.16933307,0.29863286,0.53729975,0.8167292,0.05278755,1.0802491,0.4335128,0.80727017,1.0185072,0.53459156,0.71133894,0.41345927,0.33858454,0.458533,0.011291397,0.75667006,0.18713593,0.016717138,0.08545154,0.21397288,0.62432283,1.2442502,0.060641825,0.3012467,0.08718055,0.9196611,0.08956503,1.5631258,0.51728404,0.3060792,0.05110523,0.0751739,0.30964735,0.4439312,0.47895432,0.23475753,0.0696439,0.3324721,0.5634789,0.5950544,0.34783593,1.0875444,0.43718562,0.16214037,0.5098867,0.51083726,0.10045622,0.18357185,0.0,0.7015087,0.4498801,0.55903673,0.26111543,1.2366879,0.01779893,0.5857928,0.12241951,0.102724,0.8483734,0.44801417,0.3889371,0.07251593,0.16876538,0.15355903,0.69413674,0.45718545,0.9168007,0.16012299
0.18262416,0.62899023,0.20668873,0.124788165,0.51993,0.42835578,0.685915,1.312811,0.5552312,0.8114185,0.22398472,0.9793362,0.19833577,0.18112293,0.053922214,0.1500128,0.11729305,0.43088216,0.03082404,0.09294209,0.040722825,0.4016891,0.46101195,0.301627,0.8747771,0.30536893,0.11524747,0.41461116,0.16526452,0.5397713,0.24096037,0.8303895,0.24448967,0.81431043,0.39533234,0.012177609,0.61432093,0.09736304,0.24368005,0.61096275,0.35634315,0.12300485,0.104607984,0.61360836,1.1919637,0.06298274,0.08521655,0.024046728,0.30313447,0.58724165,0.37921453,0.54401785,0.22798458,1.0468037,0.29966882,0.055037517,0.3365807,0.122684,0.31640127,0.13416444,0.39481947,0.27575818,0.28225845,0.44860202,0.57668173,0.91476464,1.4818497,0.17617956,0.78912586,0.35828912,0.17608151,0.17324153,0.12883675,0.796809,0.16323584,0.11609064,0.17055708,0.30147406,0.004985046,0.341975,0.12501177,0.03737647,0.2812402,0.35411465,0.31712478,0.018962689,0.3716967,0.33938384,0.18566918,0.3000114,0.6698539,0.34465006,0.34413624,0.34081307,0.29335782,0.29172507,0.22352263,0.17736235,0.25901353,0.18063982,0.5045947,0.16631362,0.06881969,0.560364,0.34583026,0.11127344,0.1186205,0.5791949,0.26089418,0.86499214,0.6971918,1.2206094,0.34287673,0.22606748,0.24097042,0.086364165,1.0946399,0.4190714,0.012847956,1.0569383,0.381313,0.1329728,0.50266767,0.6460226,0.39291734,0.4478937,0.10282051,0.6034697,0.169218,0.16846257,0.08502589,0.104253426,0.09427836,0.41220602,0.1929787,0.96760565,0.64030266,0.37438363,0.29527116,1.027422,0.5917139,0.11807336,0.64485705,0.42330226,0.57757926,0.62450266,0.5899424,0.93717587,0.07403836,0.08709973,0.84316903,0.2835542,0.46134913,0.13720085,0.3756845,0.9588205,0.17297591,0.15746257,0.20854321,0.23596773,0.31134665,0.36414593,0.23906437,0.12449495,0.55915487,0.45477247,0.26137596,0.23283212,0.32812464,0.057651732,0.13373886,0.18230332,0.22052357,0.35523432,0.41490608,0.4072577,0.38587767,0.22134209,0.2851249,0.09523311,0.2004461,0.38659567,0.24075952,0.6042532,0.1428461,0.29248813,0.07766806,0.34022748,0.34894168,0.14511308,0.51380885,0.41818267,0.09231219,0.89021254,0.18366298,0.16862564,0.23032254,0.7396096,0.28626156,0.38411435,0.70039773,0.30235124,0.24150229,0.32281625,0.5848221,0.24425802,0.4527862,0.14741492,0.52695334,0.24661848,0.020085635,0.22149035,0.12315296,0.22297382,0.5274002,0.3954632,0.60330474,0.8391385,0.32593435,0.45985827,0.03011433,0.26069748,0.08521296,0.09598985,0.29358745,0.41308376,0.4015172,0.21763536,0.44657972,0.90024376,0.5529368,0.014795085,0.20299321,0.39027935,0.031298272,0.15580662,0.23578012,0.8709719,0.7896396,0.26195413,0.23273183,0.19070989,0.57160544,0.21591815,0.65100634,0.20341375,0.24466681,0.35889497,0.2963337,0.39890063,0.3062654,0.121183194,0.14092286,0.4315273,0.7826003,0.3875184,0.26284808,0.36459285,0.0140876025,0.35835728,0.06336969,0.09855239,0.0030749566,0.78825384,0.24898799,1.4528708,0.74242413,0.22224116,0.06717348,0.1147974,0.004580724,0.06263788,0.17887072,0.8074857,0.1186468,1.0896429,0.7292133,0.90138817,0.3020646,0.49506032,0.23693514,0.60335433,1.0851009,0.35346195,0.76935714,0.868783,0.32424003,0.19645706,0.042239234,0.28752393,1.0666591,0.6768023,0.3455528,0.22317752,0.26624325,0.1943952,0.77221096,0.3271979,0.17544653,0.27861977,1.2164932,0.39272928,0.49981147,0.6819531,0.29088503,0.6151414,0.39291635,0.51733375,0.48438758,0.46656212,0.12958568,0.9862116,0.85328615,0.26177222,0.6160457,0.8174606,0.86028266,0.44074273,0.69874793,0.62889063,0.6667044,0.32708645,0.078416556,0.048298653,0.78197676,0.2760931,0.4213953,0.048431452,0.06987927,0.1744556,0.96755886,0.22182779,0.6321257,0.3668865,0.015044213,0.5297801,0.2018352,0.097208574,0.22559105,0.053021982,0.022640856,0.4895965,0.52318156,0.48905498,0.50046456,0.11575599,0.05635245,0.500884,0.6063888,0.24696688,0.43060762,1.1455426,0.30827448,0.9387368,0.037055966,0.17593662,0.16007315,0.18189743,0.4461838,0.055045873,0.09064442,0.10994441,0.1244898,0.03940364,0.44195408,0.86932224,0.5202079,0.109604776,0.3602988,0.12255873,1.0892546,0.022002056,0.17954564,0.37464952,0.050224137,0.09756838,0.25701708,0.16277476,0.3873298,0.5299004,0.817417,0.106142886,0.24396569,0.3487192,0.24338862,0.08375062,0.29676187,0.6465367,0.09804874,0.21605705,0.2861349,0.42595342,0.65801257,0.10786298,0.31572542,0.5090656,0.036901362,0.41021258,0.2495535,0.50529104,0.5376976,0.030004775,0.040906098,0.2113074,0.3132546,0.063199356,0.34558237,0.42525044,0.27319336,0.6824427,0.60437423,0.05473466,0.59273505,0.17270227,0.4144405,0.21104236,0.20422785,0.27937746,0.021470401,0.04499397,0.3660332,0.42260832,0.21180707,0.2863771,0.38082564,0.11672907,0.2924417,0.41613072,0.08845979,0.4606249,0.3057732,0.34425253,0.10766089,0.033788934,0.03449329,0.08864272,0.23845366,0.9405421,0.18864147,0.4473201,0.50075215,0.10457345,0.8587836,0.12754592,0.19571698,0.9580627,0.20517747,0.24569377,0.49155197,0.11309411,0.42830676,0.078536525,0.55021757,0.2696858,0.21196511,1.0616899,0.07106125,0.51127476,0.12959155,0.23941506,0.2031398,0.043118052,0.104876876,0.35779044,0.17947823,0.04574803,0.0441615,0.13855904,0.7947752,0.124615416,0.22774076,0.19616139,0.082192615,0.5662504,0.15927504,0.73195136,0.08733907,0.08210096,0.77021825,0.38948298,0.13713773,0.19973789,0.75381637,0.2841928,0.0053460966,0.090841696,0.013606351,0.7107445,0.27000228,0.11072106,0.35157382,0.16461132,0.13394412,0.26276112,0.08724459,0.32825404,0.24466844,0.08145325,1.3182149,0.11005035,0.6229627,0.26784474,0.009189384,0.043761987,0.35569584,0.09399806,0.03672351,0.14725685,0.22235845,0.18839127,0.5480503,0.36727503,0.46047866,0.9138123,0.5666101,0.058882713,0.53874433,0.28436756,0.14340247,0.4831418,0.042251937,0.25307363,0.46569565,0.17568131,0.25567624,0.34730023,0.18248896,0.16323903,0.23229894,0.18328859,0.054885115,0.29407793,1.435535,0.48334324,0.085417666,0.19908798,0.98475087,0.32126635,0.6491124,0.07338333,0.036611803,0.24517941,0.14344469,0.13389808,0.10277802,0.403173,0.045062654,0.25928676,0.5938322,0.12267521,0.24474195,0.6389674,0.380419,0.04622777,0.42307454,0.24063736,0.044629194,0.428743,0.44932508,0.16319716,0.3754319,0.9507769,0.55950767,0.19320574,0.3014124,0.17196813,0.023501445,0.51585174,0.1965493,0.112515666,0.25494152,0.34954682,0.1097802,0.20807117,0.07320893,0.17155463,0.094659775,0.81926095,0.14956053,0.13965556,0.429295,0.106498614,0.006491738,0.53072023,0.38768736,0.3950183,0.5148191,0.0013622798,0.65864396,0.36360732,0.2770596,0.010649723,2.5519638,0.7146127,0.24214178,0.133032,0.11307945,0.23327452,0.43265867,0.16828552,0.13029936,0.14331165,0.0868673,0.41563398,0.28978288,0.13734822,0.03043957,0.050913215,0.04784047,0.21922973,0.0116013335,0.31664264,0.21117276,0.104255825,1.8057823,0.68922997,0.22690243,0.2636404,0.11666895,0.347091,0.15221883,0.30499387,0.2635929,0.6959932,0.092563696,0.10338292,0.46055058,0.5181872,0.18087775,0.7010655,0.9763071,0.63738286,0.6233824,0.07563372,0.16897368,0.01961654,0.9444144,0.19348133,0.6176535,0.07869887,0.3191601,0.6323649,0.39854783,0.7697791,0.2308794,0.59617484,0.07674136,0.4513641,0.00074174337,0.13673466,0.3068069,0.31296426,0.36244527,0.22170474,1.0143251,0.3404213,0.29819292,0.101442285,0.28919736,0.44552886,0.7252408,0.17900354,0.8072727,0.24314702,0.170451,0.21124513,0.20568192,0.09934896,0.22279991,0.018286139,0.06498876,0.5522679,0.03718148,0.44397065,0.22062537,0.19873068,0.16710007,0.19508755,0.13851699,0.18602532,0.5450975,0.08086504,0.34473714,0.32318705,0.17415413,0.115857005,0.06712134,0.040774528,0.07883187,0.10557678,0.33242851,0.37849745,0.17099199,0.087668866,0.12796009,0.6551459,0.21945742,0.2692861,0.22122625,0.09292421,0.1204734,0.05566778,1.5667775,0.14113182,0.07251152,1.1784952,0.280603,0.14872035,0.102890305,0.453197,0.11526392,0.0,0.11877534,1.0188811,0.5154991,0.34242395,0.2139458,0.1358072,0.5756842,0.15212476,0.12799695,0.1811389,1.1584287,0.161505,0.109594464,0.1405541,0.0450015,2.6857102,0.020162847,0.16250026,1.0159612,0.42606565,0.14379683,0.0,0.17225593,0.077006586,0.022000927,0.80306846,0.71461713,0.8026367,0.08556406,0.22142863,0.054324403,0.09672227,0.25528422,0.6942238,0.12690455,0.48397177,0.16448712,0.48812163,0.30639577,0.2001659,0.71994174,0.32667956,0.56672466,0.1533342,0.6270758,0.14366192,0.19014499,0.9374653,0.52004945,0.2392143,0.039091572,0.2698006,0.3071698,0.57419074,0.18431048,0.45176113,0.7004014,0.3413455,0.7652463,0.14399315,0.30807704,0.22858581,0.039803714,0.24965262,0.33359548,0.20567676,0.46850857,0.22197857,0.48640603,0.09652293,0.1176374,0.19853854,0.18328115,0.4385295,0.5729611,0.5507865,0.07473979,0.017219733,0.28897282,0.50282586,0.0844462,0.41620386,0.41007924,0.41549224,0.33811143,0.96385235,0.17289874,0.16825736,0.118420176,0.58694607,0.33443725,0.14177366,0.37961802,0.36850768,0.40290797,0.19489333,0.32748297,0.18665345,0.47336552,0.47819102,0.23439229,0.47113076,0.08701488,0.51010275,0.41829374,0.33937466,0.41668445,0.057197377,0.27737898,0.41345963,0.4693252,0.1013488,0.30709136,0.23402447,0.17115965,0.48819843,0.12036237,0.6648623,0.3811474,0.29799718,0.6984081,0.5729828,0.11140285,0.45620656,0.6107774,0.22867137,0.03401272,0.3629457,0.37099206,0.2795974,0.19318974,0.11399472,1.0291977,0.30523396,0.4795434,0.24839433,0.37012172,0.18416879,0.10654673,0.0389445,0.10401461,0.0549869,0.2819352,0.48938355,0.651222,0.1426702,0.41357034,0.097613275,0.18408602,0.4958201,0.61740404,0.6906533,0.12024285,0.59014523,1.0247148,1.1309394,0.4412815,0.75942993,0.014179487,0.42027885,0.16961831,0.04313192,0.19214392,0.5510331,0.2991739,0.71505237,0.079136044,0.04299966,0.4017937,0.15560971,0.44590753,0.21407153,0.06563112,1.11406,0.3094203,0.12425379,0.28445375,0.5355577,0.25868514,0.0008095052,0.46878314,0.3891369,0.4998842,0.2150574,0.27172732,0.15353277,0.076822154,0.33226272,0.21229526,0.13223407,0.98716867,0.05581595,0.2197019,0.20861018,0.114383414,0.9201248,0.07335559,0.15648583,0.20019907,0.11355905,0.4075935,0.4888026,0.17261395,0.1533233,0.53747964,0.2585826,0.6026499,0.7859809,0.73078156,0.34827018,0.13321166,0.2139223,0.23874441,0.6672819,0.09960504,0.4098169,0.1000675,0.065397196,0.21395466,0.36702287,0.30743325,0.044956155,0.10048276,0.6455693,0.21492437,0.17848107,0.15482101,0.16375735,0.18951827,0.49524468,0.057953425,0.304266,0.07982051,0.4968142,0.04268027,0.48886293,0.1780592,0.054992653,0.5546515,0.020743255,0.25849438,0.12156538,0.080056295,0.46708626,0.17509493,0.8702332,0.13426916,0.56098473,0.1319925,0.18697476,0.47561443,0.06169271,0.19230855,0.5574136,0.19447024,0.91891336,0.238741,0.2836522,0.5119315,0.29224196,0.43475142,0.4676842,0.11021046,0.43754417,0.1068196,0.41807115,0.14591952,0.15122238,0.14372599,0.14123079,0.15572402,0.17173678,0.57628816,0.51217514,0.106641576,0.8097574,0.091492526,0.13817224,0.24592546,0.36093247,0.24991664,0.15987518,0.04691558,0.22209787,0.30825895,0.11226234,0.22865126,0.29409164,0.44597936,0.39883244,0.6757693,0.7045796,0.16500562,0.48277688,0.0316191,0.16410038,0.4976668,0.30007118,0.23550348,0.05726243,0.3563766,0.11651441,0.48082358,0.25063094,0.13841048,0.48757952,0.24896437,0.43445718,0.3133791,0.4751606,0.12240726,0.16150029,0.3095966,0.33165523,0.06401297,0.05994,0.64564264,0.4584465,0.18003978,0.4777213,0.39148813,0.076527715,0.036230117,0.14352229,0.07849431,0.104720056,0.095374316,0.7894912,0.12959777,0.09120177,0.9262018,0.3348507,0.70592785,0.46938664,0.38386512,0.43464336,0.18743362,0.07845854,0.0250884,0.7564781,0.30384186,0.3506266,0.3170251,0.22092709,0.32902372,0.9373032,0.0012458097,0.51245993,0.5257541,0.2909901,0.106080405,0.1224449,0.3190876,0.17893794,0.07895425,0.23955476,0.1502005,0.034151156,0.06047018,0.2375641,0.048571303,0.1438863,0.43733308,0.1997328,0.124029785,0.053834,0.13137376,0.0,0.0914835,0.1979986,0.105211556,0.14980206,0.39431185,0.4159876,0.1357049,0.15632322,0.23883517,0.015980612,0.5364586,0.2328181,0.13007703,0.0004957672,0.8684318,0.19119957,0.18462159,0.33289337,0.30394724,0.009669535,0.11262905,0.45690882,0.4404922,0.24717653,0.029877514,0.1568771,0.18492875,0.19794312,0.12451495,0.25457346,0.22508448,0.44451806,0.22451448,0.033910014,0.26520586,0.07711335,0.1539575,0.012035587,0.4160633,0.2216534,0.26247278,0.5417382,0.3701748,0.5004413,0.17958787,0.15539035,0.07649172,0.06726571,0.6123238,0.1394875,0.1463909,7.0087015e-05,0.01586473,0.20365652,0.38041008,0.13990925,0.13012597,0.19605464,0.34831637,0.07330317,0.2554179,0.029526014,0.21492678,0.21242496,0.71289593,0.06443266,0.6182394,0.2665406,0.102309056,0.0007404764,0.19486761,0.17530778,0.13499999,0.54973274,0.5821626,0.1737247,0.13147976,0.29015243,0.31753162,0.11868047,0.09042303,0.36756155,0.30488652,0.5243418,0.12602963,0.19467604,0.06894484,0.24696654,0.17954385,0.09100134,0.17676389,0.18672538,0.92553246,0.07864445,0.11609993,0.02896922,0.25027463,0.31164867,0.668949,0.16923633,0.16449657,0.103662774,0.35053498,0.61822677,0.18931296,0.1846697,0.28239942,0.4562145,0.07070347,0.6057122,0.33506384,0.22299467,0.16434291,0.25847763,0.03400189,0.527653,0.008718913,0.56890345,0.28492272,0.15731621,0.103257485,0.4181363,0.15760548,0.7556417,0.5228764,0.19126394,0.30802643,0.1871957,0.9323574,0.16389708,0.46549416,0.01852806,0.14861518,0.30468273,1.0025609,0.81869113,0.70511484,0.35507992,0.9953327,0.12287168,0.6907625,0.27410537,0.6399777,0.56146353,0.08777787,0.05737254,0.046069764,0.24608117,0.0025813924,0.533797,0.46573576,0.32037666,0.057684958,0.011173289,0.19069538,0.036569305,0.20061563,1.2076403,0.33649027,0.8099172,0.14939702,0.119916044,0.39550352,0.33886474,0.039220173,0.40069246,0.46359107,0.5718572,0.048958175,0.07748236,0.15990177,0.6685895,0.08945738,0.12212199,0.34520292,0.6677115,0.27511048,0.07526297,0.0,0.16505913,0.38719457,0.17826942,0.20633262,0.014436145,0.07232538,0.7006254,0.062301163,0.7213776,0.12433132,0.3218662,0.068128265,0.33030596,0.2508139,0.27492684,0.6371615,0.24003299,0.17835435,0.02929621,0.17393084,0.103162594,0.019777853,0.33788627,0.14451414,0.5709926,0.115179755,0.3838794,0.26323158,0.34064603,0.19612822,0.43242115,0.011338728,0.11489622,0.48226258,0.38566536,0.47167397,0.35318017,0.5193987,0.04462053,0.430617,0.71035403,0.007255624,0.40239704,0.43965298,0.13377829,0.4874371,0.034836464,0.82509553,0.1352157,0.14824407,0.017097117,0.04792583,0.4921381,0.1499576,0.004787618,0.08354654,0.078257695,0.036981847,0.30003494,0.5719589,0.30327275,0.53784955,0.07856169,0.023526296,0.31540763,0.15942489,0.3785051,0.20093876,0.51232255,0.16790016,0.8436422,0.7927712,0.016192202,0.25169426,0.701666,1.0895932,0.28388974,0.469496,0.9687805,0.058654208,0.30746228,0.52919906,0.448084,0.24158844,0.70961916,0.06701382,0.14005595,0.31759366,0.35390887,0.47440878,0.5395475,0.7944751,0.33709094,0.65800726,0.15875654,0.13021255,0.12636633,0.10166611,0.0141555015,0.29363766,0.2547324,0.634004,0.14971252,0.0008125692,0.13395503,0.031191088,0.8283876,0.86908394,0.06984823,0.27732188,0.13832079,0.8948895,0.07387275,0.34093252,0.3140363,0.30935654,0.1424267,0.118203424,0.3425691,0.4451518,0.31600183,0.22146429,0.38834688,0.77978325,0.9415835,0.18323648,0.5105643,0.46857816,0.025172394,0.39889494,0.62306404,0.36147922,0.00055601617,0.38168052,0.22985642,0.5498248,0.2089664,0.3562323,0.23763601,0.18159051,0.47851747,0.6543733,0.9359497,0.131791,0.40305167,0.2865364,0.045070495,0.40889826,0.27195907,0.46151325,0.0072548706,0.25746542,0.26626763,0.4555884,0.70535076,0.094389275,0.5140514,0.4176309,0.42010096,0.94438434,0.66734684,0.8215059,0.4399979,0.74967426,0.5292379,0.5366459,0.028401049,0.16571033,0.111107975,0.5960093,0.37749428,0.15092416,0.04225402,0.3903288,0.003926049,0.13300247,0.5675566,0.20411234,0.08175477,0.16625799,0.3317569,0.83598006,0.7304994,0.24704373,0.0019649118,0.0022640103,0.06699936,0.1225055,0.6624075,0.09007546,0.017667316,0.39137465,0.29550332,0.39384204,0.10910899,0.08867259,1.2401407,0.34562188,0.8233683,0.60374045,0.7686325,0.1414375,0.72509825,0.41980723,0.7854613,0.13644113,0.66148406,0.062997654,0.31904864,0.0034230882,0.032051213,0.023222331,0.1918221,0.8958281,0.7258924,0.07820422,0.4295954,1.0011543,0.26043108,0.38356617,0.40913016,0.06289177,0.24761401,0.3599926,0.3715233,0.32086617,0.037274897,0.0883567,0.057032302,0.011631673,0.30742317,0.36855733,0.092168555,0.82978714,0.00819202,0.21302927,0.70213044,0.5919672,0.099060744,0.11878528,0.33921826,0.07168645,0.30251557,0.35507634,0.27056646,0.5931469,0.34813526,0.18743412,0.07562451,0.23260137,0.35730982,0.2799027,0.6168758,0.3225892,0.5620637,0.1685985,0.059083384,0.467695,0.8972225,0.32666928,0.43243074,0.0798686,0.58979833,0.16471232,0.032344986,0.84975713,0.3494234,0.082244456,0.24324656,0.5467418,0.013959268,0.2497939,5.961744e-06,0.2979477,0.13804714,0.4518674,0.20672548,0.061144277,0.38249695,0.40996218,0.119133934,0.4736064,0.41016075,0.2764961,0.50382227,0.30371642,0.5061314,0.05768737,0.12674263,0.42887893,0.29439932,0.17568327,0.12485887,0.2187051,0.18162888,0.061910372,0.13202585,0.4513562,0.21033606,0.59168684,0.24953577,0.22418892,0.040464748,0.10244891,0.066443175,0.13943715,0.106302574,0.08951636,0.0013159594,0.037347525,0.32521707,0.25706267,0.8269649,0.05814477,0.12794207,0.09610988,0.049700737,0.36208487,0.02361872,0.46144757,0.62251884,0.2527238,0.036969744,0.5580677,0.18867832,0.11090012,0.069467016,0.20138195,0.16144596,0.07573791,0.6066792,0.43698603,0.0044235666,0.75483334,0.32418182,0.14457156,0.0054349992,0.3321771,0.33777145,0.25113475,0.28157347,0.20425762,0.6792178,0.37735352,0.19349131,0.28890258,0.1926472,0.70947945,0.56469095,0.3576442,0.022739066,0.13408183,0.07861604,0.048938148,0.29095054,0.22611396,0.22619024,0.05079799,0.38386035,0.79230225,0.33720192,0.29712883,0.0747984,0.16376297,0.98605406,0.28959185,0.2662205,0.07582112,0.12878677,0.3791995,0.25824404,0.26161456,0.18180221,0.15381314,1.1462525,0.6449169,0.557907,0.037984423,0.06149157,0.48890832,0.13378239,0.3050437,0.28157863,0.7257619,0.23379178,0.021255884,0.74937916,0.34361172,0.21585548,0.7205266,0.20679967,0.17697123,0.5869427,0.15511921,0.48090822,0.9596481,0.007070275,0.5439404,0.14910588,0.38382286,0.0,0.042014457,0.51437175,0.2219385,1.1152503,0.13556282,0.08151872,0.09036757,0.30695593,0.2488117,0.41065654,0.48645806,0.38597572,0.15314737,0.49335134,0.26128027,0.36762714,0.24492931,0.2936712,0.1643919,0.17216918,0.2636293,0.2721518,0.037997887,0.3842908,0.4750003,0.3436327,0.11147417,0.4658157,0.7573637,1.1671983,0.13633293,0.34622446,0.6739769,0.52400196,0.17423224,0.08827702,0.18158661,0.09276295,0.16529997,0.07256796,1.0042291,0.34532326,0.5322858,0.2801092,0.22440454,0.18394229,0.13120225,0.045407906,0.00093990576,0.0669342,0.5218525,0.45254368,0.577592,0.5472284,0.18265034,0.123144634,0.22125919,0.240219,0.5035751,0.00075197534,0.11996761,0.4184088,0.35712096,0.33250165,0.8050411,0.33710125,0.13992546,0.5924374,0.11610323,0.39075541,0.3988307,0.32938835,0.10607053,0.15905115,0.028963178,0.65059394,0.384479,0.18627757,0.2672478,0.6381955,1.0407673,0.42606306,0.21952066,0.22247621,0.05199965,0.14126839,0.80556417,0.121061414,0.025598891,0.44864112,0.6428675,0.11624175,0.258179,0.64911765,0.14498329,0.59839636,0.6495618,0.17082423,0.5812332,0.848115,0.124217056,0.24949884,0.054123968,0.124228545,0.57043266,0.2499246,0.23930092,0.61349523,0.5575522,0.13636869,0.6775286,0.09605181,0.056093473,0.046048556,0.035451848,0.18818739,0.49277192,0.065557115,0.40867117,0.17351432,0.12672439,0.35006022,0.25373697,0.5538223,0.16253255,0.030469483,0.21181342,0.09438446,0.6513289,0.2412312,0.34739172,0.11270264,0.2571746,0.26157713,0.049314976,0.63043904,0.06301076,0.14593384,0.79977775,0.11916112,0.14660552,0.19148621,0.011159082,0.32296294,0.35557413,0.47203195,0.17945538,0.34507233,0.41284844,0.63935566,0.38437122,0.23415822,0.12640592,0.047700472,0.0015819796,0.22571743,0.019395387,0.0953089,0.2797911,0.29082757,0.19740918,0.566644,0.6068339,0.803204,0.2190322,0.48673832,1.779253,0.08940195,0.8498875,0.4615994,0.6673854,0.1971238,0.009286979,0.15831123,0.67954314,0.11979076,0.13005209,0.26041332,0.33848694,0.06129774,0.35892984,0.28621042,0.17387563,0.6133526,0.04597731,0.3029022,0.22714844,0.26402053,0.17972773,0.107489884,0.2945786,0.38997072,0.5933785,0.16708267,0.5687467,0.36402345,0.24566022,1.1287233,0.5356597,0.07710484,0.17400178,0.4264127,1.1030154,0.23132133,0.37312153,0.25162894,0.046409316,0.325189,0.0,0.7411527,0.9955026,0.03924692,0.43670896,0.78383285,0.30462605,0.26978475,0.047555875,0.5129161,0.38987222,0.33307034,0.14923525,0.03240627,0.015133564,0.3130191,0.66184896,0.16947263,0.2428878,0.49042636,1.3229772,0.384551,0.13243358,0.29729447,0.022128772,2.0149353,1.0500127,0.3485967,0.029373283,0.12593177,0.3684395,0.82824975,0.31970945,0.9216034,1.83355,0.599432,0.26081485,0.3004593,0.7509055,0.3508916,0.3873205,0.24447274,0.009201619,0.26466528,0.14153321,0.8281611,0.2570212,1.8545887,0.3904401,0.58128065,0.8088001,0.25763148,0.07079443,0.33108753,0.0,1.8878708,0.13824466,0.9985039,1.5906793,0.95201606,0.2595955,0.31543604,0.29575527,0.027792213,0.16172579,0.08154543,0.022563703,1.4522074,0.0,0.012553535,3.2521472,0.60434246,1.4405923,0.78235936,0.3687119,0.5241126,0.34484178,0.1566399,0.0,0.31898925,0.37703317,0.25972784,0.043700222,0.13867027,0.08900108,0.29573965,0.1932089,0.40685964,0.22228292,0.024690693,0.6832779,1.174603,0.15493745,0.30663744,0.0,0.5845908,0.36224353,0.007196311,0.05473748,0.68600005,0.6047859,0.60436857,0.15844646,0.5811311,0.4577537,1.1118577,0.10158136,0.6251445,0.369052,0.015451696,0.1410802,0.06681344,0.0353987,0.3696458,0.51471186,0.23636442,0.12606046,1.0282713,0.5515733,0.817444,1.0453224,0.6135324,0.5073457,0.44637722,0.33552068,0.8937335,0.031561606,0.40070978,0.17179821,0.08999512,0.57725257,0.3040248,0.47167593,1.2549123,0.17411402,0.52879703,0.21310045,0.65357983,0.22548285,1.519209,0.3413502,0.24278313,0.1500486,0.015799977,0.52264917,0.7377713,0.55072474,0.2116352,0.06527824,0.39802086,0.27213562,0.41355437,0.9362287,1.1986929,0.5219547,0.16026013,0.20696189,0.3592218,0.20556602,0.25853232,0.04958071,0.6169979,0.42208934,0.42451167,0.3516267,1.1559503,0.010052218,0.9300814,0.09206588,0.050424114,0.6614145,0.7200532,0.8858229,0.12463143,0.20442607,0.029193634,1.1302602,0.5751187,0.8828362,0.1414602
0.3222828,1.0114708,0.20571432,0.25137722,0.439983,0.7950931,0.60630125,1.006175,0.7248499,0.6692848,0.3790646,1.0987142,0.1747789,0.3445027,0.12431572,0.18447915,0.13760664,0.37678605,0.03496543,0.07107172,0.12623976,0.519136,0.24498038,0.3074761,0.6032734,0.16383089,0.16164456,0.54167795,0.29561082,0.621355,0.25209868,1.1579528,0.35305762,0.6289945,0.50034463,0.06633101,0.69592816,0.16185835,0.32277983,0.4849412,0.27972734,0.10957289,0.07887305,0.45573446,1.4835873,0.03907028,0.20066951,0.0030141366,0.4546777,1.0031815,0.52370465,0.7100874,0.23504451,1.3428462,0.22549382,0.17536882,0.33034563,0.10051578,0.55280715,0.18003054,0.48979682,0.36690593,0.420292,0.410139,0.776441,0.9980076,1.3558807,0.11832946,1.2253649,0.12934805,0.2253213,0.23558325,0.09489017,0.62486947,0.27597874,0.16156024,0.15059087,0.3155251,0.017645534,0.38064384,0.122477114,0.038435563,0.21648517,0.39711806,0.6335698,0.06877115,0.5376782,0.3072211,0.22233284,0.27399695,0.76463294,0.33631957,0.31984055,0.19254765,0.24695039,0.290621,0.5347425,0.13022067,0.37408805,0.26026008,0.5105475,0.043961093,0.040315166,0.42203802,0.30124158,0.10187276,0.11634284,0.5145291,0.22567147,0.84731156,0.55268896,1.304863,0.25565076,0.17212337,0.24945948,0.124205835,1.0342747,0.5430448,0.0044131363,1.3725148,0.48415363,0.28098544,0.58021295,0.54154956,0.34083676,0.57381165,0.26164955,1.0673852,0.3350164,0.15212071,0.0782218,0.063988104,0.20269695,0.2955336,0.09685064,1.0448375,0.6063078,0.4258315,0.4423134,1.0509667,0.5939977,0.064496145,0.38340777,0.43405247,0.68117094,0.44951406,0.6129949,0.52069,0.104483135,0.01937701,0.8104641,0.42577216,0.6195359,0.3350312,0.4644305,0.8289894,0.14895415,0.1352011,0.34289932,0.19923206,0.39380765,0.43052748,0.20216784,0.102941565,0.60568434,0.57714105,0.12142343,0.28472394,0.3731895,0.08080616,0.23622924,0.1395128,0.37164518,0.3548804,0.53219396,0.49332386,0.51245934,0.25571412,0.24359637,0.11282915,0.16047275,0.6387028,0.15055615,0.6082305,0.15348306,0.4276997,0.20363533,0.36705443,0.42077208,0.4252329,0.6961833,0.56104,0.025708934,0.8318549,0.26745495,0.094244525,0.32660705,0.5823818,0.23752367,0.33429298,0.70318055,0.45226628,0.37358522,0.36243296,0.5546941,0.443053,0.4757033,0.36280847,0.41633824,0.11048187,0.054800034,0.33604538,0.17496537,0.13941121,0.5788131,0.3246406,0.3913046,0.84990335,0.36302403,0.5693248,0.048613336,0.29693586,0.105555914,0.04408535,0.45113114,0.4512993,0.3682847,0.3384471,0.50074506,0.73357964,0.7137091,0.06396575,0.17821568,0.4986338,0.097640835,0.10074807,0.30721083,1.0097735,0.816167,0.3879742,0.3448626,0.12203979,0.461062,0.12451282,0.767601,0.24419639,0.28212214,0.49887365,0.2141944,0.49273962,0.50690854,0.123946056,0.14750478,0.63142985,0.8775453,0.74216133,0.2378355,0.31698972,0.021209933,0.4434212,0.062362045,0.14732811,0.006012477,0.9499664,0.22394603,1.4030762,0.7980153,0.155316,0.168824,0.18140045,0.04604966,0.20717111,0.26290426,0.63153833,0.1081135,0.8707781,0.7435634,0.9210285,0.24728301,0.53220195,0.19607103,0.69066566,1.0853593,0.347748,0.4874478,0.6242572,0.40276545,0.14375886,0.17192072,0.44861463,0.78960025,0.45067906,0.46787915,0.2820929,0.43692952,0.2699374,0.5286341,0.52073526,0.14979775,0.18508072,1.3340498,0.53710616,0.34943977,0.6898235,0.27731544,0.6032651,0.4352079,0.41174644,0.45897046,0.33379257,0.16300407,1.0446651,0.522515,0.39178514,0.77443045,1.2183065,0.7819593,0.35272372,0.7255238,0.31277528,0.69498587,0.4067914,0.3408805,0.32958132,0.62370026,0.21784526,0.5636581,0.4484266,0.17807984,0.27179328,1.0053029,0.32771787,0.34111512,1.309684,0.08921969,0.6331223,0.41137972,0.29361498,0.12651126,0.15978013,0.039925672,0.83672345,0.16886452,0.38748974,0.26978976,0.21753806,0.039619487,0.71711195,0.40655693,0.34277755,0.58560705,1.0207222,0.41938266,0.53892636,0.09716657,0.48434514,0.20166737,0.25622502,0.21319503,0.07928813,0.16505031,0.07575093,0.07010096,0.11980294,0.5474066,0.3792093,0.78232056,0.70073634,0.75168097,0.42284572,0.6201097,0.09450151,0.43466544,0.5370725,0.17592098,0.05591031,0.46998578,0.35402286,0.5701477,0.3307458,0.8403152,0.04033217,0.37225202,0.4898411,0.4914408,0.124105796,0.12404622,0.63507795,0.21343425,0.3054251,0.22110337,0.27797168,0.64624405,0.18765949,0.35862157,0.8405963,0.21025221,0.24652267,0.40060553,0.606077,0.50019073,0.25647753,0.052625924,0.45687017,0.3841662,0.3711505,0.48306245,0.2663464,0.47270986,0.6978833,0.6542293,0.025131017,0.43193913,0.28769535,0.53399503,0.5691878,0.22171639,0.031423848,0.22207189,0.16129628,0.46881145,0.77433586,0.77651006,0.09427526,0.21442044,0.17235184,0.26076365,0.33863407,0.25861526,0.47875407,0.2677088,0.55581397,0.030679252,0.0942035,0.015807977,0.22554697,0.2953854,0.7519355,0.34030893,0.29039255,0.63279235,0.078562945,0.71338147,0.3285598,0.11384679,1.168456,0.16321835,0.39225402,0.39443955,0.20187083,0.43589115,0.18527998,0.64007676,0.151621,0.052667405,0.6000891,0.1888278,0.24664308,0.07581697,0.39237157,0.25698844,0.020987848,0.25228465,0.3395291,0.014777585,0.05533781,0.23104107,0.21358833,0.54315007,0.40478933,0.51951486,0.23394625,0.25417793,0.36738592,0.1506507,0.82550526,0.1707995,0.6386204,0.6997899,0.4796229,0.13031198,0.18947938,0.537945,0.2510358,0.040122684,0.9678827,0.18335204,0.4832828,0.10364553,0.07162614,0.18785465,0.39558125,0.18553802,0.48042965,0.22501,0.12993774,0.5776385,0.07955983,2.2236786,0.160129,0.68762183,0.5229092,0.011315621,0.14851208,0.5154376,0.4085769,0.0737702,0.18344983,0.3363272,0.18067364,0.44981998,0.61173016,0.5495962,0.54647905,0.6731074,0.06527138,0.48246706,0.30557495,0.17656313,0.23418215,0.04929933,0.3078681,0.40845835,0.36302036,0.5433422,0.4264279,0.1527906,0.24180922,0.72900784,0.30143556,0.38376993,0.49635074,2.2772698,0.56922096,0.12795514,0.6553406,1.0611359,0.7408194,0.86959314,0.031170042,0.4104798,0.41117334,0.09501631,0.19441396,0.38003838,0.702993,0.19500226,0.15567487,1.0962069,0.3738721,0.26140225,0.50383395,0.25502408,0.3109045,0.36204794,0.5184172,0.27970785,0.49543363,0.6152319,0.3491817,0.62654907,0.35199654,0.47109863,0.23355237,0.3105212,0.11491485,0.0010840744,0.3189442,0.15406764,0.16245204,0.3108477,0.40061957,0.2180897,0.2696476,0.17778723,0.39114267,0.20195459,0.8358802,0.24024825,0.29126588,0.6726285,0.21895114,0.07798809,0.4769982,0.9654205,0.38853702,0.39903843,0.0992605,0.698143,0.521466,0.3830791,0.02207382,3.8280375,1.0467482,0.19806984,0.1070669,0.2929604,0.1777012,0.10048309,0.24192916,0.33579904,0.27701616,0.05603528,0.5149944,0.47876346,0.4708404,0.04126142,0.13126093,0.23979205,0.27568856,0.07546206,0.3295413,0.35475016,0.19999626,1.4413958,1.2035217,0.34504974,0.046143305,0.22207943,0.27070823,0.28787306,0.17814273,0.62122244,1.2908481,0.18312116,0.43271002,0.27367097,0.5265504,0.47481063,0.4238699,0.63846785,1.2216378,0.4319328,0.17787579,0.15954062,0.20190245,1.3436093,0.13053514,0.16692173,0.14612924,0.5274497,1.1047714,0.38857073,0.74346185,0.25138146,0.40839982,0.12260245,0.8771378,0.007892095,0.17823638,0.6152601,0.600621,0.34871107,0.1878668,1.0388216,0.44123587,0.5733508,0.20410906,0.5679988,0.7867508,1.5520198,0.19717449,0.59912163,0.29349202,0.16136652,0.57156646,0.3706761,0.07733397,0.34758323,0.053822942,0.0009944562,0.25504017,0.07820676,0.27289152,0.12122958,0.18059206,0.29595813,0.23073727,0.4805814,0.27523476,0.75983256,0.33139333,0.2991071,0.6222695,0.3270828,0.80414426,0.17011657,0.19942486,0.11631163,0.026650067,0.264664,0.27540654,0.19049244,0.30731583,0.19428124,0.33710042,0.5086825,0.21090885,0.14602853,0.14470822,0.24067989,0.01485969,1.2643075,0.104441255,0.34427702,0.62706685,0.201543,0.051235773,0.10897118,0.37330505,0.2434576,0.043082453,0.1329878,1.02934,0.6928613,0.5871769,0.50128293,0.09233175,0.31181437,0.1339024,0.19646716,0.21189854,1.0429772,0.294169,0.30559975,0.2140069,0.111682564,1.9743115,0.04984486,0.3591221,1.7754307,0.5634122,0.16599934,0.11075952,0.34464532,0.15466182,0.14119287,0.823246,0.51626366,0.7070906,0.04661663,0.6431656,0.081168875,0.34931237,0.22840482,0.5614866,0.21510088,0.18035981,0.16938397,0.8797466,0.31528413,0.14981353,0.5908313,0.492215,1.0359519,0.60678136,0.37143862,0.254004,0.21720776,0.6413811,0.37655655,0.31406093,0.03501422,0.28063935,0.20598656,0.6485449,0.17342821,0.26779962,0.7939469,0.5442319,0.6250496,0.24444886,0.27627465,0.1628163,0.05916226,0.49099112,0.412569,0.19972669,0.22875112,0.42023355,0.5660309,0.16673149,0.34844828,0.2713177,0.2514931,0.5644439,0.4436752,0.94522285,0.11792695,0.2422078,0.75558734,0.3612371,0.38459614,0.66967297,0.52775985,0.72430867,0.32312834,1.5457776,0.26244575,0.30598417,0.22846982,0.3351267,0.16222346,0.1167486,0.62808174,0.25597775,0.62738526,0.5343488,0.4099192,0.13411984,0.63485765,0.25118005,0.23324966,0.21867087,0.417085,1.5120229,0.37470558,0.24405044,0.62584865,0.09033274,0.3946792,0.48710236,0.22422996,0.17805961,0.5014197,0.10347035,0.07743562,0.66027635,0.15767707,0.41901624,0.6371344,0.28220773,0.5310191,0.63599896,0.48894545,1.0315162,0.68762255,0.39685085,0.23254895,0.41163749,0.36370224,0.2596113,0.07227075,0.15837125,0.9942361,0.38464397,0.5339409,0.37067607,0.49375862,0.23554853,0.31112635,0.39795798,0.35978237,0.10536528,0.30060017,0.71963906,0.8989199,0.07791988,0.36736584,0.2946779,0.6533912,0.20462644,0.7888137,0.59722495,0.26204163,0.7800081,0.9739377,0.92215675,0.68749064,0.51332355,0.11918041,0.66169,0.15738833,0.17578852,0.35804534,0.49095586,0.24477032,0.8147623,0.19602728,0.101187095,0.47292286,0.0684575,0.16642982,0.24576966,0.1584524,0.82892895,0.22506997,0.38202685,0.34026948,0.24489899,0.24709886,0.025969474,0.63634396,0.10027959,0.43959445,0.40270767,0.19224632,0.23755838,0.17592669,0.5910665,0.311615,0.23625806,0.8468047,0.02562129,0.5293765,0.2234322,0.44545126,0.55986774,0.23916595,0.25379774,0.2549744,0.29178804,0.60868025,0.35336426,0.1806894,0.13895833,0.5716847,0.03258838,0.586023,0.6490319,0.94505703,0.24913734,0.0862796,0.10167917,0.28068984,1.2080653,0.19303858,0.34768134,0.092499636,0.24176368,0.47151077,0.49328238,0.3079859,0.10271581,0.14181346,0.56482136,0.17957512,0.34024674,0.23203844,0.109153874,0.17563486,0.6065159,0.2892059,0.4499744,0.15028024,0.2867874,0.13883488,0.30372757,0.20101424,0.22749813,0.6837901,0.0386,0.32589555,0.31378627,0.014318157,0.2209458,0.17544606,0.8957442,0.23157804,0.5118699,0.10528683,0.2279599,0.27612147,0.112556465,0.27337563,1.1470321,0.24692266,1.0316458,0.3040076,0.57048166,0.5762811,0.54915065,0.5965891,0.73804617,0.31620377,0.27232015,0.23165186,0.37485033,0.13625768,0.5074151,0.15294123,0.23107815,0.19949532,0.18016246,0.7349168,0.19698787,0.5729207,1.7297398,0.08832508,0.2431011,0.5418274,0.5164484,0.158594,0.20416534,0.021906134,0.16420005,0.2434474,0.26012504,0.45799893,0.36153704,0.13653874,0.32344535,1.180583,0.9800868,0.16339993,0.5058891,0.07338173,0.20904197,0.2990024,0.3309424,0.29969037,0.05357057,0.20903459,0.37951267,0.46709815,0.27470466,0.15362057,0.64745057,0.361023,0.279661,0.53517425,0.6465987,0.20862406,0.15260202,0.60704523,0.7243383,0.17812604,0.15669154,0.5254239,0.29634303,0.24586771,0.38606292,0.687639,0.06397749,0.16615485,0.25469214,0.16413288,0.2753587,0.30341053,0.9620537,0.17798656,0.33252114,0.8844651,0.5738149,0.14720051,0.748432,0.3884138,0.37051445,0.38531354,0.08311737,0.10747119,0.64255595,0.048790917,0.5208904,0.6494554,0.4296803,0.11188597,0.51169884,0.105469465,0.4652816,0.43995568,0.39352417,0.31134754,0.19331092,0.25376344,0.38771564,0.024641912,0.41403055,0.30760986,0.065770134,0.43176696,0.25850177,0.03970057,0.03497418,0.61670864,0.339535,0.23855442,0.08976206,0.23082063,0.076018326,0.15692683,0.21701688,0.2539981,0.2722931,0.56376123,0.21549442,0.23684272,0.2641738,0.14424455,0.035897225,0.7234999,0.15736476,0.24548545,0.0,0.7978798,0.6580217,0.09555763,0.5153858,0.49694684,0.044759665,0.15697406,0.17437774,0.20559055,0.20172903,0.15238763,0.27236453,0.035804015,0.22052212,0.19333707,0.5627581,0.2957781,0.26747802,0.57859266,0.2693308,0.6519024,0.18753926,0.16374621,0.027253304,0.8855152,0.1570532,0.3512544,0.28602928,0.47780493,0.5782095,0.28632906,0.0995827,0.037402935,0.119406916,0.7733716,0.05913923,0.052386418,0.0091069285,0.13288508,0.46800297,0.25167188,0.24318314,0.023623563,0.4756859,0.48393878,0.19926308,0.42113525,0.001137961,0.23799679,0.3908959,0.8392123,0.069204554,0.7676392,0.105526075,0.2946066,0.0014874216,0.2435937,0.18970102,0.20210999,0.76888686,0.32450575,0.55155545,0.16553128,0.2331998,0.27475706,0.7182778,0.044193268,0.17871732,0.3120619,0.47441924,0.065255865,0.07213894,0.056262072,0.3137067,0.021663811,0.0,0.2517554,0.4366882,1.1624568,0.25452211,0.41708845,0.03469098,0.4008152,0.16541746,1.0583136,0.21434797,0.15148309,0.36398655,0.36027166,0.37308672,0.103511974,0.12340014,0.27628827,0.5552944,0.01663126,0.24308652,0.12879686,0.17934027,0.18048236,0.29154366,0.26063743,0.86587214,0.02410381,0.8812029,0.28053945,0.138124,0.13043505,0.16712812,0.20045477,0.7451502,0.537701,0.021977223,0.6246045,0.7994128,1.2487569,0.47540858,0.5995603,0.32150626,0.115435645,0.20349285,1.3147717,0.9782935,0.3497886,0.68391716,0.67469704,0.08421933,0.72989726,0.13113579,0.7749124,0.12883766,0.1480695,0.10920969,0.15882534,0.17978723,0.004892946,1.0183183,0.48903412,0.31147903,0.001106028,0.017133938,0.22090296,0.00080857304,0.5218296,1.1751096,0.6984714,0.95701414,0.14801483,0.25266618,0.71691656,0.29762715,0.044353567,0.56387293,0.7201547,0.611613,0.16128075,0.18497415,0.19915101,0.57694113,0.388591,0.032350395,0.42737144,1.1331505,0.98301005,0.12838145,0.0007109708,0.1387566,0.2975424,0.38639885,0.19365627,0.5502264,0.10264692,0.7314503,0.100516,0.7522866,0.07878734,0.5259268,0.026651857,0.47501528,0.474994,0.15466534,0.30814385,0.7171639,0.45922238,0.4085555,0.33841014,0.15137158,0.008792272,0.42571148,0.034947306,0.9029969,0.2706298,0.57126343,0.3305354,0.47014856,0.17121302,0.58165,0.040771447,0.31841287,0.5857289,0.07380487,0.25641233,0.29659367,0.33066761,0.4255823,0.47136584,0.8661753,0.059466343,1.1699591,0.45587093,0.59975183,0.400796,0.1859598,0.83794487,0.23874956,0.416796,0.1228177,0.011900495,0.94928443,0.31533784,0.023922643,0.081634924,0.034488887,0.012257267,0.18245098,0.3584184,0.48992187,0.40632042,0.12659283,0.14668061,0.46482018,0.34632176,0.050854836,0.42292047,0.6900282,0.29973805,0.84059495,0.6822774,0.069083236,0.21936032,0.69684815,1.1970035,0.28506225,0.3855965,1.0997607,0.07612908,0.34419197,0.22987364,0.90018076,0.08853899,1.0766704,0.06101042,0.45417887,0.2645688,0.2285657,0.8472289,0.75339186,0.92235774,0.76289165,0.6407654,0.6944107,0.68247443,0.04422752,0.42013574,0.007706323,0.5010476,0.18989658,0.62531626,0.075964764,0.0013772672,0.04320385,0.0877165,0.8765013,1.0167134,0.07949331,0.3107943,0.0026925951,0.89117706,0.27702314,0.3964229,0.25410676,0.6877686,0.0643808,0.5464361,0.4068663,0.32551908,0.38148108,0.41982782,0.69432956,0.73154855,0.9775442,0.23973054,0.7507343,0.4577524,0.122003205,0.4018148,0.9964511,0.35289907,0.0,0.38807356,0.26104185,0.61090636,0.34064698,0.3552936,0.6796215,0.122882806,0.9208202,0.556484,0.78892565,0.40723458,0.6256529,0.487377,0.023602776,0.47893512,0.26299465,0.12870312,0.020998469,0.16235107,0.16205342,0.2030457,0.89966726,0.14615962,0.39755136,0.52675587,0.16079646,0.81127465,0.5049461,0.85207486,0.67880654,0.86988294,0.4758692,0.31939316,0.048838448,0.2617595,0.31288055,0.58130735,0.66213274,0.029509809,0.016552014,0.26835415,0.14950745,0.030993035,0.4354759,0.40244234,0.02923078,0.36395237,0.58546245,0.6031312,1.7332671,0.4897626,0.25378662,0.03374223,0.23987499,0.31940335,0.8027257,0.25147086,0.059777975,0.9243144,0.78315955,0.42032233,0.15547499,0.06793015,1.421066,0.44161573,0.7599692,0.56891406,0.5389534,0.37573156,0.9020109,0.24929881,0.646108,0.0961176,0.71552694,0.23489733,0.1164242,0.025798151,0.020868618,0.155094,0.1880441,1.2148042,0.667043,0.6148828,0.9222558,0.9669026,0.4305816,0.4141427,0.7175975,0.1330893,0.16548988,0.087772295,0.1866686,0.5697753,0.17190883,0.1459803,0.17862669,0.039952215,0.40259367,0.6828954,0.20204617,1.0065396,0.0052849,0.11411439,1.4376745,0.7769382,0.1266816,0.05703822,0.40474528,0.06464575,0.14941917,0.24737059,0.27923524,0.6391739,0.11147992,0.526115,0.05899085,0.2102011,0.34266677,0.4087565,0.17704079,0.35360742,0.66338927,0.04599589,0.15713012,0.40448755,0.8106435,0.4520998,0.31600434,0.19654775,0.5253682,0.093738444,0.009187993,0.9713254,0.45180207,0.046042636,0.5693788,0.5725881,0.0044658016,0.20062935,0.0,0.30864006,0.23088767,0.7484981,0.30899775,0.22826512,0.6938036,0.6266831,0.09582945,0.8190406,0.39694655,0.10674952,0.6226338,0.37169093,0.32021683,0.19330123,0.14890862,0.34091973,0.4180398,0.06257296,0.53957,0.36803755,0.3169898,0.032478414,0.068794444,0.50285363,0.10318937,0.3621536,0.21882418,0.19083305,0.020992039,0.18293926,0.031985834,0.122562245,0.27385575,0.13911234,0.0020173492,0.025365114,0.2424459,0.13296999,0.7206212,0.033307686,0.024798827,0.13544962,0.20385733,0.41874278,0.16286412,0.29557663,1.4089566,0.11146488,0.2143365,0.22601953,0.41935334,0.083356455,0.20057674,0.28522235,0.46878278,0.051943447,0.67104447,0.9323724,0.103881486,0.8178391,0.5288546,0.092934474,0.24551529,0.5641745,0.48514295,0.47631747,0.37296396,0.20381537,0.6406292,0.4323492,0.33731338,0.2226326,0.31186008,1.0414416,0.619104,0.19381204,0.22403207,0.20382245,0.410929,0.02113917,0.70309496,0.30148792,0.24470113,0.012191154,0.550322,0.50697184,0.4929855,0.5779995,0.02929848,0.3293963,1.7152417,0.2396918,0.6291069,0.15883726,0.6139684,0.42823094,0.65616226,0.60343766,0.19746393,0.12399499,1.3326349,0.7026687,0.560816,0.4021382,0.09364909,0.33375648,0.0,0.95579773,0.60589635,0.6525276,0.3431937,0.025454137,1.0062367,0.5199748,0.32384342,0.6877866,0.5183317,0.19398853,0.70838046,0.08018932,0.6638868,1.4406548,0.03206413,1.1547582,0.22663286,0.49528363,0.0,0.03924701,0.9744676,0.07396083,1.3302146,0.114870265,0.16540757,0.27441245,0.25376993,0.2562865,0.62366235,0.40988517,0.46063805,0.074007675,0.6854818,0.16860682,0.571741,0.123491496,0.49877036,0.20602262,0.060876258,0.12920351,0.09269721,0.20604952,0.40758196,0.556808,0.3406967,0.09490133,0.55485576,0.36545545,1.652746,0.13745874,0.19871989,0.96076274,1.1498643,0.27212164,0.18303439,0.31208867,0.020090131,0.14440545,0.09239547,0.9304731,0.34360507,0.583056,0.86067444,0.4347117,0.32957065,0.20390996,0.2875912,0.04316561,0.045885548,0.58434963,0.4471622,0.43012887,0.5805607,0.08269731,0.22360113,0.36827442,0.5715568,0.3844521,0.05396904,0.27901036,0.3203848,0.18339413,0.39299232,0.97936404,0.30692208,0.123888284,1.2410538,0.29065588,0.30632058,0.33902413,0.28997657,0.0061515477,0.40783593,0.13531394,0.3242718,0.51487803,0.24617192,0.43424404,0.787308,1.0916078,0.12394937,0.16455527,0.22209883,0.21399505,0.04156973,1.0985599,0.0055535133,0.03175039,0.5638877,0.7213323,0.009936079,0.26160848,0.6266612,0.013692279,0.8388011,0.8001026,0.054914884,0.7628069,0.88563114,0.2619701,0.27023587,0.0993207,0.09802432,1.1619794,0.60702777,0.16443115,0.2948295,0.30391392,0.26088375,1.0142074,0.05055733,0.002603522,0.063992485,0.07712801,0.84041744,0.7294786,0.10729361,0.12687957,0.66258883,0.24732727,0.41559005,0.1189876,1.1719298,0.22153975,0.04398206,0.1629743,0.021571238,0.7479352,0.48349145,0.23027569,0.13081157,0.55906415,0.54604244,0.15633324,0.73667073,0.006904988,0.15487729,0.6903429,0.04967888,0.3492328,0.05451746,0.13290448,0.066947415,0.29060218,0.39754054,0.13259426,0.10310036,0.5876702,1.1506919,0.5200714,0.06763016,0.028075492,0.034400437,0.0075325537,0.48263162,0.09904793,0.064721756,0.17597222,0.458086,0.4285686,0.6768886,0.91691446,0.85404575,0.4822153,0.58827245,2.1095726,0.3471287,1.5166152,0.6572501,0.5614002,0.3514976,0.018132629,0.009260191,0.54141235,0.021837046,0.20663816,0.110657975,0.13803212,0.05232212,0.35241616,0.45100936,0.12043831,0.91040725,0.031014066,0.52885354,0.23419225,0.10891893,0.13131252,0.008999973,0.39963382,0.45950255,0.6258013,0.14350772,0.3774192,0.62781286,0.15158689,0.77961886,0.26035497,0.09014468,0.1596944,0.3659297,0.8170708,0.10489495,0.21936916,0.29918808,0.06187958,0.35525614,0.0136319455,1.2966409,1.5493786,0.10629428,0.3024191,0.61579555,0.078419566,0.45520833,0.005376187,0.5262487,0.30056083,0.43224144,0.36136633,0.0053393785,0.024571272,0.7682032,0.6805464,0.28232172,0.38282233,0.85030925,1.6110184,0.33484742,0.047614798,0.06745434,0.24324766,1.5615202,0.99720645,0.06964745,0.10078485,0.21098396,0.39401606,0.82394767,0.19115835,0.47814846,2.0126443,0.62123036,0.2540928,0.33176702,0.7968247,0.5599256,0.41082627,0.3535639,0.064962186,0.11740829,0.3729888,0.45480803,0.3141184,1.8958699,0.35053885,0.7809368,0.9825697,0.5327675,0.2474625,0.7946154,0.0,2.06686,0.45041344,1.1436756,1.3797263,0.68351245,0.49244094,0.29850507,0.6009186,0.042369016,0.16169214,0.06742337,0.014523127,1.661967,0.0,0.051223204,3.0787983,0.6948755,1.5909803,1.2638322,0.32854232,0.55783385,0.90777516,0.23925851,0.043917853,0.4494657,0.37246752,0.34759253,0.087676115,0.26765487,0.008087497,0.2996847,0.22462556,0.42698422,0.28325775,0.051626235,0.8043508,1.0210116,0.1876319,0.1990365,0.006371812,0.69806695,0.5504643,0.16402003,0.09012157,0.47994572,0.4913886,0.83306575,0.050890602,0.8044807,0.30374825,1.3029188,0.10514997,0.47075787,0.25014442,0.011431008,0.32755995,0.13726023,0.042787727,0.41815808,0.48446345,0.2137738,0.048143014,0.8020744,0.5033387,0.8799795,1.1861198,0.6328741,0.8579329,0.57320976,0.24024041,0.79765326,0.10702812,0.36612454,0.22411194,0.09470098,0.25016594,0.34699464,0.5631402,1.1120822,0.17315675,0.66424227,0.5319985,0.44262525,0.32025838,1.6217166,0.20036386,0.36691594,0.16012576,0.20005414,0.24232213,0.7658384,1.0151825,0.32303888,0.13438481,0.66266364,0.3048552,0.7411523,0.6037664,1.7561378,0.39980537,0.15040177,0.5324488,0.6573212,0.27094394,0.3863631,0.021839203,0.9990279,0.49384558,0.60244095,0.5213452,1.3065743,0.03725964,1.1066779,0.14890034,0.45891315,0.51691926,0.6827975,0.7329514,0.1026607,0.14463669,0.01060176,1.0675647,0.4154167,1.0047766,0.4156205
0.45085305,0.529207,0.51171637,0.27049094,0.4768213,0.6796548,0.6703596,1.0407181,0.8095472,0.9896524,0.19941649,0.7898848,0.5030917,0.27068368,0.1497175,0.17833132,0.2399813,0.35492057,0.19866078,0.30769634,0.6857865,0.5647099,0.2900124,0.96822375,0.6652824,0.27578694,0.041918017,0.54694927,0.4275505,1.1076105,0.4465301,0.8881515,0.48130354,0.7519815,0.28941268,0.18264309,0.3362774,0.1286007,0.1647751,0.8501878,0.4212302,0.2088012,0.1637497,0.9957424,0.93300533,0.04874477,0.20310438,0.0048510064,0.41321695,0.3081606,0.24201179,0.41163665,0.6166278,1.0673622,0.34842533,0.094664544,0.6084691,0.20436269,0.44154233,0.30225673,0.5535418,0.3678394,0.32723802,0.46053642,0.7021009,0.23977603,0.5504447,0.2775085,0.52833366,0.29942626,0.30878258,0.037873894,0.1794838,0.6497179,0.40999562,0.3843384,0.45117468,0.23311798,0.04479526,0.31725547,0.17007658,0.18567036,0.17785303,0.44334117,0.31175214,0.072083056,0.37409306,0.40681547,0.27098513,0.51677024,0.7546418,0.33259806,0.43511406,0.8690022,0.17078903,0.25143835,0.13435552,0.29014802,0.46888208,0.31728837,0.6274028,0.10479502,0.058306593,0.49193034,0.7304696,0.08360405,0.2861542,0.81427395,0.26849863,0.7245832,1.0447724,1.0619365,0.49483293,0.21879858,0.43112916,0.20704448,0.12654874,0.7354741,0.02646494,1.1892359,0.30684194,0.24229428,0.87935627,0.46312606,0.40726668,0.77494323,0.14176963,0.66939306,0.29540297,0.1373963,0.46440694,0.034065627,0.2697627,0.8465816,0.21280707,1.340089,0.8719679,1.0373688,0.7066863,0.4798981,0.91650975,0.06047927,0.9383309,0.5406765,0.43085736,0.69613975,0.93469983,0.812732,0.02558858,0.060496926,0.7993006,0.56806,0.5843256,0.15946718,1.1167239,0.97494566,0.3559624,0.20784727,0.47034204,0.3178939,0.21747154,0.641585,0.6436826,0.103989854,0.44975352,0.2889791,0.18881513,0.39209166,0.46380535,0.13742638,0.28442606,0.30897224,0.33576113,0.1267553,0.761919,0.48209575,0.32958776,0.10867739,0.25934067,0.4761036,0.22952059,0.6607886,0.3254477,0.46524248,0.23190933,0.4822342,0.21717173,0.593966,1.1810633,0.23570946,0.5439576,0.59063005,0.124572664,0.95698667,0.1373557,0.52100915,0.24034795,0.73080766,0.37997794,0.36308393,0.6560053,0.141696,0.52783364,0.396995,0.30759186,0.32788515,0.7355521,0.09294389,0.7421036,0.12695593,0.049190238,0.2277121,0.2981879,0.100697786,0.9197526,0.65422034,0.24700218,0.87187636,0.32820168,0.33938265,0.01534591,0.42528903,0.22839156,0.30140334,0.6806688,0.51570404,0.44938183,0.36667413,0.50045854,0.6652982,0.14511639,0.056916546,0.56469786,0.22070248,0.027242891,0.050065972,0.13993995,0.8079442,0.77658147,0.5245004,0.16718376,0.10537566,0.16770048,0.22531831,0.16676955,0.25393665,0.5078386,0.3853557,0.26281512,0.25822735,0.24708453,0.11526462,0.07743487,0.40895772,0.896074,0.9439805,0.35609478,0.56659055,0.12932017,0.4481807,0.3666099,0.31120935,0.009654032,1.0567558,0.5061288,1.982117,1.3914523,0.7165738,0.115628764,0.46530658,0.054837037,0.26516074,0.1698943,0.6651763,0.17936726,0.6215633,0.40892965,1.0718241,0.28356704,0.48501813,0.62808335,0.45336688,0.74277854,0.3316166,0.62826985,0.3736497,0.39220586,0.054348055,0.076702476,0.7677265,0.69652224,0.8100067,0.3063385,0.31670684,0.4374265,0.21023685,0.5661223,0.4638464,0.23864253,0.64481854,1.2493703,0.60818696,0.4674803,0.54123074,0.28826427,0.8564544,0.6255341,0.6517128,0.9039254,0.3567754,0.28002793,0.6968734,0.7404314,0.24027032,0.6190945,1.3496946,0.5670194,0.33893028,0.82715106,0.08115311,0.5511825,1.0716786,0.1483469,0.17405865,0.8308239,0.30874336,0.18213731,0.4323684,0.16836628,0.9481654,1.1814661,0.36125103,0.08131093,0.08195458,0.19393541,0.11981958,0.694433,0.27088812,0.3285611,0.32154253,0.20733806,0.7839118,0.24367073,0.42608657,0.24907151,0.41624102,0.36691195,1.1255634,0.4071924,0.6353646,0.25364774,0.7183199,0.23691188,0.23222464,0.014126339,0.2768246,0.26877508,0.48135683,0.3844015,0.33340186,0.21655151,0.24011882,0.34370297,0.27659208,0.5472664,0.75232553,0.40245578,0.4654389,0.75969815,0.6460946,0.5348937,0.09458315,0.56980765,0.35722822,0.26002234,0.21459416,0.8608364,0.21018079,0.42552328,0.49480212,0.8774302,0.042588025,1.1615479,0.41675663,0.4599077,0.036408752,0.15309331,0.51672363,0.2093012,0.005255237,0.18153632,0.34959888,0.8995865,0.50954765,0.5217339,0.6944359,0.4939188,0.6367428,0.47577947,0.5727968,0.66042584,0.18377149,0.3393631,0.19336465,0.59389937,0.22619323,0.5454613,0.7074975,0.499756,0.19932786,0.49385154,0.05546102,0.5428628,0.29621562,0.45800486,0.6399046,0.08821998,0.15327342,0.23222588,0.5036157,0.7601363,1.6283306,0.31447598,0.3246101,0.8960309,0.45085847,0.52683026,0.5636347,0.42712337,0.4254498,0.5388559,0.5423033,0.23314378,0.121536024,0.39428532,0.30048305,0.55194247,0.2530906,0.28513652,0.7783272,0.29215908,0.16271096,0.88174266,0.5414984,0.10267072,1.1784585,0.19018547,0.4652024,0.46757144,0.23609748,0.22168145,0.27273875,0.12914413,0.42001292,0.32196122,1.1038237,0.13719164,0.06611404,0.5173007,0.5201592,0.37661934,0.10103672,0.2672855,0.3919599,0.076534346,0.28905743,0.5434879,0.015565289,0.5933438,0.90225565,0.41632107,0.21887821,0.21515913,1.3196229,0.023554578,0.5742817,0.2897311,0.25657773,0.626282,0.48969865,0.6325456,0.3575971,0.73512495,0.46989948,0.1990065,1.0834774,0.27303046,1.3399106,0.26037586,0.019512864,0.24512783,0.253015,0.6867255,0.29192936,0.5687152,0.54915464,0.7235022,0.27822828,0.9572232,0.1902112,1.233944,0.5349927,0.007970519,0.3580227,0.5647936,0.3588093,0.13823573,0.010837905,0.43597138,0.39533797,0.9865699,0.6471653,0.6849221,0.069655076,0.9680825,0.30531442,0.58262116,0.2257916,0.5666846,0.7155942,0.104874656,0.31803113,0.6915889,0.0945521,0.66543394,0.17226332,1.0935385,0.37830377,0.56860745,0.15626779,0.48044968,0.292785,1.1110169,0.34867185,0.1958372,0.5476881,1.2020581,0.76095104,1.3103187,0.13002163,0.31166723,0.668573,0.48275372,0.5143856,0.22579236,0.6136805,0.2864256,0.24232036,0.5095794,0.44927144,0.45678943,0.6738752,0.09287582,0.22765747,0.516407,0.5325403,0.20298322,0.65700746,0.5828969,0.46126342,0.17308858,0.7109256,0.5699556,0.09897287,0.3697183,0.5386266,0.23354071,0.6406094,0.84529984,0.34121817,0.59761655,0.099282056,0.32086837,0.31758618,0.05460245,0.51596576,0.4180922,0.3569722,0.5408317,0.4588169,0.77557653,0.14679271,0.19314682,0.46199062,0.8417705,0.6195802,0.068786874,0.5631346,0.5766442,0.15932387,0.57393545,0.26591492,1.7111396,0.7139115,0.3944616,0.42005095,0.46912247,0.15304103,0.318345,0.3005734,0.21911277,0.43058968,0.12317516,0.8770566,0.9220832,0.5314183,0.18716991,0.5820006,0.34232813,0.5088308,0.19912982,0.80651104,0.7643752,0.2476815,0.79820323,1.4348933,0.45825845,0.48201066,0.38612935,0.30341843,0.24466613,0.23110545,0.21697186,0.8825828,0.14908808,0.29726258,0.49209666,1.4131795,0.82959044,0.6818881,1.0967205,0.7750338,0.4003193,0.2167815,0.4284146,0.105400644,0.4945665,0.68253857,0.1800333,0.078704625,0.8127507,1.2980701,0.42721927,0.3971976,0.21478601,0.115060665,0.052792184,0.5976074,0.23035935,0.25359505,0.37132177,0.16611934,0.61085767,0.10379032,1.1848326,0.95680946,0.30552554,0.18544446,1.5711598,0.7669319,0.8490941,1.0567706,0.36339968,0.44483387,0.3975955,0.073060215,0.45944893,0.2894894,0.63946486,0.01086621,0.105923325,0.14518595,0.1373168,0.3327037,0.47287217,0.33574584,0.38963145,0.1910922,0.3390479,0.13714357,0.95354086,0.65399384,0.3619218,0.6471486,0.3336652,0.13118014,0.17400575,0.92449635,0.2937773,0.047026426,0.09252087,0.37233815,0.3214141,0.42069814,0.14479738,0.30156606,1.3914399,0.07741197,0.49248332,0.21743192,0.35467762,0.42508566,0.45945954,0.16535379,0.30822545,0.32245648,0.66166806,0.12686555,0.34200245,0.50934,0.13654765,0.45260754,0.45003098,0.8455648,0.4492684,0.62584186,0.46350786,0.6062227,0.28827047,0.3828097,0.42320997,0.22215864,1.4769654,0.773218,0.122763075,0.2574311,0.13267505,0.44949046,0.069341145,0.06270963,0.9241445,0.39925614,0.5062432,0.055409316,0.2578162,0.20988116,0.049670808,0.30210853,0.19633104,0.5781892,0.25945255,0.45034567,0.33368722,0.0913759,0.45742252,0.24281198,0.50613236,0.23878902,0.26463202,0.8951703,0.603937,0.0455148,0.24261564,0.59493506,1.1274588,0.44471568,0.6645951,0.48894125,0.23046152,0.84261656,0.71342695,0.5077933,0.35239142,0.38461608,0.24395113,0.18285397,0.21166542,0.23892558,0.533096,0.2816937,1.6122125,0.2530048,0.4581053,0.4512802,0.0621012,0.3226581,0.37134624,0.42084622,0.3163855,0.8899214,0.6028421,0.5068071,0.107708514,0.3846386,0.815258,0.46687922,0.91726863,0.42797568,0.17959002,0.10704372,0.6568842,0.69711745,0.37207696,0.42783347,0.85824597,0.93154186,0.1698968,0.55063516,0.874599,0.44817096,0.26033473,0.2210285,0.6735514,0.28947383,0.4157117,0.23583838,0.35086745,0.82734185,0.26395866,0.510097,0.49112386,0.20975468,0.097023375,0.17330162,0.5238715,0.6221994,0.5516099,0.3980965,0.4242093,0.4824662,0.20710057,0.44571128,0.3102587,0.26312876,0.25655103,0.22420603,0.40064037,1.0836673,0.48456052,0.3339886,0.5273386,0.37527862,0.2362268,0.55744725,0.38823026,0.6636541,0.9632319,0.47424263,0.3731029,0.2734227,0.84693736,0.37579644,0.9426288,0.54302704,0.34441382,0.4320983,0.5986837,0.40874472,0.35525376,0.26479462,0.28383583,0.41750133,0.54293424,0.3636874,0.5364586,0.6781627,0.64953005,0.27507585,0.24549526,0.7045508,0.553653,0.6524495,0.254544,0.6390266,0.3800794,0.6788527,0.9840362,1.0313902,1.2368402,0.84949845,0.22068346,0.4752168,0.17004299,0.09557141,0.50236845,0.39388382,0.38268274,1.0070922,0.21538192,0.17225325,0.5150431,0.1623403,0.17455846,0.90472114,0.078381985,0.5240013,0.52715814,0.67241865,1.1501786,0.65000606,0.6642305,0.1425191,0.34287125,0.023369381,0.48281854,0.7346406,0.34584543,0.35614306,0.1409221,0.3871365,0.24996215,0.6627339,0.62066036,0.23964494,0.71990263,0.44935596,0.29001558,0.31895888,0.55874497,0.3972,0.2904036,0.28705433,0.73011386,0.60839933,0.5982492,0.19752154,0.8834845,0.29927772,0.42797816,0.26847228,0.5907575,0.29350343,0.19588155,0.84313935,1.163916,0.7127969,0.262489,0.21654643,0.17142484,0.66058433,0.6471391,0.21052468,0.5166801,0.3588397,0.31065917,0.4784304,0.33118397,0.12852624,0.5129484,0.22002873,0.36316717,0.81354284,0.09959628,1.069469,0.12321983,0.24246171,0.0076487474,0.39894563,0.26101238,0.19427316,0.880269,0.3085668,0.57551044,0.40107352,0.2666418,0.90194064,0.4528171,0.73880225,0.60686445,0.2917671,0.24839531,0.5829502,0.3183475,0.10463489,0.40695992,0.73771125,0.110974744,1.175092,0.71727085,0.30313325,0.6248314,0.6293599,1.1724594,0.13422732,0.2734794,0.34636155,0.40242934,0.525429,0.20491108,0.5861683,0.16978604,0.2556731,0.2775448,0.3581459,0.40868947,0.19768684,0.64055246,1.4338386,0.14752227,0.49982908,0.325833,0.65852666,0.7145499,0.8282699,0.27732098,0.20949832,0.34842718,0.4440922,0.27822328,0.3985715,0.19302386,0.2879203,0.8530514,0.8315816,0.19892916,0.3717567,0.2094914,0.9163815,0.15431534,0.43790597,0.27706254,0.68497884,0.44956428,0.32277274,0.48716706,0.5090933,0.14408764,0.4936424,0.26764217,0.29108304,0.695199,0.12648107,0.7788646,0.3492485,0.86246824,0.51713467,0.11295265,0.08030492,0.17306311,0.05664946,0.49214995,0.47159722,0.9924288,0.13076852,0.34056407,0.51243335,0.5714047,0.4383147,0.40825254,0.873246,0.6100495,0.37187335,0.14594057,0.27681756,0.43586668,0.41715378,0.65643764,0.15973526,0.23703118,0.03275926,0.25282818,0.4511191,0.19052559,0.7358027,0.6660603,1.096858,0.21386755,0.6050949,0.32827646,0.44562724,0.5116087,0.6173408,0.13523668,0.09088555,0.6211747,0.47682163,0.19170777,0.6014557,0.46210867,0.059546433,0.33754897,0.365497,0.27484053,0.2390649,0.3871656,0.7320618,0.41619205,0.6204038,0.24128912,0.54369247,0.33944726,0.1639324,0.3859346,0.38636464,1.3684025,0.1496513,0.1063779,0.42768764,0.09553624,0.42543802,0.6003175,0.15840444,0.2690977,0.0024311433,0.38155657,0.52477443,0.0570392,0.38655186,0.70445275,0.10557814,0.28046662,0.071454376,0.020824281,0.3728439,0.1532554,0.30898538,0.056379754,0.45665005,0.685344,0.6642945,0.37267604,0.7238457,0.12233764,0.3113023,0.36525485,0.33859396,0.27796224,0.08822431,1.4704098,0.24314035,0.24529213,0.37944147,0.09401564,1.2654834,0.19336288,0.048819482,0.11667194,0.09026627,0.8746407,0.03323859,0.12372212,0.39745903,0.0067027994,0.3450692,0.59183514,0.42868996,0.0,0.5138281,0.099034965,0.7407712,0.07893028,0.3580031,0.21086434,0.98117286,1.5441418,0.06755484,1.0328045,0.34467793,0.051251158,0.032314215,0.1622229,0.067745164,0.054589048,1.2694091,0.44181705,0.76113683,0.12798075,1.0575228,0.6939708,0.18332095,0.10098327,0.24470192,0.9865978,1.1548647,0.7982321,0.33029908,0.3190354,0.41400355,0.10861719,0.040427804,0.6706777,0.7715986,0.53351223,0.7817583,0.15094315,0.003527094,0.11463678,0.72961646,0.95843685,0.409862,0.6543665,0.23403147,0.19771454,1.8071189,0.027866643,0.6404897,0.28147858,0.50843817,0.24776204,1.0217357,0.4397626,0.3117952,0.1986433,0.34076065,0.21161422,0.810441,0.2270629,0.94045776,0.07295661,0.5972452,0.023486217,0.09127274,0.17345764,1.6867914,0.7742525,0.75391185,0.66093206,0.30182427,0.3580993,0.3302106,0.17837624,0.031863984,0.17376165,0.652354,2.541177,1.3567008,0.61573946,0.6868808,1.2093565,0.479048,0.5380924,0.09155363,0.66929364,0.54772955,0.22032794,0.3706914,0.33057505,0.7286653,0.02893476,0.94610775,0.4837054,0.64983964,0.26197162,0.29244608,0.4459254,0.112653844,0.3828379,0.9632085,0.6498033,1.563265,0.091933474,0.09696162,0.79578793,0.5713476,0.11902279,1.4792471,1.5746338,1.3974965,0.02331069,0.29992,0.6309585,0.37163642,0.5699192,0.25948462,0.35024244,1.0994694,0.12284117,0.20948358,0.077607386,0.5816705,0.22214736,0.17568985,0.41218793,0.12076857,0.0029971125,0.8215158,0.104038805,0.2752006,0.02608207,0.7979988,0.14606035,0.5036878,0.14236075,0.83472914,0.23069176,1.1501727,0.30276716,0.020203369,0.25609666,0.4915756,0.005032925,0.91128236,0.019759648,0.6002813,0.14564316,0.1989576,0.42120522,0.22582422,0.45701712,0.29737055,0.12353213,0.055042177,1.1563569,0.07621774,0.27186596,0.23616913,0.32674783,0.177259,0.042404067,2.099741,0.024339795,0.5269169,0.6524052,0.24906671,0.37590116,0.03903283,1.2040683,0.19033855,0.5357002,0.07852226,0.1680676,0.8390254,0.15126476,0.05547067,0.111929454,0.0,0.03418859,0.0,0.538426,0.5859283,0.7980939,0.10263303,0.0071991887,0.7626928,0.23504597,0.13713229,0.31905478,0.8893599,1.0075178,1.3218929,1.713507,0.0,0.25218284,0.75805044,2.0040207,0.50959414,0.5832596,1.5310242,0.66799146,0.23710376,0.3310514,0.72910416,1.5064929,1.4904059,0.07340071,0.23283607,0.6611143,0.2445367,0.9416953,0.55107,1.1544435,0.98480856,1.2914681,0.5329704,0.40195477,0.5258117,0.6661322,0.19724388,0.4841408,0.5809927,0.52407515,0.17531061,0.00024144755,0.0058839684,0.009356614,1.6396439,0.13606565,0.10994962,0.5308685,0.08833252,0.6311371,0.29246396,0.52053124,1.2490987,0.92282486,0.18252352,0.27972937,0.5488378,0.9383843,0.44871968,0.7073418,1.1937307,0.91514444,1.5743709,0.3135969,0.8772316,0.027210273,0.39402384,0.7994082,1.096304,0.38743886,0.12665707,0.3001082,0.3570431,0.37765622,0.32289356,0.39875686,0.21656623,0.3160291,0.64735144,0.1542126,0.55780685,0.5822117,0.529794,0.59988487,0.040271815,0.7293773,0.21035099,0.28112483,0.12678206,0.4638821,0.37374747,0.69248646,1.07636,0.42793852,1.037041,0.94750845,0.10201323,1.3877833,1.3173375,0.69538754,0.8471513,1.0952559,1.3087289,1.4224746,0.10467453,0.39353672,0.05652368,0.139221,0.23401996,0.14303824,0.055280343,0.5903663,0.0150064975,0.016480926,0.7695787,0.48650467,0.6171234,0.25550857,1.0967658,0.8195956,0.5849073,0.2502169,0.40453953,0.0,0.868428,0.017393446,1.3202174,0.34496176,0.029133245,0.13125807,0.33651325,1.1084434,0.07491028,0.11954969,0.94707716,0.21228819,0.113726884,0.6008811,1.788594,0.40106815,0.449935,0.093686074,1.0159627,0.12963848,1.3594284,0.0043033315,0.20102009,0.20098956,0.15487108,0.163728,0.22762129,2.2265227,0.5740103,0.09581935,0.86696756,0.49334395,0.13333796,0.34566894,0.6180291,0.40562886,0.78781736,0.85643137,0.98300076,0.15834714,0.065235384,0.0031710353,0.14277741,0.18178935,0.41877937,0.3307222,0.31197068,1.2964563,0.0,0.6054019,0.71121615,0.5784181,0.33508042,0.08059971,1.0785756,0.24854827,0.22177973,0.02379575,0.5397588,0.6759206,0.20173278,0.2823471,0.03239698,0.19485211,1.1276274,0.26469097,0.68438214,0.41409686,0.45428485,0.18419032,0.0011582093,0.043225788,0.08503445,0.34729272,0.26986295,0.12087476,0.80663353,1.0908188,0.008962521,1.9986768,0.56674904,0.099258244,1.0382911,2.1378934,0.0101551935,0.24804966,0.0050169434,0.6937745,0.38088676,1.729281,0.26805723,0.23400578,0.1195301,1.1205437,0.17800462,1.3893476,0.46486044,0.38593078,0.83208966,0.31840086,0.904183,0.13369007,0.028188994,0.3800177,0.4955315,0.43950218,0.33422303,0.08918615,0.8882821,0.09180902,0.09728512,0.8582115,0.046133906,0.5695545,0.30564806,0.13705781,0.2210428,0.42141712,0.5686337,0.15141477,0.35472578,0.15659451,0.07176344,0.031071834,0.09405589,0.6507987,1.2962842,0.05703686,0.16719414,0.26221293,0.3014062,0.5071142,0.18158764,0.39764655,1.2380326,0.07779244,0.25795147,0.47581646,0.1640648,0.20631279,0.75921357,0.50402224,0.25716358,0.06359477,0.9416305,1.7865807,0.093899176,1.1517482,0.64276886,0.025301456,0.36613154,1.5765052,0.59460056,0.43813106,0.8888858,0.05597145,1.3420064,0.45498556,0.11845735,0.9569989,0.24152212,1.4400084,1.1520911,0.38665202,0.4310289,0.7255983,0.008146131,0.035368778,0.44351983,0.6685334,0.363657,0.4637511,0.49589163,0.18127465,0.17709027,0.29352403,0.46763843,0.2228153,0.9578928,0.8462547,0.44420186,0.11011005,0.13445619,0.5393715,1.1785259,0.28766745,0.6605199,0.17251115,2.2810545,1.3074269,1.1287003,0.07314679,0.0,0.6256975,0.066321746,0.7332589,0.6309613,1.6831715,0.19663218,0.082227,2.3133597,0.15165538,0.09476886,0.58304954,0.597718,0.22895119,1.0545349,0.63984835,1.3338656,1.2155858,0.1756723,0.9750871,0.6256852,0.40048417,0.0014190552,0.13089128,1.2319193,0.4191109,2.8679225,0.109136626,0.31348854,0.25653985,0.14665577,0.22131358,0.60665995,1.0941892,0.65326095,0.30479497,0.56135124,0.35784644,1.258196,0.030879267,0.45529246,0.17313173,0.529461,0.2998154,0.003026579,0.0033594833,0.12400611,0.35560295,0.34913102,0.33055663,0.77599955,0.62140495,0.5718882,0.11390272,0.12763435,2.4276767,1.6715939,0.5365863,0.009417114,0.040645637,0.30795392,0.23868051,0.4404134,1.3878808,0.9917608,0.92439765,0.35137236,0.501657,0.109805666,0.7158899,0.5620792,0.026279347,0.1048043,0.32836077,0.54961157,0.052286994,1.3676744,0.70997727,0.27028602,0.24215269,0.54629374,1.36094,0.06378724,0.16692851,0.4125819,0.22880712,0.65281177,1.0673082,0.94385934,0.31788456,0.65680414,0.24453622,0.15614179,0.2537743,0.14920744,0.0,0.43640363,0.10508427,0.21236226,0.9371284,0.30426827,0.80450237,1.4905102,1.0253996,0.7496712,0.1953558,0.9973674,0.16251124,0.054259017,0.9628319,0.120612174,0.23857135,0.88671017,0.5911895,0.010197733,0.47086662,1.8759593,0.09830904,0.3190173,0.8045521,0.24834116,1.5814888,1.1577377,0.55773574,0.29683018,0.053240076,0.34475738,0.46484184,0.41442862,0.29709798,0.5789541,0.9397676,0.18277274,0.9142728,0.4580051,0.009024724,0.16885613,0.17206973,0.6185093,0.60059035,0.1395082,0.1863329,0.12704721,0.05358804,0.61701685,0.19665208,0.744681,0.33502525,0.11606817,0.7966317,0.019703764,0.7002363,0.6096215,0.32952455,0.41993922,0.29614046,0.7375887,0.20721868,0.79395473,0.32996756,0.30601302,0.9831078,0.12149203,0.06997554,0.1892753,0.098247975,0.67570496,0.15098387,1.0622625,0.1485261,0.3285995,0.255748,1.2738771,0.77374244,0.45205063,0.15449724,0.036466476,0.03055323,0.5484804,0.100460276,0.057047427,0.5077555,0.9162532,0.48163456,1.1613665,1.5306696,1.1446878,0.01993649,0.944421,1.8162038,0.2899317,1.3010821,0.60168785,1.1927931,0.1794609,0.047188636,0.6156114,0.67264616,0.41888022,1.0437207,0.18239269,0.030880045,0.09548582,0.30172354,0.54456776,0.22481994,1.4356618,0.0060442137,0.9570664,0.1927993,1.0461581,0.36869687,0.08252393,0.6923704,1.7784541,0.5785459,0.2194171,0.85025966,0.21572715,0.5412662,0.5149296,1.057188,0.3966738,0.22985592,0.36221418,0.8543487,0.19791181,0.44268286,0.23873706,0.0,0.31452882,0.21928917,1.2672681,1.2149465,0.13334519,0.29197592,0.24739519,0.24128577,0.2707326,0.08096598,0.3729779,0.26622462,0.6687777,0.47406322,0.040824853,0.36480913,0.34153733,1.2411807,0.46456,0.55504256,0.44481367,1.378171,0.30319023,0.38390884,0.3408237,0.13041733,1.9889506,0.8323426,0.7062,0.0,0.3657601,0.436167,0.8916214,0.25792593,0.29232633,1.3449736,0.58149815,0.5593673,0.5115793,0.5245919,0.3540287,0.105326965,0.79752576,0.14287859,0.19066174,0.08522676,0.6507399,0.34378102,2.8644981,0.19910249,0.6610114,1.115924,0.68554664,0.03783572,0.84003663,0.0,1.6152489,0.8293971,0.1731909,1.1174244,0.9802278,0.26747444,0.49814308,0.82252944,0.029742235,0.38194638,0.32582733,0.290192,1.3217484,0.09486604,0.48627573,1.7143401,0.9384418,1.5363973,1.7104108,0.28146136,0.9085635,1.0464784,0.17954347,0.0,0.6805768,0.76584333,0.23614046,0.6355411,0.32971287,0.0,0.18228498,0.410121,0.33207992,0.04826197,0.06108201,0.93434405,0.85236204,0.010279339,0.31847075,0.3248422,1.0007069,0.5825875,0.16985402,0.29473966,0.49888396,0.80715,1.2235606,0.51615655,0.7803705,0.22939692,0.30737853,0.51228094,0.9232901,1.3745496,0.1348015,0.115606815,0.26220316,0.36407608,0.40906832,0.6613365,0.6467891,0.15634616,1.4043455,0.54394436,0.71206737,0.758884,0.45804688,0.83387226,0.32355464,0.10146779,1.1638408,0.17374238,0.4638437,0.60282886,0.23373035,0.37455556,0.36575723,1.0396408,1.2063404,0.29015255,0.6915387,0.30446374,0.24241324,0.59994745,2.26915,0.7016889,0.2072415,0.014543204,0.015267373,0.35629147,0.62150586,0.86749476,0.13900614,0.2556585,0.6730488,0.5395248,0.36451206,0.5750077,0.7589958,0.43067423,0.3617748,0.2796727,0.6361634,0.22945589,0.12091272,0.3257765,0.7308043,0.7570077,1.0231253,0.9708133,1.349901,0.24327412,0.7989013,0.5469935,0.044983674,1.2843533,0.69089115,0.48616925,0.29076722,0.106186464,0.1506159,0.961156,0.47477207,1.0743562,0.5598377
0.4907084,0.5581565,0.29507253,0.1243583,0.28761446,0.77654195,0.7838425,0.9152555,0.8041353,0.86171323,0.2647513,1.0118247,0.33854932,0.33649808,0.16520469,0.051288612,0.22442645,0.23420477,0.14587045,0.17423141,0.4481647,0.5564203,0.46032953,0.74818146,0.78927976,0.37682426,0.03503659,0.69819,0.2760565,1.1898987,0.49279416,1.0893146,0.4174564,0.67683303,0.16165674,0.23324412,0.36204103,0.079308406,0.494155,0.88382894,0.30220938,0.1344929,0.02575703,0.89903146,1.3889502,0.046719044,0.24290738,0.030188061,0.17353544,0.38793045,0.411184,0.43541116,0.5489758,1.2710674,0.23902243,0.20834753,0.72717446,0.098605156,0.6748388,0.247387,0.41591612,0.41412547,0.59500974,0.34510553,0.5077656,0.36252743,1.2055311,0.17045859,0.49982634,0.34877273,0.22669034,0.02822845,0.1242681,0.6789547,0.35964915,0.32391962,0.5728142,0.33125204,0.029385123,0.15016314,0.1002409,0.08099432,0.1867615,0.4617775,0.2794772,0.062021606,0.3453535,0.2656406,0.21913725,0.55499566,1.5147531,0.24102157,0.35156852,0.7455083,0.3587728,0.27679384,0.18789406,0.16858748,0.35155398,0.32717654,0.5949166,0.19955076,0.06251989,0.38538653,0.37349176,0.113017425,0.44314587,0.61729157,0.38299623,0.8172686,1.2640917,0.8714874,0.6033709,0.25443995,0.41590098,0.27731475,0.6001023,0.74177134,0.14279857,1.2103455,0.36992794,0.2316718,0.809919,0.4475492,0.23996128,0.66973627,0.49900407,0.45688483,0.55203235,0.14146177,0.1815165,0.05014105,0.22687906,0.8894029,0.22123408,1.1535622,0.7014421,0.6768206,0.63019145,0.52199763,0.7129865,0.10331352,0.61593294,0.32890975,0.61249655,0.76823974,0.98736054,0.86790067,0.061411947,0.016404914,0.8850961,0.48207456,0.5670085,0.08099316,0.8687296,0.9968008,0.23611204,0.18770796,0.4707202,0.23108178,0.4408508,0.603986,0.63426375,0.11034954,0.35094768,0.31940025,0.1838413,0.33708572,0.30866247,0.12640539,0.27006477,0.24450882,0.2818284,0.34510255,0.46678174,0.5798364,0.19906431,0.09176412,0.34361404,0.49159947,0.103237405,0.62358165,0.3793497,0.44225705,0.17723256,0.6531111,0.19733848,0.30503297,0.5952393,0.24767388,0.5229702,0.36278492,0.080564775,0.8985769,0.15771215,0.53850603,0.15339242,0.9036629,0.24446267,0.36928022,0.6720929,0.14588138,0.5079683,0.57403266,0.40396893,0.21075085,0.8143779,0.08845325,0.6800304,0.27305645,0.09237087,0.41160002,0.19778587,0.20320892,0.91897154,0.7515569,0.19636661,1.0425236,0.2754774,0.29538444,0.0071812323,0.43906552,0.27343774,0.09200616,0.95318663,0.5047617,0.13921362,0.15397951,0.6333094,0.6815804,0.2123295,0.09186731,0.38554817,0.15622754,0.06834769,0.092318326,0.09245068,0.79621655,0.6074296,0.5681188,0.35045785,0.1198113,0.0701751,0.16383062,0.26619276,0.15077451,0.519405,0.4300905,0.35163927,0.29230988,0.22719464,0.150915,0.07153042,0.56665045,0.5649873,0.91351396,0.34209812,0.5624937,0.06615755,0.5567244,0.40538144,0.23232007,0.0033644806,1.0017357,0.5645528,2.1073883,1.0382568,0.43676353,0.12263838,0.5143761,0.11804073,0.29315478,0.21432683,0.5527097,0.19174458,0.5458947,0.6758456,1.2742531,0.46277052,0.45690954,0.46794206,0.6741103,0.71508646,0.26102912,0.46491173,0.28205818,0.38148797,0.03355082,0.016861364,0.50364673,0.5368835,0.80022943,0.31381762,0.25479034,0.5042146,0.22373286,1.2157855,0.46089834,0.20931068,0.48564464,1.3682263,0.37774873,0.55277336,0.73141795,0.20079085,0.66150767,0.37466738,0.3243689,0.7100868,0.43875796,0.24787423,0.6538491,0.7682608,0.29896265,0.9309633,1.1064746,0.93751526,0.34196043,0.7787006,0.33324677,0.97776586,1.455801,0.0985869,0.52249444,1.2492898,0.16221756,0.22581086,0.14117791,0.13011017,0.7166821,1.2271953,0.6708104,0.30140567,0.10610106,0.22127345,0.43594128,0.30971387,0.102713965,0.41359743,0.23940438,0.06437584,1.01591,0.115245365,0.5686753,0.08692401,0.6397474,0.08290467,0.77594066,0.3152852,0.59857285,0.13082093,0.41662654,0.2017635,0.4088698,0.005376683,0.22542043,0.5171435,0.3312371,0.17872635,0.1463466,0.067308344,0.4377852,0.1931194,0.058410417,0.24505614,0.42416954,0.43569273,0.530276,0.82368135,0.37654173,0.2759578,0.05927218,0.45612276,0.48229456,0.10398084,0.2050896,0.476228,0.26024193,0.50356865,0.6538539,0.9717155,0.009604555,1.5594602,0.2770474,0.3693698,0.05673558,0.10692759,0.5939495,0.11105843,0.0049575833,0.21396716,0.4423548,0.77766865,0.20509413,0.63599384,0.3750099,0.6614238,0.39579153,0.72056097,0.6248319,0.25930595,0.06191063,0.2462865,0.423666,0.32565054,0.46340635,0.6527941,0.549179,0.47446752,0.310798,0.47055823,0.14202069,0.6575792,0.21438365,0.44308078,0.8148005,0.10308142,0.06361461,0.11369012,0.2056837,0.50138617,0.6041618,0.15787321,0.36918014,0.51691866,0.36617428,0.44114792,0.3689095,0.28478277,0.6202311,0.1709435,0.3170737,0.12923315,0.18270037,0.3706528,0.1698136,0.7458342,0.9107909,0.39714545,0.21226282,0.563408,0.18203148,0.6881906,0.475019,0.33714324,1.5042115,0.39973933,0.7341475,0.7486754,0.22607295,0.4660778,0.27270597,0.30938792,0.7217337,0.40263072,1.0312262,0.04478854,0.10015161,0.26900005,0.80022955,0.13840315,0.06775841,0.25201628,0.29328564,0.08263688,0.22576782,0.5039815,0.07958259,0.4797879,0.43392304,0.5079349,0.17326131,0.21939924,1.3682613,0.07737795,0.41202563,0.42294058,0.16910982,0.74241245,0.48092538,0.1886209,0.4479063,0.5626406,1.1857481,0.049619067,0.7413906,0.13170905,1.3540487,0.19751564,0.033548202,0.38801247,0.26279107,0.79101115,0.58015585,0.35718092,0.6662728,0.23171829,0.14735422,1.230083,0.26227865,0.66739035,0.13987991,0.020492226,0.33437335,0.29550296,0.48535028,0.0708611,0.0128819235,0.36969465,0.18866257,0.74975663,0.8681719,0.6466361,0.6192583,0.6946174,0.54638106,0.88297397,0.27465898,0.07902613,0.40927333,0.07510899,0.19467601,0.4859431,0.26821792,0.3756552,0.299283,0.53661346,0.6736872,0.43705028,0.07260277,0.59977984,0.30985835,1.7615952,0.3891156,0.35893947,1.1169708,1.8198987,0.73332036,0.70775926,0.031818498,0.28837258,0.38708606,0.41026998,0.12411214,0.20719686,0.60562974,0.44208863,0.3343503,0.24817319,0.32549858,0.4818675,0.5649858,0.19502416,0.113074586,0.3869124,0.45719865,0.29036406,0.26012793,0.28161716,0.13364562,0.2748312,0.56562674,0.9870025,0.20805733,0.614558,0.36200076,0.30047345,1.3047876,0.7973505,0.23986715,0.4378582,0.35725978,0.112497084,0.14464882,0.21905065,0.32335705,0.22814755,0.7033343,0.47342873,0.29645792,0.68904734,0.057288297,0.17917293,0.5893813,0.50968015,0.6297548,0.21635157,0.8266188,0.43789497,0.15695482,0.29639828,0.4360691,2.089872,1.064774,0.03327869,0.19368479,0.21537825,0.20223832,0.5553863,0.25150663,0.51360065,0.5638852,0.17159161,0.61188745,0.41743395,0.29366386,0.23339191,0.13412637,0.7650772,0.37365034,0.0,0.8460109,1.0199218,0.15597098,0.85018015,1.6223011,0.268233,0.19501065,0.2882685,0.2096329,0.1915392,0.37470794,0.061276518,1.1632257,0.16139181,0.19921328,0.31859675,0.7132619,0.62910485,1.3450067,0.9697647,0.807239,0.24270405,0.10880795,0.23484406,0.34520066,1.0233791,0.5883602,0.14112568,0.14260305,0.5676562,1.152066,0.46605545,0.7100791,0.20298962,0.06930025,0.1553452,1.0204921,0.18738067,0.44490486,0.5728079,0.34279168,0.14908229,0.071191944,0.973569,0.7860246,0.38494334,0.16649508,0.9621924,0.7744615,1.2108583,0.3445016,0.66037303,0.40707713,0.12632397,0.37627685,0.33739278,0.08592656,0.8106996,0.042123217,0.1487867,0.39193907,0.10952634,0.16960582,0.6703752,0.2856028,0.3859883,0.21415676,0.17123485,0.42703584,0.9655845,0.61012274,0.5974821,0.33652914,0.2869479,0.32177326,0.15631907,0.097377926,0.20916738,0.06254596,0.17703676,0.17393845,0.21150893,0.47029102,0.20999709,0.5198754,1.4421792,0.20841314,0.27584717,0.051080137,0.13870068,0.35676813,1.5706056,0.06794518,0.06843176,0.69208014,0.24867101,0.20945464,0.26808026,0.3746013,0.15680298,0.26763457,0.19963884,1.0778832,0.67246854,0.7144362,0.58914185,0.46859035,0.5066515,0.089018926,0.21266405,0.24415392,1.1323111,0.34796965,0.073653206,0.19462362,0.36162764,2.2374616,0.1556978,0.18891811,0.78636014,0.391795,0.19909292,0.0002819152,0.09215715,0.36894858,0.05804717,0.49286324,0.68170345,1.3653266,0.12010635,0.35417214,0.14048187,0.32431453,0.23328532,0.46702954,0.19520292,0.4344513,0.30685228,0.66342866,0.31179258,0.041121595,0.22710021,0.48387682,0.5553056,0.17652936,0.705305,0.34684798,0.17167012,0.6857454,0.701024,0.59760547,0.31104642,0.21554717,0.4308762,0.21058401,0.70559335,0.67885864,0.4917816,0.31954122,1.817756,0.22026107,0.28970838,0.38670275,0.012159251,0.36899042,0.20890844,0.19255811,0.5644326,0.78428245,0.3807925,0.55181754,0.22216463,0.28368622,0.26362365,0.8144817,0.891039,0.5234728,0.17255768,0.09072897,0.7141963,0.7176767,0.45422304,0.56702775,0.98232645,1.4891557,0.27215233,0.77738607,0.56621146,0.2623161,0.49500743,0.6541132,0.579246,0.19186768,0.3771288,0.32446373,0.27933925,0.39852577,0.34506097,0.07339494,0.26738888,0.15886077,0.14165637,0.5307125,0.59233534,0.9166644,0.65985674,0.44749123,0.84685147,0.52685046,0.3632026,0.4833831,0.4666835,0.18470886,0.065491706,0.19782996,0.13889381,0.60634094,0.26811987,0.37343895,0.562014,0.08850381,0.7189215,0.46810845,0.18178952,0.347371,1.0555731,0.5735495,0.16057965,0.4657104,0.45870417,0.20624541,0.39891827,0.035569966,0.96705204,0.30303973,0.4686871,0.41504842,0.3902036,0.24819574,0.10800454,0.46452862,0.23550376,0.36177784,0.24055237,0.59829533,0.6644633,0.055373784,0.46668127,0.6605341,0.44557917,0.50703204,0.30241203,0.7458135,0.28235227,0.45831925,0.90638995,1.0804782,0.9813291,0.8348245,0.20948052,0.3112083,0.33533722,0.076176316,0.6608323,0.41465527,0.18205597,0.6354669,0.24441206,0.048923407,0.43611857,0.422015,0.13224117,0.78909147,0.42101166,1.3734074,0.2820626,1.0945884,0.4161656,0.63464284,0.45716274,0.08713461,0.279204,0.40799594,0.4948408,0.48326585,0.48669216,0.48438677,0.069288224,0.38394454,0.18025532,0.2725412,0.6739906,0.21686846,0.64357144,0.16402149,0.23025885,0.5444411,0.4234332,0.30305374,0.1573187,0.24696252,0.6524911,0.6831797,0.34838617,0.11111308,0.7489604,0.033311848,0.57598823,0.27825752,1.14302,0.2732462,0.18639496,0.6483213,0.7449818,0.91110563,0.22189957,0.39285916,0.26803097,0.1892154,0.28468496,0.27974144,0.10039385,0.18764198,0.14788082,0.627874,0.45474175,0.17702983,0.6334366,0.18555382,0.19608259,1.4908197,0.22249499,0.502864,0.29552308,0.2549735,0.064787455,0.2664023,0.17442085,0.08521673,0.8585442,0.045898378,0.3731538,0.20666888,0.32212132,0.42307973,0.053689763,1.1968669,0.8957694,0.30263472,0.34715897,0.3227898,0.5935602,0.11948868,0.21281862,0.13646519,0.09296033,1.0305519,0.48006266,0.46618962,0.80629796,0.7977097,0.3328471,0.09523163,0.15812218,0.49602675,0.14251465,0.83106834,0.108689494,0.16394171,0.2542389,0.21039373,0.44425708,0.23660018,0.20864706,0.15266423,0.2821468,1.3004411,0.0,0.5445435,0.20731434,0.50598156,0.6059997,0.42203826,0.1706525,0.44746113,0.23092178,0.26236743,0.26301557,0.860953,0.2732316,0.13774092,0.83589137,0.7771121,0.460484,0.18040347,0.15707976,0.5948535,0.3364392,0.50731647,0.105351955,0.4790467,0.53868234,0.14455242,0.3286434,0.4094999,0.2784956,0.432916,0.29422057,0.24954763,0.4985813,0.089774795,0.6867807,0.21383637,0.98008424,0.4736547,0.09402112,0.08761442,0.3666981,0.7599236,0.5555768,0.42343915,0.6251149,0.077013135,0.5049253,0.29208463,0.41247445,0.36559263,0.12540728,0.79344636,0.6570331,0.39657658,0.8035346,0.1982936,0.9073485,0.59198046,0.62690294,0.27873337,0.7798566,0.1897915,0.15204394,0.4455365,0.3630957,0.68179816,0.597685,0.64967716,0.07294679,0.36112738,0.06290332,0.58340544,0.4169629,0.18105921,0.4408742,0.1607799,0.7228323,0.2747359,0.15763183,0.9504565,0.1577394,0.09566916,0.36319405,0.29133222,0.05530339,0.13277197,0.8696362,0.32553124,0.21788329,0.436277,0.22874042,0.23622715,0.2633266,0.32299143,0.57977176,0.5415361,0.7915591,0.36373416,0.17335989,0.608318,0.03661854,0.20250858,1.0900655,0.1743402,0.26200315,0.001335309,0.42196026,0.2421397,0.13898493,0.21518372,0.5002451,0.13606417,0.028779823,0.054689847,0.0012879419,0.5650357,0.022287926,0.09220387,0.31991994,0.4169029,0.085416734,0.3227418,0.56856775,0.23686388,0.080578566,0.08259854,0.0863131,0.107821256,0.28696185,0.037407387,0.6111089,0.20896882,0.102740146,0.31094167,0.07022614,0.974338,0.20818011,0.11524913,0.0046365876,0.10351247,0.79176176,0.044254422,0.11240445,0.16748242,0.07577984,0.3649633,0.4357551,0.33981732,0.07401051,0.23904318,0.1763357,0.40705615,0.3727162,0.043294583,0.3272677,0.6163603,1.622561,0.18602729,0.76912206,0.069561526,0.0005889918,0.019070901,0.24861293,0.02001733,0.07243025,0.73839855,0.71965927,0.062917456,0.45742223,0.6731081,0.09788656,0.25408226,0.08366984,0.09141043,0.5980859,0.87727404,0.114154965,0.3815303,0.4147787,0.45518708,0.1368678,0.015192719,0.27003822,0.5584799,0.9576967,0.33575153,0.23870263,0.10351002,0.29402703,0.25586006,0.6998484,0.38989705,0.2082583,0.00684,0.079635926,0.97087705,0.16181399,0.32073176,0.36116672,0.3830492,0.27284795,0.97011995,0.47967994,0.38174304,0.019836186,0.35281533,0.015010223,0.7813288,0.18678266,0.6564973,0.1611062,0.7194221,0.09171004,0.3479517,0.34115347,0.754186,0.8112555,0.44922024,0.6588553,0.17357527,0.544963,0.27777052,0.5653578,0.017068816,0.025580585,0.5592082,1.7958337,1.3939954,0.6507712,0.66518605,1.3687085,0.13295883,0.43898132,0.1786241,0.56763005,0.15368745,0.4519122,0.034602508,0.38955736,0.65780866,0.0,1.183152,0.3344081,0.41757292,0.036583148,0.02074489,0.57856405,0.06565241,0.3145054,0.92886597,0.33663374,1.0698724,0.18679814,0.18354551,1.1688551,0.25479835,0.13008818,0.4422513,0.9133875,0.89540935,0.14957157,0.0,0.3942937,0.9261591,0.59402156,0.25592786,0.47138193,1.1800482,0.3612473,0.14966413,0.109402135,0.36273557,0.12533027,0.31522763,0.6565306,0.05795954,0.029614652,1.0339777,0.36735094,0.61795425,0.052355424,0.33524323,0.1348014,0.5848779,0.11751217,0.9323472,0.39087147,0.3787924,0.064257406,0.042107765,0.08890634,0.12565853,0.00072915765,0.8358595,0.15247387,0.74658346,0.23242617,0.28852278,0.20474076,0.338385,0.05887815,0.4763446,0.041648872,0.07179783,0.87892795,0.17745154,0.5468484,0.38601905,0.3706046,0.3487271,0.20648283,1.1549408,0.015103263,0.439547,0.9803087,0.09625109,0.20513004,0.0037236512,1.4000826,0.3838652,0.27243364,0.28839952,0.19413146,0.21655893,0.22332004,0.00996157,0.025514627,0.045210265,0.005439586,0.09549637,0.57743186,0.26092887,0.43650138,0.48301664,0.0,0.46728906,0.2340279,0.12473089,0.1854473,1.0002383,0.5815429,0.83115315,1.3868971,0.03022743,0.17694047,0.42418444,0.9849939,0.46940517,0.8719877,1.3485725,0.06141132,0.240989,0.3299755,0.39309558,0.5158659,0.97333086,0.11130379,0.32410073,1.0144222,0.13339305,0.90556085,0.47741443,1.0627373,0.7892962,0.4835801,0.2477076,0.23535347,0.19649102,0.28089786,0.056907453,0.1552904,0.399436,0.357535,0.14535798,0.028561786,0.057373606,0.008834008,1.6496261,0.5472049,0.07564683,0.5169871,0.057298042,0.6613383,0.31858084,0.3530128,0.29423332,0.21406586,0.10929213,0.14192915,0.53548044,0.9564275,0.3512487,0.28875104,0.60393107,0.9439768,1.7489669,0.2036133,0.86912334,0.085589334,0.10049769,0.7218504,0.56089973,0.40066558,0.043888997,0.15055266,0.62283033,0.40091342,0.31270865,0.78570676,0.32952222,0.2762921,0.081059076,0.71907336,0.94847184,0.29068452,0.38740355,0.42648053,0.06295512,0.22098416,0.5932897,0.026322868,0.117544785,0.22018361,0.50794506,0.17204612,1.0009071,0.16833714,0.5635111,0.5590387,0.24713185,0.7588324,0.29688102,0.54379445,0.28125167,0.8743578,0.43804988,0.84079045,0.029945832,0.20259905,0.045159377,0.6329802,0.16646239,0.3319008,0.09159572,0.24741822,0.05806395,0.029701207,0.88178706,0.29865733,0.025303405,0.49364716,0.7264843,1.0370171,1.049389,0.18365641,0.2091892,0.0011212914,0.2895007,0.1083332,0.9710263,0.5698799,0.13357446,0.36319828,0.6742832,0.96708256,0.15749943,0.26097882,0.956693,0.13190609,0.725725,0.6448645,1.2563883,0.17929293,0.7516029,0.2647839,1.0637288,0.50422287,0.37978148,0.0,0.17010564,0.056387454,0.098308116,0.10681604,0.081357636,1.7562661,0.54213834,0.014003929,0.6490612,0.5755696,0.18417814,0.3714915,0.34321958,0.08125201,0.43048328,0.42832255,0.41087842,0.4151008,0.11844162,0.024882898,0.44666716,0.16595235,0.40006846,0.23179522,0.22835499,0.67788404,0.004219484,0.44531307,0.46168977,0.24339285,0.25371158,0.004411066,0.7309699,0.06099145,0.06080925,0.103618816,0.33837983,0.6240781,0.13910374,0.35209215,0.069244504,0.13398036,0.37433168,0.19786233,0.21258506,0.052018546,0.3094643,0.022431798,0.15097505,0.04936299,0.36886436,0.4285838,0.37226206,0.1362187,0.9796357,0.5179431,0.02452106,1.703501,0.34454912,0.10442233,0.5806464,0.43215302,0.0010122653,0.3534296,0.047033157,0.5472442,0.35792315,1.2588603,0.16496964,0.19851291,0.07390286,0.6217318,0.026184067,1.1674411,0.27537555,0.4746608,0.5789005,0.109558895,0.54199815,0.07520698,0.007835603,0.2449807,0.6631843,0.23481041,0.07659576,0.1401595,0.44575256,0.27898765,0.23394597,0.54959464,0.45221943,0.71778995,0.56918734,0.18310755,0.2508461,0.38505024,0.09711263,0.14332747,0.6635566,0.12727147,0.000510809,0.014725458,0.30414099,0.2394906,0.8261637,0.19590163,0.055418063,0.12424381,0.26149976,0.43863514,0.11746661,0.22692734,0.6594395,0.2159161,0.2179392,0.46000937,0.04908169,0.13585868,0.32186574,0.25820786,0.15206188,0.4475736,0.09610117,0.7446873,0.30706438,0.9428732,0.26066172,0.090053044,0.17820902,0.37874457,0.7519165,0.29462206,0.4094867,0.14804918,1.1792638,0.73539186,0.15049884,0.4038148,0.52752453,0.9469544,0.5641564,0.34408823,0.16430925,0.20522445,0.01750105,0.03479509,0.41044307,0.6256198,0.33419734,0.28098324,0.25788516,0.32975715,0.46759993,0.23961805,0.055600375,0.40433276,0.8165884,0.0909999,0.5955533,0.025532242,0.0015817054,0.37273955,0.6336106,0.365335,0.48114634,0.152249,1.3345109,1.1941416,0.76744795,0.33167246,0.0,0.45595405,0.062101446,0.9560491,0.7358452,1.1720823,0.17495169,0.02978805,2.0059133,0.09317069,0.052773003,0.85886824,0.42246795,0.09359193,0.6277437,0.33535895,0.42686242,1.0902355,0.0,0.3653835,0.23613201,0.37875026,0.0027804342,0.14192802,0.5893433,0.45728773,2.0562472,0.10654702,0.14767504,0.35519,0.08544843,0.1039435,0.78928566,0.7382009,0.4298442,0.3320196,0.71268976,0.34979728,0.47169814,0.22211996,0.19881685,0.010699773,0.18051767,0.43083653,0.071088076,0.0,0.062046964,0.121729985,0.14381233,0.17945877,0.3711322,0.27615154,0.64325154,0.29120094,0.16842408,0.97284555,0.6858504,0.38863838,0.04849218,0.09938678,0.21221086,0.2909376,0.16475755,1.0731956,0.24554536,0.5114649,0.18599471,0.49363828,0.21523559,0.942548,0.16838574,0.042245846,0.027629953,0.07973006,0.4634034,0.39690316,1.2405442,0.4493743,0.12383874,0.23059413,0.16134304,0.55406976,0.008154301,0.11459909,0.65171087,0.30776924,1.0067632,0.57288367,0.6119661,0.24256083,0.76227665,0.5651988,0.3265223,0.43750829,0.122276284,0.004911842,0.6293721,0.036445457,0.13420257,0.56818426,0.23917271,0.635319,1.146481,0.6256153,0.45416868,0.08054005,0.24830878,0.098430604,0.1438458,0.9526686,0.020081377,0.21121524,0.5440885,0.55194426,0.016520644,0.27413306,1.0624355,0.011491025,0.71382105,0.62116885,0.46643603,1.4096,1.3094594,0.34736663,0.2202799,0.1774912,0.2510768,0.2975136,0.256436,0.3684247,0.38448873,0.46193343,0.19284198,1.3416008,0.4284096,0.041004702,0.04763128,0.21770471,0.1324842,0.34707516,0.2633165,0.15327068,0.16335472,0.018638503,0.17994857,0.2717934,0.5295947,0.23614044,0.10371845,0.9784638,0.006202587,0.59490645,0.3381931,0.08268115,0.32014692,0.2324853,0.45293534,0.2981078,0.42781892,0.04401712,0.28121817,1.0003716,0.08201146,0.01200834,0.17330854,0.14460585,0.1988444,0.16707252,0.67996895,0.15624666,0.28718582,0.14560762,0.5596231,0.6533954,0.33721778,0.13046134,0.13374129,0.007178741,0.4740497,0.12093449,0.24016237,0.37558112,0.4611792,0.27093947,0.86406344,1.3040161,0.42331958,0.1297882,0.4345833,1.7374957,0.25287598,0.85995126,0.32188582,0.972674,0.25525647,0.0916842,0.10693854,0.6710989,0.11008295,0.4807229,0.2657166,0.052786883,0.3030616,0.36752784,0.6771946,0.13484162,1.1552322,0.023068205,0.48299265,0.025722869,0.4462742,0.060190775,0.098529264,0.7000909,1.0076774,0.3614732,0.057997707,0.980806,0.21921426,0.730591,0.9067554,1.2658589,0.23094924,0.18452695,0.21500789,0.59218997,0.30701572,0.62814665,0.15642011,0.029392812,0.31874567,0.06359027,1.6161652,1.5621445,0.13918872,1.1514883,0.27146608,0.2595518,0.17112786,0.23615247,0.2613581,0.22087735,0.6279206,0.32253918,0.037806045,0.048650034,0.5798662,0.4290484,0.4325657,0.52149576,0.78697574,1.2750162,0.42113125,0.37537885,0.0435004,0.09001246,2.061175,0.88845414,0.29761285,0.0032517177,0.15769729,0.1520111,0.676929,0.32570192,0.6456875,1.332454,0.730695,0.84177786,0.50351834,0.4296644,0.33822513,0.19125094,1.2337924,0.16171607,0.28725666,0.017208062,0.9439383,0.3215571,2.3725905,0.31580436,0.7396282,1.030824,0.51289403,0.0945864,0.58067006,0.0,1.2419555,0.7702267,0.4588557,1.1363299,1.087383,0.1891659,0.40502933,0.5618632,0.022819534,0.14718041,0.36628753,0.23191565,1.3260586,0.003134529,0.10194374,2.2371988,0.59556067,2.0435863,1.1431195,0.19651732,0.85351616,0.7094841,0.3633613,0.0,0.4782514,0.36963606,0.51999617,0.4256172,0.4847958,0.0,0.48339328,0.41014516,0.4961764,0.20557576,0.07625241,0.96067107,1.3934,0.1331663,0.2755379,0.19709477,0.6298406,0.5265662,0.16599746,0.11815507,0.82820344,0.66181874,0.96757805,0.07151763,0.39502624,0.6236774,0.6770673,0.3923176,0.74777067,0.70933294,0.0,0.024665246,0.30663702,0.32310706,0.6554242,0.776117,0.33773893,0.08632758,1.4394593,0.6786879,0.7879565,0.5461167,0.49211937,0.75127184,0.84993684,0.25130853,0.9643081,0.124726065,0.36192942,0.3469842,0.12363298,0.4164107,0.39985728,0.9131158,1.308845,0.35833722,0.49292886,0.49676323,0.37265414,0.28240246,1.8266025,0.66090524,0.30628937,0.005539162,0.0351064,0.268332,0.32264295,0.77138716,0.19294453,0.11345316,0.5428074,0.6392771,0.33491707,0.7064879,0.7830482,0.48248526,0.45534706,0.52282935,0.696831,0.1535165,0.15973414,0.010606078,0.8526889,0.7071964,0.43088138,0.49253082,1.447998,0.03171476,0.86132056,0.23829746,0.0071534086,1.1188362,0.22196308,0.59572685,0.53891003,0.03619998,0.12218881,0.776826,0.7912755,1.041036,0.39651495
0.50233054,0.6547494,0.2790222,0.26523545,0.33087185,0.8004527,0.54187894,1.0113562,0.7814619,1.0504048,0.275401,1.534683,0.16955398,0.3227778,0.06545669,0.07597558,0.22049658,0.14049888,0.08633298,0.12916213,0.1813952,0.67353046,0.5100944,0.960827,0.78163075,0.4572353,0.061113946,0.7950139,0.4908756,0.9211765,0.5265163,0.9247174,0.44587016,0.7143276,0.16982843,0.24114078,0.48491776,0.05080594,0.4752023,0.88016033,0.24838468,0.17854565,0.052508682,0.6746458,1.401824,0.021191694,0.13234481,0.053005252,0.18064037,0.2871788,0.4769228,0.45359796,0.55877185,1.0708494,0.3263787,0.19137892,0.9254185,0.10129232,0.6200825,0.13899785,0.40136603,0.4171711,0.49409816,0.5377145,0.4284222,0.6492134,1.3103664,0.111851275,0.76956886,0.49182782,0.15377718,0.027563484,0.15797833,0.6829821,0.39244437,0.30364868,0.54594564,0.34830895,0.013099026,0.15876581,0.044313625,0.09093878,0.22239584,0.44861108,0.27423096,0.08283715,0.38328966,0.5347221,0.14269796,0.5333265,1.3677444,0.27523288,0.45520878,0.63731706,0.32258135,0.47182176,0.06267991,0.12235673,0.44130558,0.23088801,0.78644085,0.15874305,0.060516223,0.33073568,0.38433647,0.13855761,0.24110633,0.75232315,0.4368915,1.2409649,1.3151482,0.9712791,0.42374623,0.3153934,0.4519437,0.15292966,0.629176,0.7686175,0.08972848,1.1284206,0.24937148,0.20289855,0.7312013,0.6435522,0.037836194,0.4783489,0.23699439,0.37245214,0.523651,0.21459624,0.17329174,0.06333326,0.18221377,0.8026793,0.4766006,1.2484887,0.39941698,0.5792515,0.34932578,0.49539545,0.72528243,0.07549591,0.64747953,0.63823026,0.5551499,0.90434635,1.1675695,0.9464292,0.033018626,0.06113816,0.974535,0.53837943,0.70615935,0.2211016,0.788996,1.1615366,0.32904363,0.17188127,0.31538042,0.23802212,0.4587044,0.8048556,0.52424836,0.08023558,0.38254943,0.43167868,0.105685614,0.29557118,0.3066446,0.0751753,0.11659096,0.12395628,0.26844096,0.21270356,0.34877902,0.5152918,0.1879979,0.10140829,0.3883707,0.426835,0.14336193,0.55057275,0.32978666,0.5635681,0.13437556,0.5195742,0.08523778,0.29836673,0.602619,0.16601418,0.5735078,0.6262822,0.113647945,0.7748265,0.20031008,0.42230302,0.20325005,1.0239204,0.29689544,0.42569727,0.80556965,0.10891183,0.37842804,0.686463,0.32352495,0.2704944,0.687325,0.19472827,0.5385026,0.24043933,0.07534994,0.43343645,0.22621062,0.112288065,0.85297906,0.670182,0.3562833,1.0378066,0.22755209,0.4090084,0.008863889,0.32647088,0.07224048,0.1442399,0.7604308,0.46921802,0.31141502,0.27921098,0.43388364,0.6655022,0.26290375,0.051651813,0.3127306,0.2664656,0.037389286,0.11828865,0.065775946,0.9068459,0.5203404,0.38458014,0.31269103,0.12581417,0.11445602,0.1462099,0.30598783,0.1725041,0.40085134,0.74557954,0.24428831,0.3596248,0.23944923,0.1585131,0.11591789,0.81668806,0.60362816,0.64002144,0.25570422,0.47482193,0.018275259,0.6038714,0.20580521,0.23265098,0.017913003,0.8182254,0.65042794,2.1565723,0.984553,0.5129888,0.12983155,0.6190685,0.07574456,0.3722389,0.1956765,0.53596,0.13660502,0.7485643,0.54932916,1.3578737,0.45927835,0.37882298,0.37152126,0.68786657,0.79810494,0.36512583,0.5596732,0.43956342,0.32091552,0.01604676,0.0280885,0.55783635,0.8585412,0.8398011,0.25353077,0.3107894,0.56159943,0.10745232,1.1306444,0.45771378,0.19704396,0.44931334,0.94495153,0.44707504,0.7451833,0.6411805,0.29971343,0.6982055,0.29488152,0.48455507,0.73917073,0.32968283,0.25494158,0.85999453,0.87255156,0.2419333,1.0355699,0.7693069,1.1397257,0.37649357,0.895747,0.24068874,1.0222428,1.3085788,0.25958952,0.08005956,1.0554549,0.12625808,0.32293826,0.09903656,0.073843814,0.71639544,1.3430288,0.84133387,0.829431,0.075891584,0.17122722,0.33669746,0.23508427,0.13839501,0.16822462,0.25047702,0.25592506,0.9550397,0.27566049,0.688959,0.12831977,0.63777727,0.18009889,0.5049244,0.49082166,0.52666694,0.1530079,0.42256257,0.3357597,0.53368175,0.00050428166,0.28303587,0.5507095,0.5360147,0.2404328,0.08586135,0.01988968,0.15568312,0.1958245,0.07148524,0.7157103,0.5716016,0.5947714,0.30742645,0.6870679,0.2039856,0.24310535,0.13187051,0.4746532,0.38671044,0.16440846,0.21468782,0.73271054,0.18891512,0.20580333,0.37445197,1.2450681,0.045006573,1.5645132,0.16760749,0.35631663,0.07375353,0.32723048,0.8129463,0.06333775,0.10235227,0.26435658,0.4242992,0.47251034,0.30308425,0.20217097,0.32362664,0.79514587,0.38599685,0.9572937,0.9314844,0.42301062,0.004627438,0.18762842,0.34046328,0.2636625,0.21236819,0.37390298,0.5681735,0.21015431,0.405937,0.45514992,0.04658431,0.40470693,0.11744742,0.41541767,1.0267959,0.09726526,0.17353205,0.08093408,0.06894532,0.58844376,0.75791353,0.22972591,0.2314574,0.6647675,0.074451745,0.3733853,0.44613543,0.34343415,0.4595913,0.2976913,0.55445325,0.11360111,0.20252015,0.40561363,0.23877886,0.79705215,1.2488444,0.32723022,0.8023441,0.7302565,0.19352035,1.043354,0.293086,0.16221058,1.2865427,0.15766741,0.5517951,0.5073222,0.19216873,0.652807,0.14500062,0.07582699,0.2763938,0.22201139,1.2055566,0.073381096,0.29534405,0.3903978,1.019322,0.24316615,0.06406024,0.17521507,0.25816733,0.09722782,0.118657015,0.4465772,0.01861087,0.62161267,0.66307735,0.22864279,0.12553316,0.19810055,1.0918298,0.037668854,0.78114414,0.6976566,0.30553174,0.65614027,0.79470015,0.109290466,0.4040987,0.58213997,0.8878735,0.081586815,0.90415967,0.037853625,1.3272355,0.43340492,0.04707304,0.5506462,0.18871444,0.39360842,0.4102909,0.23054348,0.2322021,0.3810888,0.36018425,1.1291608,0.33013028,0.7187866,0.33651167,0.07297645,0.3245307,0.40414453,1.040122,0.0043372097,0.25339654,0.32235968,0.06530185,0.5545925,0.87917805,0.6271446,0.5029278,0.60484093,0.26024875,0.15204115,0.33878246,0.48578888,0.28255373,0.052670527,0.31413543,0.52759194,0.37266064,0.3414818,0.28620934,0.3323825,0.34606892,0.2918385,0.111074775,0.17220303,0.5436083,1.0509355,0.27660817,0.18910857,1.0634818,1.225517,0.6758613,0.7180227,0.11922501,0.05252356,0.34754035,0.18822695,0.16178504,0.36857378,0.72954464,0.39627182,0.3684829,0.4700273,0.30938518,0.40551513,0.4627452,0.12042795,0.17055,0.4179028,0.6134442,0.042414706,0.75575435,0.42632002,0.13897383,0.23160306,0.92451644,1.0031205,0.124991484,0.6635052,0.37179735,0.20235696,1.1653737,0.19365382,0.16498092,0.39579013,0.28447288,0.11738233,0.29771274,0.23536119,0.40885928,0.2085261,0.63292885,0.24473101,0.0896645,0.8462201,0.0276638,0.0873846,0.42501992,0.54824686,0.5386309,0.2408469,0.60163283,0.71393865,0.19105393,0.43604526,0.41319424,1.7219234,0.7124436,0.07665077,0.26535213,0.11783692,0.15496722,0.42155084,0.3547253,0.23448247,0.037910126,0.24948838,0.8002746,0.7630229,0.39043266,0.264941,0.041005217,0.56628156,0.39585555,0.046124503,0.5074086,1.2082181,0.28552914,0.8599788,1.0993243,0.25748032,0.2005331,0.20443097,0.19736096,0.23480241,0.2805778,0.034298882,0.7300475,0.09737997,0.21799996,0.37317318,0.7928124,0.5857387,1.2562047,0.9629574,1.0217401,0.6187502,0.16424632,0.29238206,0.122966245,0.6972157,0.82580036,0.22602227,0.10009006,0.8882532,1.6307135,0.3274241,1.1472733,0.069021955,0.17948386,0.10174276,0.56004107,0.04530067,0.3244729,0.43523088,0.17247349,0.39354402,0.082014516,1.2074591,0.6569174,0.4521828,0.041869067,0.7884792,0.80441165,0.7117461,0.31167394,0.76561624,0.28554368,0.24477358,0.39600983,0.22224045,0.15382041,0.7509262,0.022412777,0.41240203,0.3263892,0.10807058,0.1639978,0.73793715,0.29416853,0.32615906,0.20200361,0.27909616,0.27323383,1.1796026,0.6658514,0.65901065,0.3134702,0.3358534,0.39098614,0.07125397,0.25203973,0.20019965,0.046731446,0.15272503,0.42671776,0.23995365,0.2550682,0.117112264,0.37569314,1.7697598,0.025970541,0.45028374,0.28341928,0.061849985,0.27914083,1.2324138,0.058197927,0.048221204,0.7911601,0.18121314,0.13390696,0.37627453,0.24461687,0.16244361,0.14780635,0.23338085,1.0838847,0.4336165,0.6258679,0.46817625,0.5588023,0.20161715,0.10384733,0.3412426,0.1661208,0.8787364,0.3587649,0.15954626,0.26734942,0.14083251,2.670063,0.027755545,0.19304726,1.2570015,0.39534268,0.19837874,0.06633607,0.14187169,0.29357028,0.039964065,0.76228213,0.71466047,0.5987012,0.11056045,0.5736535,0.17085832,0.27345297,0.20907862,0.4654053,0.20124277,0.394127,0.28805453,0.94589394,0.29825714,0.17293489,0.34793702,0.31854522,0.5940564,0.36079806,0.67125493,0.36260945,0.2316164,0.8366934,0.30640244,0.42000476,0.1167227,0.5185305,0.2740652,0.09445467,0.04822589,0.28625488,0.619741,0.334219,1.4902711,0.115817524,0.28212467,0.24750215,0.11458424,0.27758157,0.16749339,0.3866868,0.16959123,0.833143,0.28636077,0.50496304,0.09934419,0.3385613,0.24229416,0.3829968,0.91304433,0.7396786,0.27461177,0.019429982,0.523388,0.4696309,0.26647598,0.46998018,0.28932157,1.4413874,0.26983795,0.7458942,0.6213707,0.2920826,0.21003173,0.5406346,0.5393985,0.1504138,0.48079842,0.3710746,0.5369868,0.3035501,0.4959708,0.16642058,0.14274296,0.26291686,0.3049577,0.34866706,0.35578763,0.9394002,0.52299136,0.31121123,0.8499212,0.3147058,0.10845725,0.39166898,0.33976063,0.27211532,0.06204148,0.20526919,0.1599048,0.71842694,0.30041313,0.75535715,0.4039194,0.20933028,0.4328761,0.79591465,0.18098953,0.7177347,0.8527785,0.5257896,0.2017545,0.13066393,0.43483698,0.26344153,0.44458818,0.09408665,0.854692,0.54519814,0.5603808,0.3186916,0.39939502,0.18286964,0.099277005,0.72032905,0.13206472,0.5305854,0.4086947,0.59990287,0.4438102,0.055854566,0.52701765,0.46850878,0.6936565,0.66283655,0.2763393,0.5762092,0.17631765,0.96002287,1.3312972,1.3332934,0.8396494,1.0228606,0.15691015,0.8127783,0.4697985,0.0959134,0.5999408,0.35599148,0.37056655,0.60954905,0.19457206,0.07727931,0.75859565,0.4348466,0.13848704,0.9335045,0.28565016,1.2447647,0.28008923,1.1904147,0.3929121,0.6751781,0.6021277,0.013736531,0.2894675,0.28791502,0.28214055,0.3064209,0.4702277,0.42237085,0.055435248,0.34811503,0.0766418,0.17356452,0.7694427,0.08662332,0.6385463,0.09362196,0.17112091,0.46638894,0.4202127,0.25955743,0.26928282,0.23077509,0.72015786,0.4201301,0.31411475,0.128344,0.9031549,0.213394,0.5793439,0.2789685,1.0181043,0.5136769,0.059613965,0.9548137,0.8657665,0.76705253,0.2314726,0.4331313,0.11739784,0.47208285,0.38055235,0.20115341,0.2547097,0.3325442,0.10206649,0.7131687,0.20003136,0.29896668,0.69516444,0.082653776,0.37882712,1.2422726,0.25929675,0.9154073,0.20535582,0.20524932,0.03451061,0.40112448,0.19474518,0.015302658,1.1585335,0.10813062,0.56731415,0.13576803,0.4383489,0.49817353,0.033780314,0.6470693,0.9814196,0.2364682,0.34608075,0.2731405,0.69354475,0.073553555,0.2360991,0.40496707,0.061730795,0.9978614,0.41006467,0.3890342,0.6476227,0.92191553,0.25709474,0.18841083,0.16643918,0.30269495,0.08493173,0.65508235,0.08629534,0.64118385,0.1658082,0.44311053,0.1641927,0.14027955,0.24430795,0.29559046,0.21047628,1.3435992,0.14221269,0.74873906,0.22010009,0.4186399,0.68455607,0.52245307,0.13151032,0.2722429,0.48185247,0.40154636,0.2049006,0.60442203,0.28252235,0.2365077,1.2459751,0.87606776,0.5842086,0.16756245,0.24236226,0.4531662,0.17239217,0.44449416,0.363074,0.41828248,0.64855194,0.16668296,0.28460053,0.26656407,0.16288635,0.36995697,0.18315479,0.25208014,0.49075294,0.23249014,0.53449893,0.22614089,1.0312777,0.37619585,0.30905122,0.23422304,0.23300026,0.22789228,0.7350639,0.46084285,0.33301824,0.08603066,0.2104088,0.32815653,0.19641048,0.40599072,0.1142396,0.59603375,0.23331182,0.26987955,0.84922516,0.19117635,0.7998103,0.7769428,0.40437633,0.28747055,0.5627184,0.12065202,0.027386677,0.6197939,0.48812288,0.44162944,0.5837951,0.82161856,0.11930776,0.5377361,0.059403997,0.43455327,0.16313022,0.34236544,0.114454955,0.28433985,0.67974454,0.2800544,0.15883921,0.38983214,0.22953472,0.14960144,0.7635089,0.23222819,0.05610757,0.070825644,0.6509573,0.25581813,0.21176714,0.32559985,0.1335369,0.056473304,0.37490076,0.45189363,0.23838589,0.47337013,0.6249954,0.29705435,0.09672743,0.6992905,0.13945562,0.05991336,0.9032087,0.29872194,0.12915312,0.048800133,0.6913625,0.35563064,0.18461645,0.16481149,0.19445711,0.031870358,0.03324712,0.06891538,0.025352668,0.31508043,0.0020227805,0.06715961,0.1091923,0.27749592,0.25832736,0.40590608,0.51507664,0.3078149,0.17927743,0.32715887,0.021891765,0.04908286,0.084948644,0.013129557,0.15869021,0.075040445,0.085714325,0.6520181,0.361804,0.70445895,0.08937605,0.0061572846,0.022382254,0.15825835,1.393034,0.028956212,0.0706065,0.093852095,0.004072248,0.15148889,0.46758878,0.21929833,0.008413345,0.09892739,0.10060342,0.13547096,0.3356917,0.38542092,0.24825147,0.6445616,1.4100118,0.06929393,0.63518,0.03487563,0.03396041,0.0,0.20326564,0.20434722,0.010961022,0.8542162,0.5433122,0.14645605,0.47138467,0.4856116,0.25897756,0.21665639,0.108886585,0.36492482,0.7376307,1.181351,0.52615225,0.16793495,0.5591566,0.39364263,0.087342255,0.023138866,0.22973749,0.43326387,1.0225514,0.29201302,0.099983454,0.1745745,0.16530019,0.20265366,0.7814939,0.20995007,0.19621131,0.03386776,0.23793635,1.3538363,0.11267769,0.22999345,0.20429464,0.2626652,0.14441325,0.8455883,0.4437223,0.7721497,0.08927149,0.5160696,0.0,0.7716594,0.041532863,0.6420312,0.21712983,0.41730106,0.044068757,0.115671694,0.23904222,0.7683419,0.8735671,0.8036069,0.6547726,0.30989504,0.76783466,0.13203171,0.5847858,0.016622165,0.13507335,0.53249335,1.5958445,1.4506111,0.46715367,0.38754767,1.310552,0.17800225,0.7207086,0.10376183,0.41406986,0.42696524,0.79414296,0.06554347,0.31173024,0.58959144,0.0,1.026931,0.31719336,0.32098868,0.0059441864,0.06637345,0.5008082,0.11030811,0.22905597,1.5122337,0.50239384,0.80291986,0.2858755,0.12737481,0.76439595,0.441526,0.12170689,0.51109636,0.61436623,1.0335169,0.022851486,0.0,0.3244887,0.8334451,0.5536913,0.14838964,0.42138225,0.822434,0.33817983,0.14233625,0.17475864,0.5166271,0.43245807,0.21753792,0.63833725,0.09289852,0.013686571,1.3224244,0.07174484,0.96481895,0.16230957,0.24595459,0.013011191,0.3767918,0.056034364,0.6724048,0.53446114,0.07957767,0.1460278,0.0010213186,0.14596435,0.0,0.002773047,0.70248604,0.10502069,0.51561135,0.04319613,0.4386058,0.14263669,0.24429633,0.11633028,0.6519855,0.09158754,0.0727463,0.84263265,0.37685966,0.7852779,0.37229314,0.308835,0.02265365,0.5166673,1.5670615,0.0,0.33652842,0.21045208,0.1431379,0.16928585,0.065187916,0.85854095,0.47821566,0.104226425,0.09679514,0.1280744,0.35101724,0.022732565,0.0,0.04578445,0.055649407,0.0004470834,0.06749514,0.87161225,0.0846139,0.5950038,0.123570964,0.021080228,0.4183024,0.15744436,0.14027412,0.020010639,0.7737098,0.24174699,0.9164545,1.5678431,0.040842447,0.09995944,0.42323476,1.0353444,0.35339952,0.8696172,1.0252414,0.04840165,0.44680688,0.6770744,0.37417257,0.62158287,0.63638353,0.089628115,0.22789308,0.8422474,0.3006184,0.54108846,0.40240055,0.8750446,0.6383354,0.59752744,0.063639246,0.14368622,0.24175219,0.2648823,0.03188408,0.1473153,0.35004285,0.3810723,0.15647493,0.0,0.026727302,0.014376193,1.8504467,0.7469524,0.12950285,0.32345164,0.026602173,0.84892786,0.43976027,0.38047463,0.5639432,0.45991588,0.07868575,0.17792974,0.63247025,0.41458848,0.4284783,0.13298081,0.8108798,0.9176234,1.6189897,0.04713503,1.3247567,0.119722486,0.04237547,0.7356993,0.87633306,0.38536954,0.017196245,0.13712975,0.48985562,0.40661556,0.27993608,0.52178085,0.034400634,0.13030383,0.22453514,0.47550648,1.0234544,0.05117614,0.57012045,0.9627931,0.056066714,0.32347745,0.5959865,0.21697433,0.025067266,0.309877,0.45436966,0.13347197,0.84677047,0.2902777,0.521045,0.52004015,0.0858588,0.9986117,0.28464144,0.54528284,0.21072091,1.4342005,0.5127386,1.1133155,0.002124786,0.13086021,0.0,0.44072008,0.28523168,0.09668979,0.049113974,0.17997605,0.0019352281,0.055679265,0.8399104,0.2476404,0.005674012,0.4909184,0.73525774,1.0130073,1.1220751,0.20392752,0.119061895,0.0,0.24647562,0.083579406,0.8933573,0.435696,0.21127613,0.41188687,0.57604206,0.6751612,0.05383764,0.17460859,1.2129225,0.20117909,0.7159374,0.36761764,1.4667776,0.20172119,0.9981092,0.6225705,0.86918646,0.25008926,0.37948176,0.0007545719,0.48328283,0.041751906,0.06850302,0.13206086,0.13480398,2.0484896,0.5500975,0.0011924693,0.5013866,0.5230149,0.05970574,0.18470757,0.46193063,0.15455127,0.38215864,0.7754973,0.16083795,0.30074567,0.039674237,0.05452877,0.3126009,0.109213315,0.30905682,0.39075792,0.3485746,1.2960773,0.0,0.45158496,0.32147628,0.39962327,0.042168684,0.042417895,0.3626669,0.005537033,0.22095789,0.1423567,0.1730605,0.5492458,0.14630082,0.03963808,0.0027889959,0.15749592,0.40068895,0.26523557,0.90914726,0.25478962,0.3186359,0.1375336,0.022239879,0.122049205,0.6411528,0.20636052,0.5509156,0.10599919,0.27464148,0.51427877,0.019527769,1.2275891,0.3813721,0.09196715,0.2571178,0.32992244,0.0,0.4998262,0.0022162253,0.59734046,0.46275592,1.2131567,0.13630283,0.13367526,0.028330408,0.43968987,0.030159477,0.8242384,0.18797451,0.45522052,0.7791627,0.051999684,0.61390495,0.11102104,0.019787757,0.27548409,0.8540689,0.15592387,0.036987588,0.02483743,0.46675268,0.067775026,0.39789465,0.5561018,0.3638334,0.67183167,0.108682856,0.38999572,0.12140998,0.19500989,0.050187156,0.10259827,0.58126223,0.09176494,0.001983574,0.010741053,0.23951496,0.21776558,0.8401334,0.09623529,0.114111714,0.06400039,0.20378396,0.33212134,0.09669823,0.32342723,0.39735594,0.031797998,0.26260358,0.4011742,0.048238993,0.08831931,0.47257775,0.3546209,0.37364534,0.28779417,0.67883706,0.7377097,0.35371345,0.848938,0.510652,0.06211096,0.119343616,0.48469242,0.55167085,0.16785997,0.30644488,0.006705875,1.0222461,0.8275856,0.34087992,0.33288622,0.5020114,0.7410286,0.8347199,0.43953064,0.014858818,0.045430828,0.00197803,0.0,0.45099407,0.66767424,0.09385535,0.42039683,0.21544851,0.51624894,0.4259057,0.16324759,0.1154178,0.23178048,0.7193414,0.18416451,0.50022066,0.00037266983,0.0119672185,0.39820844,0.43512362,0.26733327,0.58817136,0.06949443,1.4922465,1.1704409,1.18388,0.12335613,0.0,0.66370153,0.08900696,0.59352356,0.46099064,1.2402269,0.3346935,0.057824045,1.8852158,0.16776219,0.22076285,0.89181113,0.258653,0.13041988,0.41776165,0.49502742,0.48802,0.86258316,0.017023057,0.5450495,0.14210424,0.28116593,3.2632345e-06,0.05089725,0.78007376,0.7197808,2.4630017,0.07734279,0.16586325,0.17589366,0.0974039,0.14283314,0.72688293,0.65466857,0.63405645,0.44000697,0.9178784,0.476869,0.6551719,0.13509712,0.04365405,0.08855432,0.29181385,0.18862587,0.31247908,0.0,0.012658997,0.32705817,0.21293074,0.075993255,0.6039645,0.4515803,0.74932075,0.061419953,0.2989499,1.2791239,0.6160164,0.40797994,0.10199405,0.10941918,0.2520928,0.1632558,0.34827945,1.2609411,0.53121024,0.6713252,0.38442048,0.5992027,0.04533696,0.6881399,0.1150364,0.086745724,0.0,0.034945175,0.46779427,0.502891,1.0231513,0.49474245,0.1762643,0.098809585,0.19175735,1.0353217,0.024952374,0.021207813,1.0733936,0.27031457,0.53453624,0.6281223,0.77876186,0.41146314,0.5725176,0.15112671,0.25672814,0.47643968,0.3681537,0.09828499,0.64314216,0.052632004,0.36585152,0.81641406,0.11028034,0.56401825,1.0622286,0.65359986,0.773121,0.14985205,0.25029135,0.09011477,0.10025524,0.7968678,0.14929187,0.3770316,0.549752,0.4790119,0.008560484,0.14181636,1.9152803,0.0,0.75402504,0.53203046,0.44763732,1.4012852,1.1253579,0.15109542,0.15238355,0.020586597,0.24506025,0.36526567,0.19028634,0.21729535,0.8020156,0.763923,0.28903633,1.298688,0.17898883,0.0,0.015119323,0.005457756,0.043471638,0.39948422,0.28790095,0.28115422,0.052683562,0.024536215,0.13076289,0.579068,0.38683003,0.041010864,0.07923423,0.67526436,0.0042103888,0.79958177,0.33261815,0.27635035,0.37283087,0.11174917,0.726475,0.020428319,0.62387383,0.11841373,0.2576406,0.80221534,0.027275965,0.103168055,0.2875295,0.21853311,0.1352482,0.08290675,0.8310505,0.111216724,0.25379995,0.12404193,0.77093756,0.7512876,0.3575298,0.16578457,0.32868108,0.039400477,0.22408085,0.08727062,0.1773697,0.16519329,0.37647623,0.085008584,0.9273233,1.1839432,0.761365,0.05490681,0.21987745,2.048083,0.123376474,0.8740767,0.18929742,0.48865262,0.0695946,0.045363866,0.015282584,0.48774832,0.3395424,0.7359443,0.14654914,0.04169769,0.18720686,0.5241857,0.78338253,0.25086737,0.95467925,0.008611677,0.34463167,0.15062317,0.75021505,0.026248371,0.035631176,0.62593514,0.8357594,0.6633412,0.05834997,1.247954,0.19313954,0.36167485,1.1083987,0.9633707,0.17188512,0.19514135,0.3047751,0.7112093,0.52927804,0.5181299,0.27108932,0.010039547,0.35058415,0.088596486,1.659822,1.6541556,0.15340805,0.8657068,0.35342795,0.4820722,0.19540857,0.3655033,0.21209344,0.46094054,0.37674013,0.31867242,0.14408879,0.20004632,0.6876703,0.5315113,0.14416105,0.31173807,0.33126554,1.5920125,0.24646388,0.25144148,0.023097236,0.11139387,2.3788452,0.89560205,0.34615985,0.115467735,0.323538,0.4778704,0.82867837,0.17563799,0.76138115,1.1024796,1.2056296,0.5627045,0.27239135,0.6684854,0.27260923,0.10212448,0.81422687,0.107518196,0.30737835,0.09614311,0.43254223,0.3243208,2.7158747,0.4388433,0.55441654,1.099403,0.57000625,0.041321073,0.66485524,0.0,1.6054046,0.8222263,0.7714977,1.0396346,0.9845235,0.1582757,0.32290983,0.27456945,0.014355492,0.30481276,0.3491789,0.1252954,1.3100045,0.01661716,0.024822958,2.277434,0.6563395,1.6012199,0.8743644,0.23879719,0.89610577,0.7470104,0.23286752,0.0,0.5482803,0.2822857,0.3823911,0.35250905,0.7623657,0.027645214,0.33680546,0.4211667,0.5049382,0.30280644,0.3115621,1.0594202,1.180374,0.42628038,0.16767617,0.046751983,0.62135696,0.4992816,0.18857507,0.34526443,0.9094592,0.5392341,0.9807725,0.12651064,0.49506247,0.4245578,0.6921091,0.39118177,0.6618327,0.7132782,0.0012302862,0.039823446,0.31231606,0.16243681,0.29154506,0.73710704,0.518823,0.09456908,0.9419091,0.3290112,0.81470835,0.6100378,0.3925241,0.7533275,0.7768698,0.29312125,0.98604715,0.2895331,0.24713577,0.4203749,0.062191073,0.27065825,0.35893273,0.8241793,1.2358714,0.2551198,0.39880687,0.5726064,1.0439332,0.09346681,1.9433975,0.39027867,0.12085793,0.05316234,0.09599587,0.21452679,0.12181498,0.57795227,0.31009763,0.20174758,0.88561094,1.016032,0.32886326,0.6037276,0.77040136,0.53267443,0.25565115,0.4843581,0.86917293,0.18354298,0.23995057,0.012139302,1.0518183,0.6952382,0.5093625,0.51534134,1.4254113,0.085510105,0.48898607,0.25011837,0.0,0.8816623,0.2392144,0.5692471,0.55511,0.1675117,0.40545565,0.47616333,0.5396618,0.9947117,0.17503172
0.5494546,0.6692386,0.26717615,0.3317102,0.35383713,0.6582722,0.6337551,1.1470913,0.8877499,0.9057712,0.1948893,1.0361784,0.15918183,0.28825706,0.07800691,0.047826003,0.16047111,0.26377493,0.1191083,0.0591733,0.20772198,0.62243944,0.5704393,0.9214143,0.7030568,0.2725436,0.090923056,0.7335041,0.312622,0.8759248,0.5945108,1.243325,0.35681662,0.8314196,0.18524154,0.097180106,0.4019521,0.04710456,0.20742796,0.85446286,0.35040295,0.21205933,0.071541995,0.6526998,1.542659,0.023032743,0.13237496,0.073386826,0.10288529,0.44867504,0.31992674,0.48666236,0.6028915,0.8298384,0.2039927,0.08113706,0.8731437,0.12044095,0.5040343,0.15345666,0.5026864,0.5839541,0.5836984,0.24145514,0.2833682,0.7192098,1.5083362,0.13513744,0.6588031,0.48559153,0.2114713,0.04868351,0.228675,0.88326716,0.327192,0.16997248,0.35186842,0.30402833,0.0034191436,0.4168424,0.12557185,0.15565342,0.17835337,0.5579388,0.28623253,0.083755806,0.52801406,0.27479887,0.14794129,0.43768686,0.92467844,0.27861652,0.20824271,0.62644196,0.19690397,0.43165776,0.09394442,0.122639194,0.35237792,0.19090746,0.81837034,0.07126605,0.050614335,0.24644731,0.4379846,0.056145452,0.18435843,0.78727126,0.2546382,1.0886389,0.7713872,1.0842907,0.42259133,0.20779014,0.37881884,0.2838444,0.6487535,0.72634673,0.025260255,1.0133092,0.25267735,0.392264,0.8942217,0.75912285,0.0948733,0.45250854,0.2562157,0.38315517,0.34381148,0.20612836,0.18230604,0.06906903,0.12530507,0.47346067,0.20373636,1.3902092,0.45623678,0.5528277,0.64624417,0.6820719,0.7587398,0.13634387,0.64637625,0.520615,0.555901,0.96767366,0.771081,0.8264157,0.014919784,0.120247096,1.0443151,0.27921468,0.42290986,0.21429163,0.794577,1.0703743,0.21484391,0.14978439,0.25523198,0.42543238,0.30458337,0.6689733,0.41139042,0.14818418,0.43049723,0.50869155,0.1514768,0.2396217,0.40665913,0.07710647,0.22153553,0.1328021,0.28614804,0.18459767,0.49711275,0.28537858,0.25577882,0.12355951,0.33159322,0.3633642,0.17625368,0.58685833,0.22774604,0.4538336,0.14769717,0.35996932,0.23965214,0.20187998,0.4895535,0.23807095,0.4245487,0.34773487,0.059679173,0.86442816,0.18365875,0.2529093,0.15539566,1.0318582,0.17277524,0.26291066,0.500316,0.12452021,0.2949293,0.39720207,0.60021675,0.23997395,0.63673997,0.096149445,0.7260246,0.28208268,0.035971444,0.29021773,0.24512489,0.17808938,0.69870824,0.5238398,0.21714483,0.89702713,0.3171941,0.33038324,0.015064184,0.1916638,0.0419306,0.13182256,0.7172897,0.41069424,0.3211227,0.2617649,0.37423268,0.72037345,0.39813134,0.032548808,0.49375314,0.23579091,0.02345481,0.16308497,0.12036138,0.77292645,0.60726553,0.32719323,0.26862398,0.09396896,0.35031426,0.10635348,0.45009512,0.1237642,0.27227822,0.53414154,0.33899152,0.33050162,0.36339986,0.11651808,0.09411681,0.76705027,0.7734865,0.7403239,0.2650388,0.5561199,0.03445544,0.4674295,0.15218684,0.1835261,0.0013589854,0.87561965,0.4581361,2.1051376,0.9550044,0.29789186,0.12216456,0.594648,0.047893845,0.17999938,0.19026753,0.6859784,0.17335963,0.61926115,0.44616005,1.0793967,0.5199368,0.4429049,0.40388316,0.759005,0.8921708,0.30066833,0.6409079,0.29484728,0.22458775,0.04590149,0.016266849,0.5278138,0.81180143,0.6782348,0.2778836,0.32071424,0.43864995,0.09749283,0.8682851,0.5491107,0.39503855,0.43361938,0.94448894,0.5851713,0.55489945,0.6069901,0.20824231,0.8439956,0.33618087,0.45884478,0.80701494,0.3916294,0.18969846,0.9956103,0.90578634,0.24991626,0.7983227,0.86436486,0.73723257,0.34585282,0.5341154,0.27966857,0.6227739,0.9158485,0.24506555,0.094215706,1.4792666,0.1130575,0.23674409,0.1662482,0.04303073,0.59496695,1.2412212,0.74286723,0.7175248,0.059288517,0.0015847636,0.07133618,0.42321247,0.19616666,0.074595235,0.1407544,0.083791494,0.5625735,0.1697827,0.650385,0.22449654,0.3900999,0.0140598565,0.7511755,0.59456646,0.65791994,0.14800835,0.3914223,0.25283894,0.5479853,0.0023773403,0.33830857,0.27790493,0.30141583,0.26783124,0.23352513,0.17604965,0.059916817,0.09509715,0.09496236,0.5475706,0.7086355,0.50833917,0.3516727,0.5132772,0.14855757,0.4758809,0.015362992,0.42921275,0.3057199,0.099092804,0.16329384,0.63008606,0.28961933,0.3077137,0.34297052,1.2864153,0.013238454,1.0373975,0.3082469,0.23004112,0.01966743,0.29156464,0.86813474,0.08087869,0.019010276,0.20018873,0.5774056,0.5306978,0.28077695,0.1637736,0.45251596,0.570555,0.44992447,0.6487353,0.5031206,0.2317357,0.17713031,0.078721866,0.06601555,0.26812544,0.09892568,0.6530731,0.52004194,0.23886931,0.44158643,0.41415218,0.06917225,0.31133065,0.08949016,0.24587665,0.8990396,0.048963245,0.1525166,0.039776776,0.2435174,0.6536479,0.8983693,0.05785674,0.09579182,0.16687308,0.13433558,0.30573004,0.48995593,0.16478111,0.16932291,0.36431867,0.43028253,0.122592315,0.08194826,0.19052003,0.1426865,0.46270448,0.7765884,0.19044189,0.48576814,0.38103428,0.12625808,1.1749951,0.24953727,0.12856504,0.8135514,0.21260902,0.48795304,0.49834424,0.16349062,0.41472438,0.058995083,0.21323733,0.3155396,0.24819216,1.1818491,0.059279602,0.1366663,0.39271012,0.7127048,0.14946589,0.12299108,0.26175764,0.17774174,0.06389508,0.21708122,0.33429617,0.025652733,0.3892905,0.43033323,0.32894802,0.2218416,0.051648397,0.8848187,0.066128656,0.712391,0.21182089,0.18907931,0.7554081,0.54026556,0.152145,0.33398092,0.7491487,0.77460957,0.0025939746,0.90020096,0.016859604,1.0241287,0.41627777,0.03530334,0.2833832,0.13704601,0.26409173,0.25321934,0.23165381,0.29761428,0.51329637,0.14405136,0.85996974,0.14791796,0.7402035,0.39962804,0.04199394,0.22891931,0.51648617,0.4092971,0.014797263,0.05066473,0.18450567,0.12050576,0.6230345,0.770355,0.6099584,0.35791615,0.4400248,0.19596165,0.2781939,0.4123391,0.12580505,0.53101957,0.008297637,0.22880685,0.44618428,0.16362312,0.5564864,0.1424059,0.29247245,0.42835054,0.33234024,0.097194165,0.32651284,0.32172453,1.219563,0.50733745,0.07044555,0.7218165,1.3131993,0.5429287,0.7391463,0.022083227,0.028043002,0.52680403,0.14515245,0.2983879,0.10849564,0.37792614,0.35374194,0.050771765,0.5006449,0.20412864,0.23315391,0.6056856,0.066837996,0.084253535,0.36357084,0.2569212,0.09473036,0.4874578,0.19638243,0.16251831,0.24549276,0.9228489,0.91055447,0.189077,0.69995844,0.1989406,0.08519273,1.3250515,0.11488414,0.07681845,0.34101418,0.17654026,0.13570395,0.16689521,0.05361219,0.24985349,0.11734412,0.5767149,0.3712688,0.13658835,0.36867774,0.08892895,0.054539412,0.40888518,0.70116055,0.5980896,0.53162944,0.27879667,0.6903652,0.13871635,0.31760603,0.0934933,1.9460993,0.9502169,0.16614069,0.22975314,0.1491843,0.10580471,0.20508303,0.1502415,0.21552113,0.13268818,0.17217332,0.83962864,0.68127984,0.16598135,0.008689409,0.057329178,0.4427321,0.0681784,0.118582554,0.4761279,0.98987997,0.15821461,1.3097816,1.2342517,0.17538536,0.20899554,0.20799847,0.11564695,0.161711,0.06873943,0.07476031,0.7387018,0.08362771,0.17483106,0.5254979,0.6207441,0.7260374,1.4534504,1.3566005,0.36771876,0.2688748,0.14964654,0.23622674,0.0113046635,0.6124162,0.56144786,0.30345452,0.17070854,0.647251,1.1184542,0.3364225,0.6626736,0.11276532,0.29300195,0.2177923,0.3971947,0.06421392,0.29495552,0.35165116,0.12793471,0.17817068,0.2876038,0.640758,0.27498332,0.30215532,0.077770814,0.74891967,0.32268548,0.6627865,0.43346092,0.73649174,0.25859404,0.33329296,0.17691074,0.06700335,0.07580583,0.8718412,0.0056725205,0.13950074,0.23194723,0.011135284,0.11687988,0.7104747,0.20598955,0.21701336,0.19426681,0.09261429,0.11477791,0.79003805,0.60713863,0.46859378,0.3816238,0.24665767,0.23388787,0.09776182,0.2480694,0.29292202,0.018112417,0.35184047,0.4448324,0.24748215,0.18870181,0.073918656,0.2519027,1.6858057,0.10866773,0.3436439,0.05264235,0.07805712,0.16786833,1.1565977,0.209678,0.0,0.8745162,0.25660464,0.14181289,0.34642348,0.29710507,0.12630886,0.008381525,0.1142821,1.1281464,0.25958413,0.4059088,0.42859188,0.34281346,0.41658005,0.11004133,0.22793764,0.089244336,1.0788842,0.41057557,0.06104826,0.14753392,0.039197154,2.2817392,0.0563856,0.1206087,0.7810564,0.42068434,0.18197781,0.0,0.12748402,0.19858724,0.012087533,0.7125216,0.56762165,0.62665987,0.025550362,0.42450547,0.14915162,0.08764444,0.10426356,0.47438842,0.09774111,0.25890708,0.14174242,0.7731818,0.3258193,0.14029026,0.37625888,0.25813276,0.6720808,0.1513472,0.4392134,0.19928187,0.19720002,1.1308421,0.7197586,0.31158012,0.13269287,0.40382224,0.12202319,0.20692095,0.23913847,0.47988328,0.4849678,0.25231105,1.4598365,0.24933317,0.25678837,0.27369767,0.073500134,0.4548273,0.1414696,0.2926783,0.27951413,0.6708708,0.23278534,0.34598607,0.03891065,0.2291514,0.37126338,0.4095281,1.0069909,0.3364194,0.13467354,0.014886137,0.3722166,0.4989752,0.20356297,0.49791002,0.42915517,1.1807666,0.31093115,0.6016836,0.4563126,0.45574495,0.34773952,0.35263035,0.885928,0.13606507,0.45018938,0.18424171,0.5672314,0.3200195,0.21065359,0.15472151,0.33915746,0.3357272,0.084161915,0.32139796,0.21302786,0.26667118,0.32039252,0.20481056,0.78614235,0.24628615,0.19454972,0.45289844,0.35336563,0.37655222,0.19218045,0.10897985,0.14334032,0.50577104,0.12626278,0.21817243,0.43524486,0.2939585,0.46739432,0.3371516,0.34568906,0.34882534,1.1259714,0.3386649,0.0921871,0.25922823,0.5535446,0.39912292,0.87523293,0.2838793,0.69402736,0.2407392,0.59761614,0.30507714,0.433892,0.17114908,0.09269053,0.22960871,0.19111449,0.097033165,0.23780148,0.48283446,0.6445633,0.02577076,0.5023261,0.5260944,0.56812686,0.43131563,0.39204693,0.67712563,0.32473773,0.78570807,0.75809896,1.2396613,0.88830644,1.0778738,0.07274406,0.5571677,0.3511016,0.03508252,0.45939213,0.3371644,0.33299804,0.72099864,0.10023688,0.11055363,0.5824407,0.2984256,0.11595997,0.50856364,0.12523535,1.1429536,0.22153968,0.5586685,0.30640247,0.73275495,0.47743952,0.048085697,0.18004993,0.37916625,0.31069562,0.21881738,0.48192024,0.31289345,0.070766814,0.4524766,0.07240491,0.13633427,0.7647531,0.12696569,0.548384,0.17410281,0.11439373,0.6350914,0.15609422,0.18318538,0.20275357,0.26395184,0.57337546,0.43509984,0.21370062,0.04144976,0.9842355,0.16213557,0.49690336,0.20404875,0.7597444,0.22066511,0.049507193,0.74054015,0.5808686,0.6909443,0.105086304,0.2857706,0.11366125,0.21169555,0.4331788,0.14073096,0.37224215,0.18155244,0.11819126,0.5759597,0.26989102,0.086462855,0.31718868,0.017025957,0.2656386,0.9715371,0.042858224,0.6907806,0.112734236,0.3711729,0.0068340534,0.27128783,0.4367154,0.035579614,0.8976595,0.08674189,0.3212011,0.1301166,0.4421892,0.4661662,0.049221277,0.82189745,0.86054647,0.2645681,0.1362265,0.35305506,0.38770336,0.05807999,0.16573445,0.4481851,0.0014332074,1.4333236,0.32996994,0.31131208,0.59289956,0.6813514,0.7140585,0.051400594,0.10988331,0.26071444,0.06125083,0.77598876,0.14607379,0.16597655,0.13753909,0.16870055,0.10499815,0.21004835,0.33933356,0.20670286,0.22196189,1.2568921,0.0445031,0.6285532,0.14347202,0.58131504,0.4024021,0.36033383,0.16163425,0.096123554,0.48211974,0.12934282,0.291692,0.35289773,0.13263123,0.21685825,0.7996888,0.7877672,0.49315786,0.27045864,0.117883176,0.44757494,0.096680164,0.32316843,0.17012058,0.38948736,0.65409195,0.14071652,0.28625342,0.3193406,0.23921132,0.5541479,0.21564688,0.21504943,0.31620574,0.20758834,0.53624773,0.09121175,0.5657488,0.32685003,0.10732788,0.18974738,0.3575849,0.24230823,0.40004498,0.42382056,0.3834855,0.09493539,0.10910419,0.37607676,0.1999821,0.4136091,0.05156359,0.7338732,0.13604425,0.38852566,0.73455006,0.26857734,0.58645856,0.30265185,0.29244536,0.3055389,0.45503092,0.13220397,0.027697314,0.6747891,0.12013085,0.44062716,0.4502547,0.62519455,0.23754132,0.8376611,0.008591362,0.4511401,0.28309125,0.312912,0.054098707,0.18246609,0.31422,0.22076209,0.09384526,0.21461253,0.051004544,0.07965393,0.24790218,0.27447456,0.033523288,0.06603427,0.45803982,0.14270426,0.16790143,0.27032718,0.13058785,0.08559452,0.06728023,0.21543637,0.19877926,0.53217566,0.45320997,0.4454987,0.08098005,0.38935226,0.30842465,0.21605694,0.87278074,0.33235648,0.18228716,0.17242432,0.62389946,0.75071454,0.33355615,0.32981947,0.1249946,0.088940814,0.0981657,0.21110944,0.05699081,0.30138177,0.014895023,0.06059572,0.13153979,0.29798737,0.3118575,0.27831733,0.79173195,0.16491961,0.11865427,0.1669304,0.16291976,0.014697746,0.27797848,0.05288432,0.9236951,0.22660741,0.12697342,0.24955994,0.15665959,0.8381727,0.26916477,0.05530644,0.07650926,0.10862928,0.9828394,0.025800887,0.07483949,0.03026882,0.016372353,0.18853186,0.19273779,0.1325084,0.035304017,0.3104639,0.23860094,0.24589735,0.36890978,0.2266694,0.3988602,0.47645533,0.79777306,0.020258496,0.4641592,0.053505145,0.045977406,0.0,0.38691318,0.10874819,0.07881209,0.4721632,0.71574455,0.49267435,0.12581392,0.3855328,0.424704,0.20809612,0.30535778,0.27240267,0.21389014,0.80609715,0.31989947,0.25614142,0.3909114,0.57188934,0.061527003,0.0058327033,0.30076265,0.34719664,0.8995234,0.29481125,0.12139919,0.05712708,0.055634074,0.20480528,0.80117464,0.36253393,0.27284592,0.07769357,0.37877643,0.8150884,0.17198305,0.058205962,0.33560765,0.26188266,0.09172624,0.6472884,0.59297335,0.5002366,0.070037924,0.4002288,0.05459051,0.79399204,0.010863501,0.7786653,0.19138674,0.30851656,0.055816777,0.11516778,0.1853081,0.7739589,0.8542172,0.55617976,0.5212914,0.3232935,0.65923864,0.18824197,0.7571123,0.06727801,0.14500749,0.60522807,1.7794421,1.2621728,0.19675213,0.40455377,0.9065331,0.14681512,0.5353291,0.24479383,0.5586741,0.5179715,0.24794693,0.024087975,0.33261386,0.28991294,0.0,0.72939783,0.33251417,0.32994324,0.061408952,0.023374442,0.3336133,0.054231975,0.2794476,1.336855,0.64351356,0.649531,0.17608607,0.17726104,0.42534584,0.46320057,0.32136422,0.8483073,0.7897935,0.9116587,0.075336084,0.030344628,0.3166973,0.90253687,0.4470899,0.12519392,0.5618987,0.9999723,0.1905358,0.39770323,0.16510122,0.5548217,0.31722313,0.20125708,0.65840423,0.1524519,0.0,0.51968515,0.042303897,1.1291652,0.24273601,0.40564764,0.082068786,0.6236162,0.25191668,0.72886837,0.59202266,0.1149403,0.38370842,0.042562854,0.12015961,0.14900716,0.008169769,0.45001844,0.06150914,0.80827653,0.22962599,0.20194924,0.11111771,0.42848274,0.050855566,0.39734912,0.013125165,0.09923005,0.67109704,0.08704778,0.7443499,0.28907686,0.45864767,0.067711726,0.26499307,1.1124389,0.015534984,0.5347332,0.5228323,0.12972404,0.34649605,0.005810995,0.838958,0.3659503,0.021529742,0.042634115,0.055661485,0.36736786,0.13887224,0.012354488,0.13438755,0.0853427,0.028696794,0.064021334,0.47804666,0.2442287,0.25410542,0.38723236,0.023462955,0.47513992,0.07828297,0.2197848,0.0,0.9381988,0.20992687,0.80812323,0.773685,0.050031155,0.17853686,0.72263074,0.85772365,0.11713212,0.6092117,1.0135429,0.016824692,0.50274384,0.4159881,0.38901046,0.3347543,0.8717877,0.064142235,0.090745,0.45062774,0.1956326,0.54057443,0.28679585,0.8194926,0.6133955,0.7217827,0.2884248,0.15926498,0.204951,0.15532583,0.0061443113,0.22737366,0.21683535,0.5668651,0.19467166,0.0040914356,0.034057863,0.21659698,1.7812841,0.89247984,0.04590752,0.18985811,0.046044342,0.7538276,0.32634866,0.29515332,0.33855993,0.28553027,0.030093458,0.21349192,0.56845033,0.33039325,0.5618073,0.17756735,0.6321219,0.9353882,1.2903044,0.23089519,1.0021849,0.12758844,0.02195875,0.5814816,1.0611861,0.567013,0.041888587,0.17524084,0.3751921,0.4057058,0.3439059,0.2970531,0.096357584,0.21788234,0.33099484,0.3852147,0.8590146,0.20570824,0.5785724,0.60384774,0.27087712,0.36857957,0.34392923,0.42855188,0.052890617,0.31474677,0.29321748,0.31222662,0.7270742,0.49887723,0.22094679,0.38573384,0.058080487,0.81733054,0.6032127,0.58764565,0.2621019,1.2511624,0.49264532,0.5973438,0.0332906,0.22694165,0.018306091,0.4469593,0.3187666,0.04875697,0.3503313,0.2846095,0.0,0.010692326,0.68837774,0.2572123,0.118770376,0.35865825,0.772984,0.7648032,0.9271656,0.29687208,0.21683681,0.0040713116,0.27952087,0.21141931,0.96610695,0.41894987,0.20966631,0.5298762,0.60540533,0.5958151,0.15580316,0.047721922,0.9713683,0.27560085,0.8664978,0.40088022,1.1670601,0.18656412,0.8616432,0.23565058,0.61879677,0.08902228,0.29996514,0.086901054,0.5298822,0.048069708,0.058247082,0.117282435,0.21530592,1.4218135,0.4190588,0.012609765,0.58980864,0.65205026,0.08877901,0.33675772,0.3865472,0.16674376,0.36453056,0.35083717,0.28584617,0.4417535,0.053926013,0.09346859,0.19904438,0.20033169,0.17111847,0.28326553,0.5125166,1.1985526,0.0,0.6325853,0.5834589,0.3704368,0.18987894,0.0049018255,0.30818397,0.013845526,0.20775503,0.28389695,0.2560508,0.5277562,0.029761812,0.104478195,0.0,0.26240706,0.33387575,0.24945807,0.5681767,0.12634055,0.28355485,0.25292888,0.008439174,0.18593256,0.61812437,0.5992828,0.3960061,0.049145658,0.35369372,0.19781418,0.03351778,1.2328876,0.6688677,0.30051297,0.41129428,0.5191116,0.0,0.34404165,0.040519528,0.4773274,0.33822668,0.93353784,0.1388908,0.07713877,0.029585212,0.5935571,0.09292865,0.531327,0.2075975,0.48160684,0.49648714,0.057673335,0.5869304,0.08781093,0.09475639,0.22521937,0.43812793,0.29226595,0.11601553,0.11530017,0.34924826,0.23833486,0.30130032,0.7955958,0.2509839,0.60223246,0.34872502,0.32402736,0.11924928,0.1619375,0.026817886,0.15716656,0.43833113,0.020660108,0.06460756,0.062178455,0.41327345,0.43345812,0.7494798,0.037978824,0.05303707,0.1094996,0.24247736,0.3676967,0.044912934,0.2985441,0.5241215,0.19198287,0.30564955,0.4152259,0.06882505,0.023659464,0.34942338,0.3959308,0.22997946,0.12800089,0.4323908,0.5801666,0.2919555,0.681554,0.12746404,0.10317195,0.22659433,0.41045117,0.5001087,0.2192798,0.455303,0.024265615,0.7211859,0.5019897,0.07559477,0.41374618,0.33856395,0.75117755,0.7964521,0.34674788,0.102848984,0.04492163,0.017194975,0.06140311,0.283953,0.73991966,0.25667685,0.1684705,0.28788912,0.52617615,0.3146143,0.19757436,0.0903588,0.13449103,1.0719178,0.1277774,0.5667268,0.0030226768,0.032440476,0.39676988,0.37462103,0.7271583,0.4235854,0.110712364,1.2316772,1.1077858,1.0687059,0.20292506,0.029783398,0.50971663,0.092846006,0.42338264,0.3175092,1.0044831,0.5238874,0.14138687,1.4975864,0.14315695,0.2430059,0.6992892,0.4570619,0.25815827,0.45805776,0.3500843,0.56782526,0.9697542,0.0020990984,0.5591482,0.14037958,0.5964629,0.0,0.0965858,0.9534094,0.42724696,1.6966714,0.15234226,0.14868729,0.16983953,0.109700605,0.0236519,0.48070022,0.55715764,0.42480856,0.3168737,0.7391529,0.44662285,0.48518744,0.13677374,0.069186956,0.24105904,0.2227484,0.26636297,0.08336132,0.0,0.13162161,0.32244968,0.39007622,0.12761611,0.6452825,0.56089973,0.70398146,0.10487354,0.21564326,0.7998897,0.43205246,0.5401303,0.015844466,0.20427181,0.20895253,0.139769,0.14899,1.1505044,0.5947322,0.5926029,0.38145638,0.5126936,0.04192937,0.3542392,0.058864437,0.014857867,0.0,0.16114086,0.5508468,0.3545859,0.8691808,0.29664868,0.14286447,0.17626283,0.24344708,0.4216791,0.036344383,0.03453526,0.64697236,0.2341835,0.3388517,0.7236543,0.4931287,0.26021048,0.4135007,0.15237296,0.18489385,0.31962115,0.12542516,0.10553437,0.48080426,0.07830396,0.6290486,0.58121765,0.16681351,0.3877697,0.8519954,0.81396794,0.36771494,0.23200932,0.29040724,0.056660097,0.17626041,0.9469515,0.023064828,0.14997692,0.42083406,0.39060533,0.023963153,0.10583892,1.2885234,0.046753503,0.7227069,0.9637374,0.23496354,0.80896413,0.92045355,0.3921894,0.19726521,0.02398038,0.29800642,0.7021202,0.09517428,0.35091513,0.64932287,0.6120129,0.29558033,1.0860999,0.24531546,0.0045145284,0.14005092,0.10086186,0.1589908,0.3835817,0.21473275,0.06663652,0.057341482,0.09325276,0.11647685,0.14622255,0.5755126,0.06857807,0.028741932,0.60064,0.008187745,1.0212576,0.31927696,0.43478644,0.1974033,0.12755905,0.35418144,0.116225526,0.5039023,0.13213441,0.42844218,0.4524798,0.11767237,0.027020155,0.29129907,0.045899272,0.32161027,0.3061605,0.6112429,0.049473565,0.46235538,0.09604836,0.62925017,0.6156236,0.1313808,0.14496009,0.36048073,0.0,0.3028917,0.28282475,0.031395033,0.24640933,0.62281936,0.13860086,0.44652373,0.729947,0.61237466,0.21367237,0.536538,1.4477273,0.2846121,0.71564746,0.272637,0.50162286,0.17507297,0.031922337,0.013226772,0.9700987,0.2602181,0.33053386,0.3392831,0.0827169,0.120902635,0.53190523,0.35861695,0.33049327,0.86482215,0.007616123,0.42335993,0.04040096,0.67758554,0.013668906,0.008670773,0.3001557,0.62527966,0.3446054,0.008341975,0.58357286,0.49070975,0.31468266,0.6560789,0.92515886,0.1573174,0.2088987,0.29909557,0.78617084,0.26494777,0.67387253,0.31838033,0.0,0.18231297,0.0060848882,1.1567895,1.2774265,0.049366143,0.45465845,0.34728906,0.0370425,0.2297695,0.21735553,0.17835428,0.31071728,0.7987398,0.4070777,0.04210595,0.09372326,0.8063064,0.39336646,0.29659748,0.40696037,0.5960359,1.3763161,0.120627,0.23834497,0.20499685,0.103725836,2.058611,0.43390402,0.32435435,0.019723743,0.30525845,0.2657681,0.84014344,0.22866623,0.3149798,1.2900692,0.77938676,0.32438165,0.14302243,0.56170535,0.52556396,0.23679975,0.74435294,0.055650476,0.22716919,0.23560724,0.5784762,0.52140343,2.3828425,0.32349712,0.34091207,0.9433652,0.6088625,0.10083626,0.5770764,0.0,1.6556587,0.7515034,0.58178836,1.1858685,1.1890469,0.09643216,0.34856915,0.2734896,0.14453793,0.28878325,0.25991875,0.17011155,1.5833132,0.0,0.027656797,2.6865616,0.52353144,1.4235628,0.8798777,0.111934915,0.6791998,0.7759814,0.39098805,0.048455723,0.50071913,0.33597362,0.23172696,0.0039665704,0.4601838,0.067639634,0.12625352,0.26598835,0.46791494,0.10927728,0.034696445,0.8927393,1.4635049,0.1975701,0.21771294,0.008820839,0.5738585,0.46422762,0.10692909,0.17420635,0.8310851,0.42220122,0.964673,0.12106342,0.5134816,0.47034067,0.5047978,0.18639562,0.6065584,1.1411687,0.035199326,0.038758054,0.09104505,0.059391357,0.36233616,0.26266825,0.43452048,0.0802528,1.1217625,0.43758783,0.68043673,0.81008226,0.61511403,0.601395,0.7453671,0.4329423,0.7710365,0.14269796,0.7252227,0.43770015,0.0071156574,0.0950139,0.1045731,0.784666,1.0604969,0.13639815,1.0186803,0.41092315,0.6970806,0.0872442,1.8542428,0.2645623,0.21941753,0.018583544,0.06551099,0.19729054,0.43303078,0.77364314,0.23580755,0.15852806,0.73289335,0.9669761,0.3741748,0.67683965,1.0939342,0.6842409,0.18893278,0.67215836,0.6495109,0.10411695,0.06670817,0.0044631525,0.8821391,0.58498347,0.35460615,0.33560342,1.1494418,0.06134654,0.5354193,0.10039775,0.0,0.8317914,0.46363717,0.60117507,0.5438762,0.17114735,0.093924806,1.0123625,0.42956036,1.0639381,0.16763854
0.4124828,1.0853715,0.33268097,0.14548469,0.38286865,0.23235768,0.9113884,1.4675825,0.8916786,0.8323005,0.12587392,0.7048568,0.2272959,0.36069006,0.10393731,0.16458388,0.10768618,0.2903859,0.12426275,0.08711636,0.11913388,0.45638418,0.28807044,0.7326269,0.8634555,0.4014653,0.3099324,0.32141876,0.4034965,0.715462,0.6157406,0.9793482,0.71281326,0.875571,0.46001974,0.05714276,0.40881798,0.07483594,0.030490106,0.88742065,0.3420754,0.124815084,0.11146186,0.70658743,1.0775235,0.049461987,0.078294106,0.017316258,0.084291324,0.42310292,0.32459232,0.49555647,0.379835,0.67718303,0.25212488,0.06589006,0.45991305,0.19598646,0.3970911,0.17674339,0.50559145,0.3788917,0.34715196,0.4842113,0.6634215,0.42287838,1.341441,0.14781849,0.89805716,0.33487058,0.13172573,0.14303744,0.22693905,0.8371401,0.28506044,0.10125313,0.28991273,0.28219187,0.0078040403,0.35369468,0.16486913,0.11094691,0.20181507,0.44118458,0.30422235,0.049495805,0.59144,0.28256536,0.24839061,0.26789486,0.5888878,0.31021377,0.27168274,0.22747815,0.24965034,0.16093202,0.21568741,0.1695575,0.260957,0.29914802,0.7528183,0.07384974,0.07708496,0.56583774,0.64089215,0.07011895,0.06936166,0.39010435,0.3407373,0.7799561,0.9537535,0.94868517,0.23349962,0.14000449,0.22195509,0.1916071,0.6397937,0.5573293,0.051238857,0.5411798,0.40249696,0.2582373,0.58608097,0.3733759,0.17947464,0.50343174,0.036397092,0.5613055,0.18843414,0.19533558,0.17644936,0.1100259,0.4209511,0.28538662,0.18764035,1.426409,0.87904024,0.3180114,0.42369494,0.7858174,0.6124339,0.1788869,0.52554315,0.32941496,0.680454,0.7928477,0.80752975,0.82890826,0.23744947,0.040619917,0.7471958,0.38254434,0.6162392,0.057321347,0.6056727,0.96651995,0.16698796,0.13946532,0.29556596,0.41334128,0.25934,0.73848414,0.048706673,0.12863229,0.69276446,0.39529398,0.20181502,0.3589113,0.3114508,0.08863562,0.33879337,0.13892469,0.5023836,0.13937265,0.51149607,0.1485992,0.1984972,0.113456406,0.19519624,0.0563685,0.21270616,0.44931638,0.2723109,0.7180321,0.12849337,0.1643208,0.08736318,0.29727972,0.45033175,0.17238024,0.5199958,0.4158128,0.026935266,0.84164524,0.2036967,0.037312046,0.23375668,0.742694,0.23966277,0.18527246,0.5297272,0.310603,0.26758125,0.33678895,0.28590366,0.2463243,0.35560703,0.086848944,0.79961073,0.23757094,0.066511646,0.2648895,0.061953764,0.20525993,0.6512703,0.26065278,0.4449602,0.889737,0.40576318,0.4260543,0.048384324,0.33237016,0.09182762,0.14371005,0.5563073,0.4550587,0.30997062,0.2167952,0.38082045,0.5480828,0.28918183,0.026351541,0.5045984,0.46179736,0.02281724,0.09523511,0.10620686,0.75971705,0.8162053,0.26255146,0.37068975,0.15899114,0.33551407,0.10339701,0.53523195,0.15763183,0.20238736,0.24420534,0.29680324,0.3483035,0.22330047,0.10618696,0.21675983,0.45734262,0.60068715,0.5392133,0.21232118,0.6152502,0.0,0.37509826,0.21841513,0.28125376,0.004194954,0.7878783,0.38575757,1.457936,1.0204026,0.3245815,0.087845884,0.18144852,0.07782081,0.040259086,0.22873428,0.50381887,0.16112226,0.8728738,0.24689253,0.7444341,0.28611296,0.36405015,0.33415973,0.21369183,0.83951616,0.3437363,0.6666847,0.6688368,0.4831492,0.21340889,0.033110883,0.36864325,0.6118901,0.50866127,0.30811927,0.22678503,0.5795945,0.10677363,0.37543955,0.5223092,0.26859617,0.40344125,1.036113,0.19197866,0.54279864,0.45023978,0.1718081,0.7606261,0.59567666,0.548426,0.7183794,0.44947007,0.17591855,0.9549506,0.90105784,0.30574894,0.5234765,0.635114,0.59834343,0.5106381,0.35762587,0.35429525,0.73813295,0.58988893,0.14595878,0.15017715,0.836228,0.20895997,0.21483481,0.31891918,0.10965355,0.1761997,0.88757896,0.2466845,0.08954124,0.31313086,0.0,0.47167933,0.276905,0.08390757,0.06864924,0.05359912,0.16585708,0.4890145,0.49014637,0.30412063,0.47809815,0.67274016,0.048604935,0.69944334,0.52794856,0.5739286,0.30246958,1.0527345,0.3091544,0.77708447,0.07288396,0.21483213,0.04728222,0.07415001,0.48106912,0.040684845,0.30371112,0.25490648,0.20805945,0.110811554,0.47133023,0.35772568,0.7492041,0.16370074,0.21302384,0.25623167,0.19537394,0.06057666,0.15959357,0.3485518,0.07244961,0.09194066,0.36040646,0.16245487,0.4480027,0.45773005,1.2874771,0.035642847,0.53226876,0.41516936,0.33600333,0.11071564,0.1448374,0.77984667,0.24682584,0.18847895,0.3049956,0.48814777,0.6463258,0.25643906,0.44713643,0.49462825,0.090267725,0.42495316,0.3465156,0.67901504,0.49662408,0.16045904,0.13416249,0.12155886,0.20687498,0.114442356,0.40711716,0.4979186,0.40854615,0.72849447,0.4674259,0.03916001,0.91195726,0.06440976,0.25579593,0.22738084,0.1041811,0.21273607,0.062798895,0.3775551,0.6200017,0.7242706,0.2630026,0.06220476,0.20185855,0.22443227,0.26237863,0.3006973,0.123398386,0.3489936,0.90646565,0.30862805,0.047336992,0.033353917,0.062457077,0.087741405,0.27764818,0.6606127,0.14369881,0.5988861,0.24011946,0.031746853,0.46966577,0.2472619,0.16970032,0.9720417,0.24745747,0.8205313,0.5249015,0.12149006,0.41326094,0.4454878,0.65549433,0.18200006,0.070078924,1.5975165,0.25665355,0.107967176,0.19792956,0.4579675,0.17511237,0.05812455,0.44401225,0.23618357,0.06560697,0.37067953,0.2370855,0.008942611,0.60664046,0.14906095,0.14697245,0.24890216,0.080251515,0.58006495,0.04681994,0.87124014,0.237578,0.29994792,0.4805675,0.54584575,0.09075926,0.22373784,0.7650449,0.31803077,0.027053246,0.2379672,0.06339703,1.2711909,0.3514471,0.10536303,0.05029665,0.32171464,1.087536,0.26033607,0.084450535,0.4636033,0.7224026,0.17808086,1.3310505,0.07445435,0.49162576,0.32793295,0.017993681,0.16275036,0.44601536,0.028071769,0.06567046,0.31139728,0.1401234,0.1464364,0.7565439,0.36114246,0.5120734,0.50165564,0.7760569,0.092176706,0.5999075,0.2700356,0.11034151,0.1530621,0.02504825,0.36867696,0.34489706,0.1925948,0.28458,0.24897236,0.4459439,0.22814088,0.19639812,0.15050225,0.055881068,0.34907502,1.0068909,0.8561269,0.12409542,0.24335806,0.8056738,0.36793828,0.7024896,0.09086426,0.024225716,0.3945455,0.31057262,0.2502881,0.21100156,0.5242078,0.0073541827,0.38529846,0.8064243,0.24461669,0.20328866,0.4423141,0.07324536,0.2106722,0.26015213,0.19660851,0.042641394,0.49531573,0.43488824,0.11577366,0.2489419,1.0997448,0.5389603,0.010299155,0.13216253,0.25787327,0.056571428,0.35712802,0.5372832,0.21119913,0.28290632,0.29271632,0.05623338,0.20046608,0.28897065,0.24825595,0.08813296,0.5790301,0.16177684,0.23764294,0.3105053,0.0997981,0.0749241,0.24486667,0.6208542,0.75843203,0.19283566,0.037980556,0.42944175,0.42127982,0.5941123,0.47680533,2.0856347,0.79655313,0.50260687,0.1541376,0.17732838,0.1889446,0.40159464,0.29783326,0.13998838,0.4551138,0.15126269,0.34529608,0.49534836,0.16319478,0.00433763,0.08355233,0.03218174,0.2938519,0.02492927,0.3938579,0.1874148,0.16085638,1.5167226,0.47020286,0.49564976,0.392234,0.2722428,0.4034417,0.2377437,0.21180233,0.42596924,0.5629171,0.057947934,0.15376046,0.7565172,0.82500696,0.34201655,0.6505197,0.7754371,0.64464355,0.38671222,0.13848402,0.17426075,0.009891314,0.73207164,0.37506378,0.329504,0.13852961,0.17213744,0.7681606,0.33186555,0.31051844,0.13980334,0.41591042,0.11567049,0.6926718,0.10686581,0.10282229,0.34269515,0.11712481,0.3245845,0.09162048,0.96074504,0.3668865,0.62591094,0.16827041,0.6030328,0.40306953,0.9547446,0.34383893,0.74549335,0.17801231,0.58218646,0.40516376,0.21543819,0.1263651,0.44758573,0.0009327779,0.0,0.20170781,0.060764827,0.22851314,0.12114677,0.24970293,0.1613602,0.1392503,0.20127018,0.17612772,0.57027143,0.13127437,0.6598024,0.40941867,0.14486375,0.26597103,0.07008843,0.14703457,0.16330585,0.04584038,0.4305243,0.5270618,0.2279965,0.077560216,0.21672478,0.31281945,0.23246667,0.18088229,0.45809028,0.008369425,0.08581258,0.1271458,1.1286871,0.19551143,0.067356154,0.9095897,0.16273046,0.090584226,0.30468926,0.9232037,0.0722086,0.0883708,0.1727044,1.0415978,0.6108229,0.34990492,0.3523631,0.17097928,0.3057523,0.30777508,0.24639831,0.41474634,1.2215593,0.2117235,0.2281976,0.10386737,0.16200209,1.7020146,0.17158853,0.21403733,0.812317,0.5112005,0.19097659,0.0015457328,0.13146639,0.18807709,0.005429272,0.9554973,0.56632835,0.54690677,0.039239176,0.33711264,0.15356734,0.13081913,0.26689604,0.36725405,0.2645818,0.63486904,0.103320226,0.7452785,0.57772076,0.22652686,0.5206114,0.30296147,0.73880994,0.07299928,0.6604408,0.08740257,0.13865988,0.9537708,0.4196534,0.54641235,0.0,0.60263336,0.5698956,0.7534785,0.35115805,0.547667,0.21956679,0.3360967,0.739262,0.14067481,0.45877102,0.08631596,0.021985436,0.31942052,0.25317937,0.17043848,0.3133366,0.23694025,0.22472021,0.2051045,0.036270335,0.34050524,0.4760824,0.6812452,0.9605861,0.48450717,0.18524432,0.027627803,0.6341014,0.47831702,0.14959359,0.28071138,0.19597942,0.938008,0.21051869,0.7036945,0.2961222,0.32906553,0.14619151,0.34887975,0.62792015,0.3842305,0.29569042,0.25364244,0.4240669,0.29810005,0.11920269,0.15579441,0.38458496,0.4811486,0.22807439,0.29476124,0.06327414,0.6503767,0.57203466,0.78641677,0.35067087,0.047047753,0.1584546,0.40372777,0.11980021,0.19120643,0.32004175,0.15042338,0.1509279,0.5138517,0.11080176,0.027886596,0.3487263,0.20146547,0.38709673,0.31149176,0.49188325,0.5111778,0.66362804,0.25595182,0.031392638,0.20167018,0.7185916,0.37418637,0.4740663,0.2998874,0.80651015,0.24560556,0.23021647,0.6051793,0.41622657,0.14979115,0.3456756,0.1020264,0.35031325,0.067539915,0.3755867,0.5120789,0.7710391,0.044296447,0.32798475,0.6782164,0.28884453,0.35797635,0.40192002,0.7188618,0.1526165,0.45756072,0.94724095,1.2865604,0.8003659,0.57528573,0.09855047,0.75759375,0.33494753,0.026187884,0.26767018,0.40237916,0.10255784,0.55271196,0.12177619,0.17236926,0.53565764,0.35779998,0.07382228,0.47261944,0.05928052,0.913689,0.23245373,0.5948541,0.2563283,0.6328501,0.27424276,0.007991197,0.15943384,0.43597838,0.607481,0.24373735,0.19683169,0.24660215,0.15168494,0.5011009,0.35889596,0.09393947,0.72339666,0.022658717,0.2527917,0.088211745,0.110919505,0.2980941,0.14399835,0.12436047,0.18769899,0.025144693,0.50706965,0.43238232,0.2475964,0.07473214,0.821978,0.16828758,0.5000468,0.49424398,0.668437,0.328548,0.08539403,0.46364164,0.32895085,0.7031204,0.05882377,0.2506107,0.113162,0.114709705,0.6263257,0.24215347,0.38928267,0.18848726,0.09264304,0.6719135,0.17457679,0.10321991,0.16372952,0.030168435,0.26541182,0.90859103,0.12582797,0.34923548,0.075844295,0.7371008,0.02451123,0.75502586,0.17794178,0.09744889,0.6451689,0.03487632,0.37903792,0.35551938,0.093363345,0.2313326,0.1002601,1.1339574,0.07692132,0.43087894,0.2609308,0.20317487,0.3069511,0.037013058,0.11023602,0.53982854,0.15693215,0.6292214,0.36595756,0.33453864,0.418819,0.56728953,1.1566496,0.5163126,0.11282879,0.52759975,0.060124077,0.2958343,0.044612586,0.2120571,0.22721627,0.044773992,0.08726345,0.23076382,0.39732593,0.05293787,0.12546316,1.0863086,0.093265325,0.082968354,0.23379242,0.38446093,0.23827496,0.51163924,0.03472155,0.053733423,0.30647555,0.32052925,0.34617126,0.12555937,0.198827,0.23368119,0.90980256,0.5970297,0.058905184,0.16644734,0.0802426,0.28752467,0.10609089,0.26561663,0.18113962,0.27827257,0.2992887,0.22488716,0.33445895,0.17088807,0.1483668,0.27311265,0.25404698,0.19293746,0.23691115,0.56451166,0.52943283,0.5383138,0.4613527,0.543213,0.13070647,0.0914655,0.50811005,0.18138865,0.471782,0.5998328,0.5641114,0.17874527,0.08569621,0.40042385,0.23109461,0.69324553,0.13123812,0.6785782,0.28000408,0.067622975,0.89976597,0.6312028,0.797757,0.4669941,0.290788,0.25842303,0.093343265,0.39201725,0.086774245,0.79261124,0.39157206,0.4430902,0.22138819,0.24551986,0.30345756,0.27424166,0.079221085,0.22306643,0.73360145,0.35733053,0.14345202,0.22837463,0.3687607,0.28650784,0.11914679,0.27029708,0.22111729,0.065846354,0.06023965,0.27530503,0.07972167,0.09134053,0.2573996,0.21883747,0.1222401,0.10262139,0.1507568,0.3116225,0.07372677,0.10369104,0.06305967,0.21902046,0.8100753,0.27684543,0.13415383,0.054737065,0.21153358,0.06293541,0.5488442,0.11809616,0.21301992,0.06430344,0.98554105,0.34289438,0.248969,0.31959033,0.2222493,0.0026921,0.11900328,0.4632477,0.304981,0.40208435,0.032950066,0.26103166,0.18238735,0.23474872,0.21987335,0.4201976,0.20206425,0.49966177,0.25901848,0.0968968,0.569304,0.09873634,0.28048193,0.002057894,0.64792633,0.22125795,0.14934751,0.28412205,0.50963104,0.53568643,0.20141882,0.15213165,0.020762455,0.031219183,0.8669144,0.051337354,0.0831268,0.062344473,0.01741866,0.30196732,0.119743064,0.13631082,0.20638406,0.27033758,0.11090064,0.31470814,0.8113463,0.077234946,0.12037937,0.5002711,0.77205336,0.11718686,0.38358352,0.16513546,0.18929742,0.0,0.029794473,0.20910886,0.12682107,0.8279674,0.52102447,0.2863964,0.14239347,0.45135885,0.28371638,0.24707295,0.010026955,0.27831978,0.28635675,0.75565624,0.6255839,0.6123375,0.02380712,0.14197621,0.060310405,0.06972739,0.40628755,0.38104084,0.9761002,0.17086414,0.16237707,0.011888689,0.387728,0.309163,0.6947127,0.3019117,0.2806722,0.11289445,0.43455595,0.5837426,0.2978561,0.21127442,0.10715419,0.7670853,0.08148408,0.31349337,0.2362321,0.405128,0.098507985,0.3108614,0.06417336,0.5786314,0.06956881,0.48370594,0.19029701,0.049220443,0.06323053,0.32079405,0.28048065,0.61211276,0.64230883,0.6131036,0.59472775,0.3938338,0.5958235,0.2962171,0.49901357,0.058318473,0.22020745,0.5378187,1.1193384,0.7195038,0.9237753,0.35599816,0.5078629,0.2165066,0.4944388,0.067192584,0.68338585,0.31806254,0.29112154,0.097920105,0.43111497,0.2157752,0.16652551,0.67887014,0.25522387,0.22257969,0.27584022,0.12652509,0.16207238,0.036922112,0.25231254,1.0676984,0.33126915,0.51631796,0.076403245,0.38376266,0.41110212,0.13919204,0.10293032,0.5271927,0.506104,0.73985964,0.122070335,0.11505329,0.115884356,0.67756355,0.15300599,0.11798161,0.13316008,1.407714,0.459419,0.08312294,0.004612857,0.19832622,0.39147285,0.09287728,0.15302841,0.15783301,0.2046708,0.47979075,0.038511705,0.49645862,0.44827926,0.42522484,0.103926286,0.24792749,0.334621,0.16893768,0.35518354,0.267244,0.1325692,0.11358124,0.28506035,0.16356492,0.029779414,0.32868326,0.05891653,0.88412607,0.18180232,0.38030255,0.2824477,0.30620188,0.040191915,0.26687586,0.018996574,0.33272043,0.7968184,0.26008788,0.6059489,0.23122199,0.4526114,0.08273545,0.34724027,0.7828797,0.011668045,0.27576393,0.3538195,0.33440468,0.4493078,0.01770533,0.5714685,0.31724685,0.42502177,0.09125231,0.04966534,0.6983408,0.1956549,0.0039431853,0.14227462,0.15698859,0.0156488,0.22728173,0.23682383,0.13942222,0.47823483,0.08053618,0.027104592,0.19468917,0.2989723,0.14899054,0.15422231,0.51729476,0.25352883,0.8572308,0.8582014,0.18042722,0.11046995,0.39503872,1.3268983,0.34735218,0.465081,0.5021834,0.046086475,0.45057106,0.58999777,0.3545943,0.47673878,0.4145738,0.23771894,0.3739131,0.30943176,0.1308609,0.54736996,0.24960837,0.51175916,0.34935287,0.39598516,0.48939955,0.25340748,0.23331833,0.37334272,0.0013751654,0.25307655,0.29544288,0.46751273,0.39374918,0.019019261,0.14777462,0.20932475,0.9796441,0.6336635,0.06679951,0.41194785,0.36618254,0.9261991,0.23176876,0.6129911,0.16390054,0.21840158,0.24863774,0.49191546,0.36425462,0.20575334,0.20543805,0.33514985,1.3624737,0.46259853,0.91821504,0.36735603,0.42440742,0.5556692,0.12161121,0.5879179,0.53166693,0.8939798,0.08033329,0.4034673,0.2677009,0.3885805,0.38466364,0.31808433,0.71556664,0.26319128,0.3869457,0.35765386,0.48899412,0.03884977,0.45256087,0.45209712,0.123606615,0.78874075,0.25389922,0.15386948,0.25270647,0.32147592,0.23136196,0.42126328,0.5891917,0.38083792,0.6143116,0.5198972,0.29595578,0.91358167,0.9865324,0.52206033,0.69396675,0.5014555,0.6994407,0.8477671,0.04359049,0.19740374,0.10456356,0.5526128,0.18988642,0.4697166,0.022983719,0.27971822,0.009316066,0.17232299,0.66157985,0.13777193,0.12813197,0.28701153,0.349016,0.29860812,0.6948472,0.2269691,0.31718305,0.013257235,0.27497834,0.40133083,0.75837326,0.087215364,0.15515092,0.18375966,0.2956956,0.44769326,0.19302627,0.109781995,0.8288993,0.253376,0.27264264,0.67556,1.2103591,0.12366686,0.7901076,0.5515909,0.7689074,0.05203844,0.8499328,0.09592497,0.24466671,0.06443652,0.025714021,0.11554445,0.24397218,1.4989209,0.766814,0.38112533,0.81146336,0.7368195,0.17315726,0.31685477,0.49775705,0.043438897,0.3383587,0.8666434,0.25962046,0.7257506,0.13459904,0.16829188,0.15676455,0.015236343,0.21227852,0.3513594,0.12602654,0.47719377,0.033967737,0.341726,0.685522,0.33417022,0.15036152,0.1003619,0.3926968,0.31320646,0.4896732,0.53263605,0.49865586,0.6404314,0.21103665,0.26961365,0.061225474,0.33592418,0.5624306,0.3596136,0.5101499,0.3943351,0.63229775,0.33846432,0.20667356,0.36652994,0.5168997,0.40412682,0.16641815,0.1980388,0.19191962,0.38552737,0.00016869348,0.9486713,0.38012743,0.54142624,0.36929452,0.2805374,0.02731339,0.37813357,0.032439508,0.59251666,0.10543122,0.9160913,0.0754448,0.3197149,0.22705369,0.39388078,0.037785254,0.73974586,0.49989462,0.32046446,0.6964194,0.30090937,0.59541774,0.08432919,0.021432385,0.25325292,0.22650084,0.1257526,0.15070997,0.29708612,0.23123561,0.029066663,0.112331554,0.7756591,0.40831912,0.16285664,0.18142083,0.08669484,0.02769798,0.17633294,0.081124656,0.07155158,0.12329836,0.0024442743,0.03511899,0.14546734,0.2860043,0.94298714,0.72564924,0.015328574,0.036761705,0.38777828,0.26640552,0.2242508,0.053698372,0.5341423,0.7287953,0.21468127,0.054820195,0.43807653,0.23234025,0.020820977,0.44566762,0.16121176,0.21182549,0.032306165,0.66157925,0.6338725,0.024247337,0.6279226,0.23049706,0.16892973,0.20616496,0.47325343,0.5532578,0.44616842,0.557068,0.06169032,0.5523393,0.4660843,0.2517671,0.34067875,0.27498266,0.57614934,0.68729466,0.26179463,0.35662574,0.15826601,0.08835897,0.094375655,0.32766157,0.22745466,0.24768388,0.23709692,0.35759518,0.24785164,0.35232985,0.7207079,0.00156831,0.25472176,0.8622867,0.30733448,0.3205347,0.1118781,0.15990241,0.24535675,0.40926212,0.3448546,0.24231699,0.2733806,0.8492516,0.91887105,0.43483955,0.2138391,0.16492878,0.20372012,0.08544965,0.2993525,0.4006228,0.7326741,0.42641973,0.06836477,0.7357508,0.049721397,0.12214607,0.7180233,0.47354603,0.13095787,0.8906367,0.63145924,0.8529421,0.8273928,0.008320118,0.6597795,0.16855155,0.14699224,0.024399629,0.014969113,0.63837916,0.24435481,1.4198201,0.06115278,0.1751892,0.16514163,0.3684724,0.19688109,0.4276904,0.6352882,0.50134027,0.18047321,0.6541085,0.22050776,1.1987522,0.3068742,0.07945523,0.16968974,0.15652597,0.18288471,0.1254957,0.025405407,0.18627176,0.35830885,0.21536556,0.07058921,0.44102764,0.54087126,0.59032637,0.24048811,0.1305329,0.8747814,0.7462791,0.3142887,0.116566464,0.22180176,0.2023589,0.5039439,0.08355712,1.0173672,0.26471093,0.6536118,0.25633115,0.5234659,0.069418766,0.47137058,0.25536662,0.0610234,0.031483695,0.5900136,0.39946836,0.8108227,0.99112105,0.4430709,0.17752096,0.14133252,0.5755167,0.47459897,0.24177253,0.22774547,0.58763987,0.20352474,0.53390086,0.8499271,0.43036297,0.328465,0.5683005,0.012929846,0.5629039,0.12658003,0.2347941,0.026063602,0.31399626,0.114949055,0.29817662,0.6131604,0.22853555,0.25067663,0.5679619,0.6418706,0.41190773,0.3731348,0.16734946,0.09837778,0.2512464,1.1664158,0.0010786691,0.09348583,0.5389637,0.7816503,0.11782293,0.22327876,0.7615832,0.22112116,0.45908225,0.2971595,0.14986351,0.58467686,0.7848224,0.38106146,0.062116712,0.051954392,0.23434766,0.3699128,0.068266794,0.1492799,0.28137356,0.6065378,0.044793457,0.63065875,0.09888016,0.025849823,0.28948027,0.22150706,0.025262192,0.3140301,0.1434479,0.48517072,0.39592642,0.2072697,0.37007588,0.2618063,0.36303285,0.13454415,0.026253112,0.5357569,0.047870703,0.6861579,0.5370577,0.52031314,0.09923829,0.27842173,0.88993704,0.05583087,0.541089,0.045193113,0.0904424,0.5776631,0.13448073,0.18131952,0.23330754,0.054162517,0.3866716,0.2610483,0.23468381,0.12785883,0.26212925,0.54492736,0.49205068,0.43415296,0.120928906,0.15017557,0.022410106,0.026965883,0.19313464,0.05209039,0.024224939,0.83669716,0.4729538,0.28144854,0.5005257,0.6546514,0.54466325,0.48135746,0.7226937,1.6845952,0.16509184,0.6992793,0.4860584,0.7800768,0.14505494,0.029910892,0.21081445,0.35018176,0.19068602,0.36170265,0.32717252,0.22937682,0.041146103,0.6430044,0.6065123,0.27015346,0.44125032,0.037759457,0.40517116,0.1897098,0.35590363,0.025739554,0.05159274,0.49034235,0.80325764,0.4327966,0.04072929,0.74141335,0.41270804,0.12358439,0.5533096,0.68655455,0.03827794,0.077597156,0.612514,0.5760125,0.23031995,0.42538446,0.22063714,0.0,0.13729489,0.0064641126,0.62995577,0.7102288,0.08377879,0.21371707,0.63177574,0.31696302,0.31445795,0.053852502,0.5452169,0.115027875,0.4008137,0.06677701,0.002937262,0.045223955,0.34102464,0.5020319,0.19471908,0.43341404,0.30510762,0.67537814,0.19606155,0.14484648,0.33670622,0.08702217,1.4790411,1.0265793,0.47012928,0.02345271,0.0691279,0.10192455,0.94281316,0.20432535,0.30300307,1.7663991,0.72433037,0.3072014,0.30649883,0.29513437,0.3636513,0.19884303,0.29553765,0.01119916,0.444726,0.14895427,0.3276332,0.37557274,2.0457358,0.66937804,0.573235,1.0584904,0.13366142,0.05008923,0.36045998,0.0,1.5668213,0.63750434,0.601589,1.6593416,1.127204,0.16067106,0.41771847,0.34921265,0.08682962,0.19577877,0.16437992,0.24726003,1.1759897,0.017601537,0.038447086,2.3743067,0.38171685,1.0830125,1.1721848,0.29204363,0.5011858,0.54437685,0.20641993,0.036100917,0.36897314,0.20116673,0.28216368,0.07491188,0.049724445,0.01922971,0.1254638,0.6754215,0.31729054,0.049710453,0.11100332,0.42926225,1.2895638,0.05863522,0.5600033,0.0,0.19659072,0.36708194,0.18338948,0.25137,1.161945,0.7052063,0.74701357,0.15811896,0.3964919,0.45918465,0.5523493,0.08250897,0.36244348,0.848372,0.04261718,0.17661455,0.08573718,0.010463275,0.31079653,0.1701718,0.17197043,0.065542504,1.1646874,0.9519896,0.6464093,1.5334383,0.3128271,0.55451083,0.8917737,0.11988468,1.1618245,0.17645964,0.33466756,0.2583715,0.081921116,0.10456009,0.5412815,0.7648269,0.6753949,0.260107,0.510225,0.08512362,0.4549889,0.4186908,1.9622582,0.7498257,0.42754656,0.21030535,0.068255216,0.3278324,0.96713793,0.32897723,0.22800258,0.12737016,0.53455186,0.41285554,0.6232801,0.54341793,0.7948464,0.14784247,0.15949431,0.56844157,0.51803076,0.13756731,0.52899146,0.12183127,0.63641036,0.86936665,0.3657751,0.45873195,1.3082871,0.05719585,0.6972428,0.0990617,0.06778,0.5860642,0.47612676,0.5416383,0.2546519,0.1727964,0.033259653,1.009364,0.5602516,1.499162,0.16625062
0.34968305,0.8038409,0.4198431,0.193026,0.371556,0.5248289,0.67246187,1.2759995,0.9673004,0.87740004,0.46749458,0.9028858,0.13850375,0.10086204,0.15715933,0.054541744,0.12152425,0.12106384,0.08763035,0.044571206,0.32031882,0.45992082,0.38354558,0.3152942,0.4572659,0.21909307,0.16631898,0.3602854,0.5041455,0.5867181,0.24825667,1.0276955,0.43630213,0.77380705,0.3625896,0.15181887,0.50091845,0.042891588,0.10637955,0.54321575,0.33289766,0.14662176,0.17480871,0.6497081,1.2459219,0.018805675,0.10249605,0.016566793,0.20212987,0.25208956,0.3420899,0.69556224,0.37155735,0.950592,0.39220768,0.052383553,0.4926488,0.11608367,0.67264134,0.28740364,0.5260028,0.39317137,0.27483457,0.43822646,0.6415167,0.5129385,1.2358022,0.037452154,0.53419197,0.25469312,0.15851605,0.08683385,0.14021896,0.45595804,0.43588656,0.32307202,0.17088774,0.56090343,0.0036152836,0.38516638,0.15907823,0.03160766,0.1232949,0.44741786,0.3809196,0.028735768,0.65283227,0.27187324,0.33350283,0.40056282,1.0557091,0.42172557,0.39804873,0.6009248,0.3333162,0.40019658,0.27283227,0.14118503,0.33518934,0.2862003,0.6469619,0.08009111,0.039405163,0.43188635,0.46923748,0.012103971,0.27636078,0.47203416,0.31595448,0.94797885,0.82929933,1.0114682,0.21794553,0.14938617,0.36619353,0.13493255,0.8664154,0.67606056,0.024352917,0.68182456,0.3664611,0.21298474,0.46194705,0.56989115,0.25685033,0.6250807,0.2562362,0.6551173,0.23892276,0.07407375,0.07998389,0.10851542,0.2142369,0.31594324,0.34232026,1.0497259,0.56055516,0.58196855,0.5486096,0.81538427,0.35839665,0.07219136,0.57114077,0.53200626,0.7220074,0.8932182,0.5471107,0.66323805,0.019418737,0.06425281,0.6569078,0.5060674,0.66913265,0.14368907,0.567717,0.73639286,0.2138192,0.24368644,0.2992618,0.49052435,0.16876912,0.52756536,0.09186068,0.0728042,0.48494008,0.49976972,0.19154683,0.33624673,0.2327373,0.05389966,0.19792502,0.2195063,0.5535821,0.580608,0.24723911,0.3298558,0.32139224,0.06709186,0.24686371,0.13495612,0.25290883,0.7826078,0.41533592,0.37072998,0.11956419,0.45621663,0.13152483,0.38168448,0.48440912,0.25134093,0.46129602,0.43425494,0.16376054,0.789515,0.14815502,0.15911624,0.16253753,0.72057325,0.332174,0.1871113,0.53450215,0.26261568,0.4298344,0.42248687,0.37968844,0.24364841,0.6285678,0.2705638,0.5094248,0.06589694,0.070977286,0.20656177,0.10267012,0.18659717,0.6278994,0.4301812,0.17392243,0.54867464,0.46614128,0.46561164,0.06639232,0.3873341,0.2775379,0.1594157,0.44511053,0.6482183,0.20335042,0.15047379,0.22170505,0.68444216,0.21141523,0.0628194,0.22154132,0.3539765,0.025020517,0.11368467,0.09687073,0.7325475,0.6751365,0.38304693,0.1237717,0.042412683,0.111761674,0.10016731,0.39029154,0.18595904,0.23808959,0.24758138,0.23276648,0.38880098,0.1020606,0.16970241,0.10530043,0.75732076,0.89796036,0.55334866,0.18917796,0.47918484,0.013226953,0.23462677,0.2515597,0.29343116,0.029957907,0.7347411,0.32981122,1.7506471,0.58315945,0.39645478,0.1760694,0.3751792,0.028716203,0.15469828,0.23138216,0.5682272,0.096557915,0.8618811,0.24113677,0.8172551,0.24697092,0.34907925,0.34204602,0.24911244,0.707299,0.4140084,0.96477234,0.71381044,0.44963178,0.21698672,0.050785884,0.47906017,0.7329149,0.46863395,0.2515902,0.20875464,0.5332866,0.12466662,0.6760067,0.66793346,0.24490163,0.47000343,0.81786704,0.50815976,0.31507802,0.43237627,0.3233622,0.6595813,0.4089999,0.45842284,0.59723645,0.6292938,0.35005578,0.89521015,0.42171043,0.35668343,0.77737904,0.8656728,0.5594144,0.4600881,0.7038609,0.3516374,0.75315434,0.84352374,0.2864515,0.032670595,0.5580799,0.2084635,0.1961517,0.16451634,0.20187446,0.28261495,0.49624705,0.34596217,0.28892252,0.1553319,0.077970855,0.504543,0.15917674,0.23305446,0.09084161,0.03393899,0.2565743,0.45828468,0.21537139,0.21109343,0.032242924,0.21073507,0.061546035,0.42655712,0.49806324,0.2370162,0.26333153,0.68277925,0.15359735,0.21736433,0.04916853,0.21101901,0.21727386,0.17773989,0.35854393,0.23905957,0.27283022,0.15593068,0.058924675,0.049229175,0.28752264,0.3016537,0.26181704,0.2123068,0.5338255,0.27869055,0.5863788,0.0,0.26409546,0.4308038,0.020145062,0.11113393,0.29297084,0.27423695,0.75544417,0.31026474,1.3171706,0.045575522,0.4069277,0.40546298,0.2693472,0.038003594,0.098483294,0.5087477,0.0795704,0.14399992,0.1348452,0.41688666,0.35814142,0.46512765,0.32398057,0.70765316,0.11536795,0.6782101,0.33541352,0.44798148,0.30739537,0.13712856,0.076814145,0.24478647,0.26921406,0.082114175,0.8080877,0.14624059,0.33567327,0.45688838,0.35196152,0.007004705,0.24808767,0.21569705,0.50155693,1.0005894,0.1673754,0.1347207,0.17120591,0.23164363,0.521371,1.0438681,0.4983008,0.159603,0.25585616,0.1089022,0.36213112,0.5191672,0.06173911,0.3614957,0.43539825,0.51195705,0.08643231,0.0071408567,0.14451364,0.13856366,0.25975025,0.44123542,0.1937533,0.40412533,0.43409932,0.16762719,1.4594676,0.4004757,0.06437802,0.9405538,0.3465025,0.27639818,0.6435284,0.25727594,0.38323623,0.2818265,0.3155164,0.13369736,0.5051477,0.9574753,0.061252534,0.08479555,0.18000057,0.30572623,0.3257659,0.033887222,0.45426857,0.43571362,0.10739188,0.19340205,0.30947173,0.042263545,0.21981303,0.2094912,0.31496137,0.12020446,0.17461982,0.8406353,0.032439444,0.42163467,0.1037899,0.49672306,0.89085495,0.4336096,0.20652485,0.18872002,0.3168047,0.43951312,0.20259702,0.9259853,0.13474911,0.55590045,0.09689185,0.064570166,0.07157132,0.24656701,0.11359855,0.27034608,0.21313208,0.17686275,0.90018266,0.13733238,1.5781734,0.14923027,0.5170852,0.446052,0.047277994,0.11523837,0.58356357,0.46822685,0.047297478,0.0784345,0.23250495,0.14031462,0.8414139,0.72610986,0.5538399,0.24868636,0.387702,0.13591853,0.22292398,0.21780613,0.18811205,0.51319575,0.016923865,0.19280285,0.5664531,0.23997831,0.5084141,0.24957797,0.42040348,0.2495553,0.410565,0.1489402,0.11081604,0.15419284,1.7785941,0.5663961,0.23063381,0.2640485,1.1190648,0.28762186,1.539393,0.055280793,0.12970306,0.6309783,0.1790639,0.20961085,0.11609154,0.4482675,0.2155649,0.27795777,0.80550814,0.24620199,0.40685093,0.71904194,0.16247797,0.12225157,0.35502362,0.2976396,0.11446361,0.7194507,0.3328233,0.29118675,0.58985454,0.2666784,0.39051634,0.10745208,0.28165984,0.4320286,0.2706357,0.4375802,0.3197358,0.09814801,0.3920508,0.44175538,0.13929278,0.41174042,0.08615258,0.21921876,0.13497913,0.41276878,0.26243693,0.4417479,0.885869,0.10334316,0.09571324,0.14749569,0.94093657,1.0837137,0.29692286,0.18246722,1.0646014,0.6547862,0.6429309,0.011490185,2.6080348,0.46729663,0.3802761,0.24512756,0.32168585,0.14874667,0.17956139,0.15144967,0.5142015,0.33291915,0.16063005,0.55018723,0.515716,0.19685315,0.071645655,0.141019,0.13188922,0.39567366,0.07944716,0.2786622,0.28272083,0.110862,0.83114386,1.3337402,0.30956817,0.6476127,0.36015627,0.406333,0.38663566,0.061277755,0.14588211,1.035825,0.0145721445,0.14919648,0.2713259,0.7223004,0.43548036,0.7338406,1.4283087,0.92141944,0.09631154,0.26484832,0.2736879,0.018291099,1.06482,0.35419965,0.19667242,0.28336996,0.15518118,0.7140343,0.3331316,0.32156268,0.28646457,0.24520053,0.108216375,0.49304837,0.07266038,0.39668834,0.49947837,0.5147015,0.14893651,0.45588374,0.9420787,0.7446192,0.34118697,0.1475589,1.026581,0.41408026,1.0817455,0.9865553,0.31654537,0.29030788,0.2993189,0.23454706,0.18084918,0.1062078,0.3002379,0.020806968,0.022056635,0.15335724,0.09984395,0.5154574,0.24613936,0.23206271,0.51485074,0.37210017,0.082957834,0.33143705,0.42085826,0.47744596,0.3362717,0.47473106,0.39393166,0.21644825,0.13243884,0.8793873,0.30510572,0.034757134,0.10729128,0.48609355,0.28607953,0.04662762,0.3395089,0.2781238,0.76879716,0.11101798,0.15946093,0.15529904,0.16967504,0.1560269,0.75137997,0.09181638,0.13337618,0.3558897,0.32823235,0.11719766,0.2559563,0.19466448,0.21100897,0.23346326,0.08508982,1.2032688,0.5206822,0.47850984,0.61438775,0.29659635,0.19283706,0.43377692,0.49218473,0.26441425,1.2373711,0.37640834,0.05006955,0.11008653,0.2314724,1.0202236,0.04192007,0.19395845,0.7122432,0.46287948,0.13170655,0.09887388,0.10633376,0.055294782,0.032063246,0.7795625,0.15625334,0.74981856,0.058400005,0.28372076,0.0555567,0.5233886,0.27531597,0.36595762,0.65400815,0.1948213,0.12940092,0.37780935,0.50311196,0.16860224,0.48185492,0.36264187,0.7644807,0.36263564,0.22757137,0.08538969,0.23658107,0.5772391,0.27262774,0.32055753,0.008430606,0.30275857,0.29549274,0.26894423,0.18952352,0.1598706,0.407093,0.3891667,0.9706031,0.19077675,0.42760795,0.24023554,0.10436773,0.4513279,0.24498476,0.18237008,0.11808422,0.3053916,0.37719858,0.27795827,0.1450083,0.4475844,0.7785026,0.6114309,0.5516182,0.48635367,0.054451194,0.025393818,0.40459275,0.32831335,0.51083016,0.2232708,0.40833715,0.7892281,0.41836154,1.0672683,0.2752731,0.26584706,0.4185343,0.16749576,0.63323337,0.33173516,0.20647404,0.10378571,0.7458758,0.6664407,0.2888103,0.11573712,0.30412248,0.31665686,0.1443222,0.1780433,0.6300007,0.65938056,0.3553565,0.2897692,0.52409315,0.29871535,0.25041294,0.18925527,0.17799714,0.3109364,0.13952819,0.123303466,0.09343576,0.42959478,0.09738299,0.4370804,0.35350665,0.31213897,0.15812296,0.33990255,0.65732133,0.23930955,0.77015376,0.29545847,0.1701443,0.35214967,0.54481834,0.4469887,0.28104585,0.119536266,0.6185062,0.4813847,0.52103996,0.13552126,0.43912297,0.32955313,0.37437746,0.35250598,0.44657108,0.18965852,0.11065048,0.2880733,0.89635634,0.049659543,0.4225282,0.8480927,0.40572733,0.2957675,0.60902464,0.6161209,0.17282236,0.68424344,0.59532654,1.0604665,1.0473856,0.6126323,0.32717675,0.8432561,0.18029715,0.009931768,0.3497232,0.21179906,0.15512463,0.63221294,0.49809426,0.041047648,1.058502,0.1142949,0.19884452,0.35178143,0.046338867,1.1229849,0.1412371,0.2612814,0.9719727,0.53234327,0.18871495,0.0348213,0.49518126,0.07057853,0.62018144,0.2101356,0.37663275,0.16364199,0.1683031,0.5097368,0.0706178,0.41873688,0.70774484,0.27690327,0.21533944,0.2665133,0.25824296,0.29345983,0.08952526,0.20212719,0.26710284,0.31135938,0.80004853,0.37573892,0.15927027,0.28525123,1.0954663,0.021683276,0.34028792,0.31979448,0.7520585,0.27652535,0.03791291,0.41197965,0.40691426,0.9732541,0.30454338,0.38754073,0.27514195,0.19684431,0.45054284,0.29578382,0.33585167,0.073905446,0.14162312,0.8468579,0.3970713,0.33747894,0.32383353,0.07687135,0.24082965,0.7969512,0.26627457,0.36026204,0.049770154,0.3282405,0.0047414014,0.29414433,0.5676947,0.09746598,0.9932532,0.016953962,0.23185253,0.26804942,0.14444777,0.18091777,0.1463868,0.7069166,0.28664327,0.2861539,0.33129895,0.18253982,0.28682834,0.21877372,0.30869812,0.21970005,0.01973306,1.817987,0.42068288,0.51035464,0.3816066,0.5157008,0.79795134,0.13115352,0.31340232,0.5103456,0.12878233,0.5190038,0.053158693,0.40252528,0.3853793,0.13735518,0.29494315,0.13659403,0.44761792,0.15688133,0.22531605,1.3591734,0.029013308,0.25391042,0.22907357,0.6839389,0.24385035,0.5727427,0.25140205,0.1538752,0.35358453,0.21896951,0.578143,0.7468823,0.16273299,0.25896177,0.9915644,0.8987896,0.17530757,0.4297995,0.2991907,0.5226866,0.2972932,0.18018311,0.27506748,0.26018402,0.269392,0.26992336,0.5037481,0.45924395,0.1605835,0.51994455,0.3378321,0.23017997,0.5065637,0.24842796,0.7636999,0.11269438,0.6172484,0.1004941,0.1881913,0.25357595,0.2970075,0.39486843,0.3874659,0.3590445,0.5730668,0.26120758,0.17215526,0.28975877,0.1256177,0.7864844,0.105467595,0.59369755,0.27633655,0.15150297,0.26313373,0.3034655,0.4683413,0.61413777,0.49671486,0.119241536,0.36289614,0.14708863,0.07594181,0.36927125,0.017324844,0.33555427,0.29282233,0.5761069,0.16151373,0.63764226,0.18917157,0.36137074,0.39140892,0.13298231,0.2864465,0.27214807,0.4785048,0.15752083,0.10657858,0.23540685,0.48349833,0.062410817,0.362866,0.30833876,0.07965405,0.037704434,0.27811235,0.16549316,0.3852048,0.10349978,0.2136441,0.2855786,0.12989931,0.23609936,0.2875821,0.18968512,0.7840035,0.28475648,0.21088064,0.16327864,0.021637999,0.04669281,0.84481955,0.10479097,0.14859925,0.14496851,0.71884,0.35012645,0.0006133983,0.2519145,0.3275901,0.19909021,0.2104919,0.4753916,0.2634977,0.30185476,0.014003217,0.29106972,0.17686825,0.23363274,0.6174927,0.61778045,0.50314003,0.87657946,0.42096204,0.26864547,0.6753408,0.15279636,0.17283668,0.0078716595,1.2272012,0.2395235,0.3844207,0.55016613,0.16283908,0.6739185,0.26117325,0.05819998,0.0019721556,0.037151974,0.7223589,0.019404722,0.078886285,0.094805524,0.051974297,0.43362564,0.18006639,0.38698345,0.030898543,0.5871537,0.2148907,0.29470015,0.2375322,0.1725817,0.8634604,0.7096876,0.51776385,0.16262239,1.2392185,0.029004598,0.107638344,0.0095069,0.5738334,0.38691324,0.12866522,0.98920065,0.28797817,0.91443574,0.1577081,0.28387028,0.44499844,0.14904726,0.13832825,0.0814841,0.7399885,0.4780786,0.37346983,0.17340682,0.40654767,0.31784487,0.024305258,0.026560523,0.13692373,0.40422127,0.7371857,0.52084136,0.1802277,0.027253686,0.12534471,0.58468544,0.6924224,0.16866815,0.102472395,0.45936027,0.25837654,0.9794879,0.07877375,0.14904252,0.36729527,0.4676425,0.00238687,0.44102794,0.25679258,0.2672807,0.19076763,0.45457166,0.38421625,0.6618507,0.002866488,0.4332478,0.170452,0.19250795,0.116230145,0.1541286,0.16573797,0.87714875,0.43716758,0.24850631,0.36377248,0.40266347,0.6573434,0.24059245,0.1502879,0.060143232,0.2346286,0.44923103,1.8745759,0.49061552,0.24382748,0.5322467,0.5403865,0.54220754,0.327254,0.049544774,0.80282015,0.623304,0.08906393,0.03822849,0.3043636,0.16944122,0.0035035429,0.36610526,0.249769,0.26980996,0.18721355,0.066235706,0.042321064,0.013850784,0.42037165,0.78779143,1.1689568,1.4713802,0.31798232,0.42482066,0.62637913,0.28016528,0.21561542,1.031065,1.3247256,1.3720769,0.06601527,0.095089406,0.33290032,0.16615608,0.18265477,0.38509357,0.80052567,1.1877136,0.27381968,0.24830501,0.020063415,0.06020275,0.36728096,0.15749146,0.10695396,0.22033928,0.11295454,0.43656844,0.08372028,0.49610847,0.21855128,0.70557725,0.17925644,0.8247365,0.20481558,0.61658597,0.54676676,0.36053976,0.4243244,0.32140854,0.106291056,0.067710385,0.016455732,0.41739923,0.105119504,0.50359994,0.30506703,0.24007007,0.22823045,0.24856107,0.26053172,0.123814054,0.02790437,0.18523932,0.861395,0.4358474,0.27827922,0.22921538,0.3283718,0.047094464,0.17687242,1.0737255,0.009695607,0.6306037,0.2718395,0.13683623,0.23506944,0.06135138,0.7072016,0.23733914,0.42130107,0.011365562,0.1378575,0.84654754,0.39432085,0.0051659597,0.15577804,0.07593934,0.019279726,0.023605932,0.39489466,0.9476254,0.71460396,0.16473468,0.206075,0.48738834,0.31382838,0.040497143,0.320426,0.6491111,0.41233122,1.2315305,0.5712926,0.0020413015,0.2184999,0.6738864,1.4236909,0.041891962,0.59594953,1.1283755,0.4642467,0.3482498,0.43023548,0.53837746,0.2892899,1.4336511,0.10886397,0.38240334,0.11506377,0.17163931,0.25446826,0.3152089,0.98710525,0.840574,0.4171874,0.54028094,0.14124556,0.34159693,0.48198304,0.08341129,0.45767543,0.37949678,0.49392173,0.162233,0.026915284,0.10151758,0.015178766,0.9042479,0.8534771,0.04769434,0.20070699,0.13317008,0.98531973,0.32828274,0.6120616,0.36421347,0.4215984,0.15963295,0.432511,0.39398664,0.4812549,0.2588309,0.5188577,0.81263787,0.57207066,1.1847975,0.50247985,0.8568319,0.32587448,0.22528069,0.77902555,0.95154756,0.7818029,0.039146103,0.33468413,0.11187683,0.4515389,0.44925618,0.2778445,0.5560128,0.331929,0.47943127,0.23028338,0.6145258,0.32657757,0.71553445,0.70335406,0.20621105,0.63236916,0.49460042,0.20018159,0.08817503,0.32429993,0.17730716,0.9107943,0.51840264,0.6055499,0.120769694,0.35093105,0.09513959,1.2165897,0.53321254,0.26427135,0.7045119,1.2067481,0.91564876,0.82892114,0.15979311,0.08565818,0.32134396,0.06552379,0.43158567,0.050081164,0.053116474,0.6637491,0.073157415,0.07974834,0.36499244,0.26460612,0.115955606,0.24377468,1.1660157,0.40605325,0.67939943,0.12746675,0.47579136,0.01086885,0.26077962,0.084649876,0.611201,0.7527102,0.112281665,0.50507903,0.5533395,0.54723597,0.10264303,0.19458774,1.4131145,0.32866412,0.48443115,0.4642599,1.5965067,0.12374426,0.56257427,0.5298351,0.6748629,0.029502746,0.9076369,0.12370785,0.4643256,0.054475907,0.041411225,0.58943254,0.09333916,1.1197749,0.5485594,0.10549731,1.1855417,0.39009142,0.106790565,0.28981364,0.7784864,0.012653988,0.44047987,0.24405232,0.40778583,0.58645993,0.086245716,0.08148329,0.05761736,0.27829406,0.48892233,0.37455252,0.09154092,0.94205487,0.010947142,0.23939449,0.63610804,0.390626,0.38737813,0.13301112,1.0214281,0.040423118,0.30249232,0.03872758,0.44877377,0.64921516,0.08755256,0.17414322,0.047509916,0.57680017,0.6337466,0.74407125,0.44522193,0.5865207,0.62544423,0.20355338,0.14350185,0.29594728,0.23216197,0.36051023,0.13724445,0.015766501,0.6036588,0.42865565,0.012320985,0.78097874,0.28800118,0.01563003,0.9146314,0.56048787,0.024002546,0.4786945,0.0,0.87009394,0.25491124,0.70530045,0.21611074,0.056829877,0.661262,0.49842137,0.28003365,0.45910567,0.44501397,0.19698514,0.51631224,0.23271513,0.9514134,0.15279213,0.37970877,0.34669098,0.47770315,0.080924764,0.4386279,0.2550301,0.10661788,0.019669794,0.22716667,0.50325274,0.23605368,0.52745557,0.17095795,0.5374272,0.2128062,0.42673284,0.011314245,0.08562541,0.5620919,0.09139353,0.040533148,0.20850167,0.10665341,0.4679957,1.0670269,0.0041884608,0.07464254,0.19733092,0.24386811,0.21068628,0.09276204,0.53254473,1.3609021,0.20155565,0.05206123,0.24241473,0.27132154,0.004547271,0.41244787,0.64270157,0.24089628,0.04517702,0.8873417,1.5462102,0.016855646,0.57077944,0.41426712,0.16055603,0.6381428,0.73583096,0.19183734,0.2600782,1.1099612,0.22447114,0.75128883,0.2883144,0.17949145,0.43473625,0.5334774,0.9637983,0.6366925,0.3082927,0.22256301,0.056433428,0.12061493,0.06817803,0.2964328,0.72093153,0.18768516,0.10117702,0.6493529,0.35768893,0.1328294,0.6125258,0.1606821,0.197265,0.7022977,0.44638342,0.43160182,0.059165362,0.138048,0.25453755,0.44256902,0.7994166,0.52078605,0.2629248,0.8818614,0.8839897,0.5616113,0.39826274,0.18619746,0.32054555,0.012016683,0.8270905,0.5788902,0.86680233,0.16443115,0.23236208,1.4092731,0.79120785,0.33369678,0.79686356,0.19209595,0.3950352,1.07896,0.38587826,0.97578466,0.8659178,0.13413376,0.9456792,0.3615519,0.43295017,0.0018274091,0.113347545,0.854055,0.06652287,1.2891893,0.06431416,0.27602354,0.0912499,0.10615668,0.42862803,0.6554792,0.4492977,0.928763,0.15544263,0.40377906,0.10898869,0.9382963,0.13629656,0.23024957,0.4265597,0.20733374,0.11175564,0.31819698,0.03130101,0.25897428,0.40931943,0.26918656,0.11307274,0.4603278,0.56115896,0.5462738,0.15650778,0.42582273,1.4360058,1.1869222,0.37761158,0.2586013,0.3398826,0.036406502,0.06370655,0.37413824,1.046537,0.5501013,0.8800398,0.5031929,0.34149188,0.37998006,0.13301714,0.46073157,0.12522295,0.0480711,0.6065774,0.21225075,0.7927561,0.68745935,0.63695097,0.44595727,0.31916988,0.40520927,0.6412974,0.052234054,0.2918315,0.3146504,0.2555158,0.36734998,0.80153185,1.0001771,0.2694101,0.46897355,0.15709276,0.20646344,0.21540809,0.11202395,0.02624134,0.59702575,0.0648486,0.63951993,0.7665421,0.27000296,0.8447447,0.9217009,1.2506996,0.24181163,0.12953988,0.36025184,0.09604262,0.10266286,1.2299579,0.010655556,0.43472442,0.2540784,0.4672578,0.018992309,0.13490535,0.8618001,0.04625816,0.9084263,0.60527015,0.24643299,1.1188416,0.8888918,0.33377087,0.16595733,0.08603017,0.21268833,0.71780837,0.37114987,0.28167745,0.52727437,0.4785559,0.10252856,1.4527464,0.051427394,0.046888284,0.06457721,0.12687287,0.59595644,0.6298259,0.01570699,0.12600687,0.20787744,0.07893498,0.49059653,0.13543794,1.0688783,0.09088355,0.19247836,0.85954773,0.15041117,0.7322953,0.83198434,0.33427456,0.07536939,0.14897613,0.4276421,0.017964546,0.60291195,0.15310432,0.23913912,0.7671019,0.069687836,0.31016284,0.18735382,0.03928955,0.71511716,0.14455289,0.6697308,0.36727512,0.2344175,0.3746065,0.79989123,0.65238214,0.5921881,0.17987594,0.090497725,0.05932682,0.30553192,0.010758864,0.008084272,0.14089112,0.43425637,1.0181993,1.0070266,1.1600447,0.8705604,0.49639252,1.2843424,1.3198229,0.06097936,1.0688169,0.3413164,0.9075748,0.13065746,0.06276403,0.28730804,0.3729361,0.21569368,0.13901739,0.20018359,0.07495928,0.0028893913,0.53395045,0.5035631,0.35398382,1.3343933,0.036081143,0.3276555,0.15944627,0.9235463,0.3389827,0.105372116,0.35372436,1.009039,0.4275729,0.042288557,0.8238409,0.35029125,0.11729174,0.27738518,0.58393335,0.17351711,0.20463414,0.42130572,0.58461666,0.15411243,0.45246473,0.1605821,0.010502906,0.012133051,0.23458594,1.0546516,1.2910166,0.040784467,0.3779637,0.40325385,0.20220979,0.26875943,0.010483319,0.21723102,0.16883066,0.89290255,0.17834908,0.026898406,0.012093056,0.6669215,0.7060392,0.2233435,0.47100455,0.35784173,1.5124121,0.056889467,0.12694001,0.057707332,0.17099178,1.8317822,0.3085783,0.5192001,0.005360103,0.21174058,0.100415364,1.1408923,0.096979156,0.6407766,1.1440887,0.8289612,0.64242095,0.023668414,0.6696657,0.41707692,0.018495958,0.6385126,0.028824085,0.028977104,0.22900479,0.33872837,0.2533418,2.6152978,0.14114748,0.6518311,0.91194755,0.6647362,0.0393508,0.4951427,0.011700521,1.4621458,0.5486475,0.63911015,0.69395816,1.037072,0.3860187,0.1719551,0.38583267,0.06451534,0.080762915,0.24117742,0.0009207411,1.6202306,0.07210641,0.07008207,2.5330372,0.47462156,1.5836082,0.94555104,0.14867154,0.23222706,0.5937302,0.2146337,0.0,0.38014844,0.20139644,0.228271,0.039277107,0.2883554,0.014025723,0.14104013,0.2396346,0.46339196,0.36768043,0.12318587,0.6865276,0.7418736,0.111399315,0.3857676,0.0,0.8834524,0.738003,0.10704675,0.14287215,0.6615658,0.5953677,0.5805981,0.031836014,0.20851512,0.31415606,0.4656494,0.1417487,0.5072567,0.42332608,0.06493442,0.11319649,0.13391419,0.005817926,0.22462267,0.3001258,0.15632498,0.07682023,0.8838717,0.5837322,0.59245896,0.9673157,0.4502556,0.459116,0.7692037,0.064807,0.77447885,0.20267719,0.30228564,0.27543604,0.08389245,0.1999917,0.6887447,0.35319474,1.2040157,0.051545285,0.45722717,0.7664334,0.18611172,0.24463063,1.7472069,0.45190716,0.2798429,0.19374156,0.084904104,0.3575081,0.49733323,0.46014512,0.26911566,0.4155668,0.56884074,0.30980536,0.4648109,0.7248493,1.0142155,0.17096359,0.38471788,0.27775925,0.39261404,0.092041105,0.06046319,0.07342249,0.6892991,0.8261976,0.53522563,0.74023676,0.75015366,0.09817089,0.7700124,0.12542911,0.09888705,0.26675183,0.52571666,0.7372347,0.13446593,0.11114613,0.01602469,0.74800783,0.4254188,1.1393422,0.2769556
0.55237186,0.78066623,0.6885941,0.09531453,0.4156765,0.6544492,0.8964621,1.2888416,0.65940106,0.77175254,0.40429607,0.87751484,0.38556564,0.27855498,0.117329285,0.04475123,0.24665302,0.25746614,0.08089511,0.09442446,0.5853559,0.49483624,0.37147987,0.77299505,0.91701233,0.29973644,0.0453568,0.5946971,0.25431326,1.0330865,0.32935306,0.7780356,0.58285236,0.93116593,0.28910962,0.16374673,0.37946692,0.045353547,0.3753508,0.5715934,0.51891625,0.24841845,0.14690755,0.991368,1.0284637,0.019164056,0.11661875,0.026951138,0.26374876,0.20422405,0.21281956,0.17017597,0.5435085,1.3636743,0.33781207,0.20123813,0.8520683,0.14611398,0.53159213,0.3210866,0.31403688,0.24682942,0.34514797,0.51242447,0.57263464,0.41648242,0.7658769,0.24100518,0.76697457,0.33221626,0.27385366,0.028917655,0.12285294,0.89085525,0.4487377,0.24662293,0.60878885,0.38223714,0.03905156,0.11343091,0.11623293,0.19686307,0.21129535,0.38483226,0.42044148,0.09068519,0.41799188,0.53072643,0.18847726,0.56509924,1.2562473,0.4437429,0.33653313,0.7404659,0.4793794,0.09005132,0.12686016,0.24940999,0.5094954,0.48436567,0.5873958,0.123116754,0.021552257,0.37210262,0.38882804,0.16699457,0.3656649,0.6194662,0.31782925,0.8752214,1.3343184,0.7642443,0.538607,0.13461956,0.37445182,0.106353976,0.1719105,0.64903665,0.020656403,0.90582025,0.59206665,0.15588813,0.7935318,0.3031823,0.34420043,0.6548455,0.1318122,0.44036427,0.44807577,0.14259309,0.22073758,0.054655563,0.4408973,0.7227092,0.25961137,1.1979258,0.5637258,0.87515604,0.6542864,0.4877404,0.74391305,0.072465904,0.41403013,0.65898854,0.5130719,0.85795164,1.1298246,0.9773115,0.078743644,0.11447886,0.76472974,0.9679847,0.59148246,0.22946826,0.73537475,1.1394864,0.7006371,0.10508719,0.5600625,0.24788447,0.33023742,0.46558857,0.35299137,0.15515515,0.43428943,0.25903252,0.149877,0.33508825,0.50338256,0.19351171,0.16542268,0.384036,0.2900918,0.20603818,0.4253306,0.4708666,0.156767,0.029984869,0.4651851,0.5330916,0.28422603,0.5272413,0.32549226,0.6892861,0.09304428,0.4029628,0.0923203,0.4170139,0.7535149,0.3212613,0.46397775,0.681741,0.23194778,0.8785162,0.08241214,0.42161274,0.21788336,0.8299356,0.16295996,0.462345,0.5571641,0.17069557,0.48935384,0.93052065,0.36879742,0.28147137,0.62103885,0.15434524,0.43880513,0.24811947,0.03304494,0.53841823,0.18091966,0.06450693,0.74601555,1.0252756,0.31078142,1.1098868,0.4444914,0.4076355,0.06383479,0.3467371,0.101645164,0.25967255,0.80860156,0.53039175,0.15159164,0.168796,0.2192381,0.6731469,0.22419758,0.13381088,0.41698363,0.18539387,0.0373307,0.096614674,0.044996284,0.94516706,0.71850497,0.6418328,0.19834016,0.084365316,0.21828853,0.23963498,0.22866124,0.19090144,0.4116822,0.4593814,0.13032663,0.23711559,0.1720965,0.20388809,0.13642162,0.59886694,0.6264814,0.56907916,0.2910559,0.53818005,0.029869158,0.2832994,0.27083874,0.23828559,0.0024088006,0.76195216,0.61223626,2.1545944,1.0704854,0.49156058,0.17598471,0.3750733,0.056950852,0.1590712,0.10509506,0.5469539,0.053347737,0.78406274,0.6343802,1.1895006,0.3111241,0.23403388,0.43406332,0.3195393,0.9866881,0.3484829,0.4208655,0.32745412,0.4552396,0.09842194,0.10198538,0.5412614,0.6170289,0.786471,0.17679837,0.24760652,0.7639381,0.2892656,0.59103096,0.58775175,0.2117537,0.4200026,1.2302277,0.56214756,0.30052313,0.6415945,0.1561294,0.5961516,0.38557535,0.54853404,0.9043073,0.48348075,0.1068708,0.57713604,0.7517424,0.24933332,0.82726246,1.165595,1.0667608,0.26040512,0.7771458,0.19182718,0.64680356,1.088173,0.12369154,0.23050106,1.096305,0.22995904,0.058543265,0.12398085,0.102031894,0.9304441,0.7701873,0.4051695,0.14575475,0.17175412,0.28913376,0.07696026,0.152145,0.17923227,0.43006366,0.68439376,0.240619,0.61496854,0.4444797,0.79268,0.20554554,0.53044903,0.14740655,0.73328876,0.42769575,0.8007039,0.041824993,0.4411972,0.5603096,0.17695716,0.0801614,0.39858866,0.85112095,0.31412753,0.20256507,0.20632315,0.19181795,0.12736756,0.25642878,0.020891868,0.6577059,0.27472958,0.5153193,0.4006458,0.46385795,0.4079008,0.5307715,0.16907899,0.5122436,0.43021578,0.34596816,0.12343801,0.7954185,0.53210026,0.59132916,0.6047172,1.037782,0.04277403,0.81683564,0.27051574,0.5616822,0.015313568,0.20629176,0.5255356,0.27864715,0.007372367,0.24336371,0.32804805,0.3341212,0.18492383,0.6685242,0.6071004,0.693851,0.6254132,0.46425143,0.38234586,0.62970364,0.17509909,0.22357929,0.04951964,0.5665868,0.26879916,0.19418594,0.4763596,0.6955978,0.4719323,0.35618412,0.18917668,0.2655099,0.21830955,0.14143848,0.6518165,0.12473334,0.2924535,0.14741327,0.3575516,0.8341936,0.6355242,0.3547669,0.29969424,0.8027687,0.43871278,0.22811496,0.23292798,0.13076122,0.61923677,0.2214452,0.5114615,0.22641397,0.012117535,0.34071162,0.4417857,0.23712832,0.6218763,0.21398407,0.8775525,0.545339,0.26473895,0.52207917,0.53367245,0.25462922,1.128598,0.41491833,0.5117279,0.37474474,0.08521103,0.36371922,0.12686315,0.18511254,0.15750338,0.20972359,1.073395,0.036690123,0.061622757,0.25315112,0.6548291,0.4106409,0.19800675,0.27388632,0.27388045,0.02871443,0.11491363,0.7086404,0.05227291,0.40843767,0.62899935,0.49958503,0.46491113,0.25979578,1.2063369,0.0134625845,0.3560373,0.15645404,0.13916098,0.42558298,0.37763733,0.122915655,0.65469325,0.4199832,0.6772456,0.036722675,0.27353352,0.0979058,1.2913332,0.20385253,0.07843007,0.27482188,0.18545227,0.4708045,0.085739255,0.29979324,0.6317779,0.58355427,0.28034228,1.3266852,0.4055124,0.7967783,0.34581676,0.13550054,0.23362146,0.44631884,0.6451792,0.076442435,0.015173623,0.34427887,0.22364378,0.8683193,0.5878946,0.43269143,0.40660048,0.48776117,0.60304487,0.6712581,0.3981683,0.4900983,0.51508313,0.11536423,0.3355059,0.62978387,0.2712133,0.68980545,0.267492,0.5849315,0.56576073,0.28806648,0.044274554,0.4549901,0.47574246,1.3033633,0.39999792,0.20267703,0.55020607,1.6744797,0.6231995,0.70541465,0.10894417,0.28757054,0.41144744,0.4996954,0.37381712,0.3437381,0.28587765,0.17550671,0.21200094,0.7301121,0.3245142,0.7740588,0.4211118,0.12543154,0.20550472,0.39186418,0.49772492,0.52319825,0.15566769,0.48193085,0.50569946,0.18304043,0.53531945,1.3510934,0.15799814,0.27877927,0.20714656,0.18401566,0.5554363,0.5091618,0.19262806,0.4345772,0.16931196,0.14476022,0.23659986,0.056461357,0.40801468,0.4697344,0.61840224,0.35520667,0.5278773,0.3000555,0.1251691,0.25567937,0.24826123,0.7178894,0.47710833,0.1546962,0.29904157,0.49247086,0.2355122,0.280765,0.092903554,1.9816511,0.7286329,0.24301806,0.272164,0.44936907,0.091026895,0.5572177,0.20631504,0.33790705,0.4244904,0.04637813,0.8227194,0.74501806,0.3864293,0.08783559,0.5140228,0.7794896,0.4906727,0.10701184,0.5714847,0.7774796,0.34254843,0.6771164,1.8942128,0.35209996,0.19651629,0.21800843,0.23330563,0.2042834,0.15483908,0.015767965,0.6860518,0.16189232,0.22594781,0.4354112,0.43789843,0.23713586,0.4939885,0.5048302,0.62812907,0.22220203,0.04666761,0.20071921,0.11622849,1.0088204,0.35784328,0.22797416,0.20345731,0.45500886,0.8114897,0.2770084,0.5581167,0.18481041,0.11577812,0.034648016,0.6802982,0.1301668,0.1333057,0.24201143,0.5251548,0.21864983,0.05035061,0.60017455,1.0666702,0.25783843,0.26759854,0.5658154,0.46225724,0.21833014,0.31394047,0.19176123,0.5516718,0.46702522,0.1747809,0.17916349,0.2901686,0.45068634,0.0056865187,0.50131524,0.1966342,0.22852552,0.18475723,0.4269887,0.19536707,0.1610554,0.30853266,0.57607013,0.28663424,1.1038634,0.62000746,0.6396216,0.46133184,0.23429349,0.56973624,0.1277392,0.21484691,0.2665343,0.039596,0.22443792,0.27875936,0.17160082,0.48670506,0.2448688,0.33364117,1.1283681,0.2947877,0.48701572,0.40067017,0.3229476,0.546339,0.6169505,0.09242224,0.36130267,0.3027137,0.35478628,0.27074713,0.44259167,0.4870344,0.13416368,0.32249397,0.5175946,0.9623792,0.47224718,0.7103355,0.5511399,0.62340194,0.08553119,0.19853164,0.612538,0.39157045,0.7460476,0.15627718,0.27485973,0.3051671,0.14919439,1.073832,0.12492263,0.12636554,0.7003639,0.44323707,0.54977626,0.03011597,0.22587532,0.1938448,0.09033242,0.7566496,0.26154006,0.44905245,0.08283073,0.7031086,0.2546604,0.3970171,0.5184375,0.16982472,0.11184143,0.42197996,0.45440316,0.98881537,0.3037595,0.11747931,0.22488421,0.240267,0.49680325,0.4525659,0.37452143,0.5348565,0.17606743,0.7979981,1.0458511,0.09010149,0.06530747,0.16721138,0.015117646,0.09503497,0.11734471,0.54167557,0.45250142,0.3639668,1.0552582,0.51811564,0.5247392,0.4734553,0.23848581,0.20092145,0.23535368,0.28987044,0.32022974,0.59315944,0.4788525,0.7054086,0.31810367,0.26168954,0.4893661,0.49076617,0.5677364,0.4770981,0.15353501,0.103482954,0.55588126,0.9035076,0.34742612,0.2513879,0.52913743,1.0685232,0.09353132,0.53810763,1.1531447,0.42615682,0.11498803,0.27564466,0.37243882,0.12747619,0.72244555,0.31106877,0.2688827,0.317352,0.5100906,0.30477127,0.33930242,0.20805138,0.14330116,0.21435103,0.33944702,0.37113598,0.62329346,0.28331518,0.38659042,0.42628497,0.07844074,0.17828768,0.14418826,0.21082148,0.094041005,0.29841053,0.21666163,0.5132557,0.19508362,0.20067191,0.76305693,0.32608762,0.16662787,0.32846382,0.5053749,0.3297745,0.7384008,0.29498854,0.16682932,0.21486914,0.2860836,0.16009334,0.9187379,0.09351915,0.75764513,0.49552077,0.6233487,0.45550448,0.33571833,0.23945582,0.19309135,0.552529,0.13638376,0.118231975,0.19734244,0.44982252,0.5585269,0.26981843,0.26040787,0.5334574,0.5431188,0.50419545,0.503863,0.75923294,0.2187922,0.845229,0.79680973,0.9252089,0.5507898,0.49442112,0.112345986,0.46562916,0.3583685,0.1355887,0.8519607,0.469894,0.13965479,0.8272172,0.11339975,0.07090966,0.5830305,0.19819692,0.28395772,1.2407753,0.26503873,0.8065635,0.45362714,0.4204653,0.51687634,0.44441494,0.6081739,0.18096724,0.44618037,0.39204165,0.22448865,0.4926893,0.23156959,0.5523292,0.19773845,0.30819488,0.4314025,0.62317455,0.5482351,0.2986784,0.40764624,0.5835144,0.21914996,0.37637544,0.3584966,0.21225575,0.4246159,0.1944299,0.5526837,0.3922276,0.43654162,0.099953614,0.7576071,0.2515226,0.7728604,0.084279105,0.5930295,0.381128,0.2596629,0.89316857,1.2042358,0.78285635,0.15236904,0.16694464,0.23846185,0.4341061,0.3217235,0.3620528,0.36360192,0.37402105,0.15959789,0.28943604,0.28318083,0.3391732,0.3735156,0.12971383,0.44863728,1.1100523,0.11190186,0.54392594,0.23542224,0.09603391,0.1010889,0.3269532,0.09074282,0.16568783,1.2572651,0.16239429,0.6119962,0.70058334,0.5557289,0.47531253,0.33750466,0.77810484,0.6722584,0.11405813,0.32563168,0.36604416,0.22236559,0.039888196,0.24292415,0.3985935,0.09719342,0.6129861,0.6328938,0.74110615,0.57899,0.57572305,0.91933626,0.29614067,0.15154289,0.23263758,0.1550067,0.7730535,0.22627835,0.5401331,0.25001907,0.23183738,0.17905644,0.13921049,0.16169049,0.28085008,0.2865727,1.5288095,0.16460092,0.4267857,0.28497422,0.4976678,0.8581565,0.41144225,0.48749,0.22470212,0.54715306,0.7937743,0.1122904,0.6475707,0.50621843,0.34002757,0.81646097,0.8387513,0.34619588,0.39256805,0.11208472,0.40453655,0.36792153,0.47452056,0.22788371,0.50004876,0.23144275,0.19053224,0.38126528,0.43417925,0.31783664,0.34078723,0.29230452,0.24507909,0.4518857,0.18997997,0.72264826,0.430392,0.58845437,0.47823313,0.08428715,0.07959855,0.4137906,0.31381053,0.85466945,0.5939008,0.51311994,0.051243454,0.31437778,0.39886975,0.30777603,0.21351604,0.20064408,0.8792356,0.6546131,0.4292077,0.6817994,0.17075717,0.32947898,0.22692198,0.6389221,0.43853062,0.18174434,0.09438862,0.2263411,0.6386451,0.26100683,0.79043704,0.42099655,0.5748803,0.18904383,0.42604423,0.2912652,0.6059659,0.14513114,0.4634936,0.2513066,0.21694247,0.69920635,0.067942485,0.18893965,0.6645807,0.16109729,0.15747553,0.38511437,0.19283855,0.22216636,0.06920497,0.5364872,0.17352012,0.6589636,0.563143,0.21061487,0.0755961,0.28311723,0.12532029,0.33823404,0.3520909,0.6151929,0.15715377,0.24276645,0.37803814,0.02465474,0.034666713,0.84752595,0.22128955,0.30420262,0.028065054,0.24620807,0.4905395,0.05136378,0.11241776,0.37610635,0.021197006,0.50192827,0.18224478,0.07436469,0.19147506,0.0917203,0.3102801,0.0037593662,0.34673265,0.25091285,0.66291857,0.1766113,0.8944788,0.15737244,0.27442688,0.045225278,0.04659988,0.0020040267,0.000515521,0.3982191,0.1566427,0.17551897,0.9850215,0.22795075,0.63789034,0.16208634,0.069295496,0.009702577,0.025824705,1.0284412,0.057711937,0.051787272,0.1758939,0.04608546,0.5128881,0.33768162,0.118968114,0.0003565432,0.05617819,0.08934641,0.1125224,0.34856045,0.14099029,0.12574334,0.3840539,1.2405565,0.09525281,1.2087584,0.059468426,0.08566783,0.056317776,0.24211928,0.15691295,0.01468611,1.2365714,0.59780675,0.31415263,0.34086984,0.763687,0.71702564,0.17798936,0.010615914,0.27531993,0.84919024,0.800223,0.3012392,0.07935399,0.70040834,0.2773437,0.09009305,0.06524788,0.19625956,0.6990117,0.62939614,0.14785735,0.19463754,0.0042743078,0.13985285,0.25897744,0.41421396,0.18868276,0.14851323,0.04421495,0.10311093,1.5929394,0.16010351,0.31513318,0.14005785,0.7042166,0.0035422584,0.43882665,0.21590453,0.30177778,0.272286,0.34596825,0.04096019,1.020961,0.107716024,0.34313992,0.14394164,0.44390678,0.028695809,0.039359093,0.21870421,1.1309454,0.32293302,0.31957832,0.36758667,0.40772128,0.47714776,0.29349744,0.17503592,0.0033677965,0.04410834,1.0939355,1.6743232,0.7670023,0.6469029,0.8670739,1.0221384,0.27366745,0.5056071,0.052901894,0.63275796,0.42051274,0.66456807,0.011843991,0.049589276,0.337605,0.039996676,0.38555786,0.09919228,0.31824857,0.022003762,0.26156604,0.22686505,0.049803197,0.3900351,1.2573023,0.73926437,0.8997756,0.0564154,0.17152941,0.3727631,0.44852787,0.09031078,0.54532266,1.0450963,1.2656543,0.018536475,0.0,0.17327549,0.46412653,0.3419319,0.39024878,0.20454022,0.9638372,0.46238056,0.11499364,0.08349765,0.08198634,0.06272553,0.23106308,0.62828755,0.09607677,0.040938273,0.8907743,0.062290926,0.22305875,0.038867082,0.955541,0.1596382,0.733142,0.12013515,0.87234485,0.4509532,0.29710576,0.18992238,0.08306666,0.41040367,0.0840708,0.031399794,0.5675715,0.14572397,0.4477458,0.06395683,0.3680904,0.42697722,0.04001911,0.47553074,0.22647564,0.010801127,0.0078334175,1.2104199,0.5006033,0.04218708,0.08428526,0.15089738,0.14805911,0.06445737,1.9569472,0.010351787,0.3965904,0.4023195,0.08151656,0.43659937,0.11029512,1.4170272,0.28846604,0.2469587,0.01601988,0.15910384,0.5334226,0.06404024,0.0053686234,0.09035573,0.0,0.027648672,0.060113415,0.6180385,0.10438342,0.64865255,0.06269604,0.0026089505,0.7683737,0.09169963,0.03778462,0.2635334,0.63500977,0.65369964,1.2533393,1.212936,0.0051016863,0.19554794,0.48330933,1.3736628,0.59371173,0.49074164,1.795544,0.25344858,0.38416904,0.20974226,0.3581327,0.58912104,0.98093987,0.04932956,0.19951534,0.37773788,0.07618855,1.0457797,0.18167162,0.93832666,1.0258082,0.78094304,0.3303195,0.18316749,0.21167707,0.1982797,0.018005079,0.3803183,0.5546332,0.5681852,0.29183102,0.014696857,0.27131546,0.0,1.4850049,0.23094651,0.37629426,0.555751,0.080502585,0.96207154,0.3194939,0.20684823,0.8683598,1.261828,0.052074987,0.37050295,0.4934887,1.0133826,0.144831,0.36810696,0.8578768,0.68042433,1.0869296,0.27337575,0.49249998,0.019051883,0.099704616,0.70733714,0.79756624,0.20009485,0.09969294,0.24928601,0.47317165,0.5761937,0.29795244,0.61994094,0.0865747,0.08709007,0.10873518,0.13165793,0.6809444,0.6210624,0.36627614,0.51200175,0.055802543,0.38309813,0.24531144,0.15145713,0.028610498,0.48941115,0.39801592,0.5254585,1.0154625,0.16834489,0.33751118,0.68876433,0.1723454,1.3945248,0.6627978,0.56394374,0.81471723,0.8646686,0.7582251,1.5736613,0.03714201,0.18401632,0.036158863,0.21546814,0.11316473,0.043227248,0.012305794,0.50196683,0.02205312,0.017388579,0.8308639,0.110148266,0.0475768,0.3375177,1.0872995,1.149961,0.7602772,0.15001701,0.039379142,0.010050177,0.18933809,0.0009240145,1.2451564,0.31810695,0.04966432,0.43382707,0.3010407,0.6754892,0.12695238,0.038737632,0.8501371,0.2672025,0.11323757,0.3378025,1.9641998,0.2995907,0.1528363,0.7780816,0.8283781,0.41287604,0.9786173,0.09237088,0.24107918,0.090990245,0.1666156,0.18718395,0.012543879,1.8285024,0.246304,0.19334209,0.5161731,0.8566472,0.043261535,0.10995474,0.4470682,0.30724385,0.7441205,1.1331221,0.8806659,0.2402206,0.09890081,0.0018602267,0.19221012,0.2431324,0.30353415,0.56083685,0.25468794,0.7419962,0.0028075045,0.23528613,0.20011465,0.21759412,0.0046692914,0.1613696,1.1974943,0.09335035,0.65263313,0.0,0.07342291,0.43641743,0.047632106,0.07313019,0.0076101744,0.0553401,0.37168634,0.15580888,0.046260662,0.37225872,0.22986989,0.0018640092,0.08573246,0.21272013,0.09575991,0.22210905,0.25880095,0.17510904,0.9639597,0.99866027,0.0,1.381072,0.058931127,0.28013167,0.1874145,1.1033111,0.0072903493,0.36461967,0.0,0.7695957,0.36499837,1.2796253,0.14882684,0.1413618,0.025492687,1.034908,0.04853662,1.5366312,0.1809667,0.3890066,0.29885352,0.44154868,0.71326995,0.0015279739,0.07642247,0.18589294,0.4815635,0.24702147,0.15223749,0.012665188,0.34212005,0.0030103188,0.33052248,0.17130437,0.098764814,0.7516947,0.12765653,0.22205071,0.21854217,0.2972396,0.06634781,0.0,0.51005393,0.12215204,0.022517767,0.07883073,0.3976692,0.14243636,1.7679267,0.030312924,0.052773878,0.10317566,0.18902355,0.17394818,0.26004618,0.9134735,0.9814042,0.05181165,0.045521513,0.12282804,0.11887868,0.03875614,0.34433773,0.46036294,0.015747003,0.0,1.0641954,1.5831358,0.459898,0.6988124,0.71491873,0.03246337,0.22670117,0.8684586,0.38392442,0.09359275,0.6878233,0.131495,1.3789885,0.44573843,0.021919489,0.40677541,0.37825653,1.1285398,0.66194856,0.39605448,0.19189431,0.20756054,0.004026043,0.003160324,0.18736972,0.42333353,0.015560351,0.34284848,0.4932171,0.044418894,0.29230422,0.16299061,0.14718169,0.41424495,0.6668576,0.31777292,0.2604469,0.012298385,0.019488554,0.4879431,0.61192334,0.1589849,0.22603218,0.27379343,0.92533475,0.72646785,1.2031145,0.0934552,0.060678095,0.4763568,0.0044930205,0.71995234,0.39250323,0.55798894,0.06341146,0.028381744,1.4673226,0.050587308,0.038564105,0.7220266,0.6282553,0.27415168,0.7684312,1.0168209,0.8671429,0.9337768,0.070315346,0.60652596,0.5285412,0.51327074,0.0044308617,0.17079139,0.25872576,0.07030298,2.1955936,0.043620456,0.11304357,0.30562177,0.19719914,0.34685016,0.34791815,0.74343026,0.64834094,0.50387037,0.42061433,0.17976424,1.2454681,0.04264326,0.34983504,0.10337052,0.22030799,0.12422029,0.019269463,0.03681335,0.03477191,0.08335717,0.25305444,0.19413503,0.77131987,0.44390357,0.3562952,0.18670082,0.2499296,1.776852,1.5096889,0.14195065,0.051062234,0.17384629,0.05779557,0.06768003,0.59732044,0.80847526,0.24155875,0.79251254,0.4844336,0.32707685,0.3297609,0.3955368,0.14639911,0.094953746,0.00968748,0.12753683,0.19283378,0.06885499,0.72889245,0.4372837,0.048205726,0.036576208,0.25528252,1.2975833,0.026606355,0.010116859,0.36535627,0.2671443,0.39574158,0.6626284,0.9297812,0.32048845,0.52776295,0.22882128,0.51194817,0.33591276,0.34330973,0.0,0.083851844,0.025428597,0.029972259,0.77814966,0.2234185,0.38247138,0.77196586,0.65200704,0.6038889,0.07841446,0.29267478,0.007940489,0.038411897,0.74569714,0.058542643,0.63307214,0.5294436,0.38251752,0.0,0.03955444,1.3237402,0.0,0.8520904,0.335951,0.21157637,1.7847247,1.1355404,0.43251714,0.045173272,0.009061029,0.5717673,0.3654052,0.26582152,0.39549834,0.53684384,0.77453107,0.11644867,1.409642,0.122344874,0.0,0.18463495,0.0009663454,0.35616553,0.71696925,0.16473258,0.41180417,0.23407476,0.18345469,0.34846503,0.28968215,0.39284807,0.26575902,0.09264928,0.8863003,0.0,0.85909855,0.5795382,0.1951288,0.5136194,0.29566547,0.8195225,0.20005053,1.1532335,0.33803862,0.57150793,0.75145614,0.029051263,0.18498304,0.25162655,0.080562174,0.1390461,0.41569638,0.79393435,0.06734742,0.110961646,0.6377981,0.5168174,0.6116234,0.5966436,0.34404236,0.0023943621,0.00097056775,0.2879802,0.03206437,0.012046758,0.48829052,0.30630085,0.3165992,1.2456928,1.2641335,0.98429847,0.117320724,0.63187605,1.9458778,0.029567927,0.88841563,0.22581172,1.120956,0.0006310547,0.11686169,0.26109594,0.4396237,0.2725507,0.82944274,0.23814198,0.37846082,0.06255268,0.50293946,0.7505193,0.028686352,1.558625,0.02123171,0.6797738,0.23030877,0.49434975,0.36398077,0.0050440673,0.33704978,1.2692021,0.3599335,0.008766853,1.0096803,0.13684615,0.6322964,1.049769,1.3821247,0.31965148,0.13467057,0.4494512,0.81227195,0.09252764,0.30879313,0.24503352,0.06885787,0.3202775,0.12180349,1.2689102,1.7141459,0.2663703,0.5557667,0.3549193,0.18031229,0.3207174,0.22717226,0.09726973,0.16938269,0.5205862,0.35629958,0.050710328,0.435957,0.35198924,1.2570565,0.1756235,0.6177233,0.26962638,1.4848461,0.037983418,0.39488894,0.06618469,0.20526244,2.2283387,0.6039231,0.24631712,0.00013830021,0.29631284,0.20125338,1.0289484,0.6458682,0.34766382,1.5451534,0.5679246,0.8667839,0.51116467,0.48369417,0.21939375,0.16806266,0.521065,0.13134119,0.34182,0.080544874,0.51237476,0.25581583,2.789516,0.121005625,0.57149076,1.0432711,0.68105745,0.024522545,0.71585035,0.0,1.7615308,0.7441357,0.15546656,0.7926729,1.0171332,0.30413696,0.120744385,0.064447254,0.007296027,0.30162573,0.5829617,0.023957232,1.1628664,0.15230891,0.13545024,1.5863261,0.5108345,1.5324371,0.92154413,0.2671355,0.8146652,1.0479391,0.3364055,0.0,0.41678807,0.20699233,0.3874679,0.45973817,0.076727256,0.0,0.19957733,0.32305038,0.46963203,0.030866133,0.061108977,0.65937626,0.74837726,0.14298096,0.16827175,0.10585476,1.1948152,0.53818464,0.015354625,0.44071728,0.48447332,0.64154696,0.7944101,0.04507663,0.38279992,0.3833912,0.22016227,0.31350243,1.0597208,0.7765774,0.0072791283,0.22735907,0.3964625,0.24107699,0.24020292,0.48335832,0.4312669,0.2617581,0.92331475,0.3072465,0.7496171,1.0053189,0.26239258,0.5820619,0.5198486,0.046859495,0.8120271,0.14988655,0.36825132,0.28257665,0.055163316,0.0851177,0.2812264,0.7395955,1.0520633,0.20946194,0.29178566,0.22209603,0.31068766,0.47220686,1.8655889,0.62566173,0.25870436,0.1991032,0.14853488,0.17837921,0.30395782,0.5267546,0.06152551,0.062463775,0.5068153,0.53665924,0.34120315,0.60838413,0.69026315,0.57955706,0.17679629,0.49540123,0.4480018,0.16995835,0.0832363,0.10251123,0.83579814,0.7876549,0.5641602,0.8325287,1.1153575,0.36330226,0.35541856,0.58446956,0.09040736,0.6159662,0.18953216,0.42990243,0.2686925,0.07259326,0.13461316,0.6743499,0.810475,1.0266569,0.1526354
0.47236302,0.58309555,0.41233575,0.10230267,0.34654176,0.9743798,0.7548964,0.9974006,0.54748785,1.0079571,0.2630045,1.0700583,0.4404849,0.3013811,0.14463939,0.13221747,0.21104506,0.3124193,0.19445673,0.2540868,0.42322582,0.5918901,0.47768152,1.0327153,1.0468419,0.46767226,0.08934608,0.7734843,0.24981895,0.83225596,0.55508596,1.1370667,0.5385756,0.7740065,0.23988277,0.305874,0.43907028,0.07592039,0.61582994,0.75364065,0.3816753,0.39657283,0.08075292,1.104916,1.0683002,0.065389946,0.21503583,0.03399572,0.358501,0.3891362,0.29416874,0.23147106,0.5780084,1.9176419,0.30861032,0.20616168,0.89533687,0.057607062,0.67165864,0.17916164,0.28424078,0.2947691,0.44591343,0.41191316,0.68945694,0.5073749,1.0656643,0.2461905,0.54216725,0.4065712,0.12100418,0.09870503,0.17600204,0.945966,0.27655387,0.268273,0.7488634,0.15723962,0.05727242,0.16166583,0.04180009,0.09395201,0.22080243,0.558015,0.33194023,0.093941286,0.2883924,0.34984434,0.18039079,0.39758307,1.4672611,0.39168686,0.24416652,0.6395018,0.35860568,0.15501967,0.13138828,0.29498518,0.2459207,0.37314987,0.79369545,0.14151528,0.03084761,0.3763331,0.34590837,0.11516891,0.52377987,0.6313827,0.15376765,0.56585133,1.0251074,0.8846928,0.6825706,0.13329852,0.52740914,0.11973495,0.50186783,0.7193349,0.06205909,0.9344971,0.37554896,0.098793834,0.7389245,0.36628422,0.63719195,0.58900917,0.38271606,0.53245556,0.6926651,0.18843104,0.3042723,0.07777691,0.39734852,0.9851415,0.37752956,1.2845993,0.48357487,0.5296154,0.6184773,0.47204125,0.71100426,0.064642526,0.3782457,0.62860656,0.4718743,0.68155706,1.2193211,0.9721041,0.12002745,0.04962784,1.0891773,0.63533413,0.49576223,0.13484946,0.62722087,0.92712665,0.5864143,0.24893695,0.40065578,0.2673559,0.5280491,0.2506776,0.7113813,0.1370217,0.5125876,0.28340745,0.22226515,0.31210676,0.41117674,0.10110029,0.25211337,0.4350556,0.24709195,0.2571735,0.44679272,0.4928174,0.12263204,0.044344004,0.540562,0.4289908,0.1878778,0.47641957,0.4110597,0.5043123,0.17716992,0.5768427,0.09539346,0.2707029,0.5250515,0.3715089,0.56642985,0.6385764,0.30341098,0.9485255,0.1734798,0.43847382,0.22506046,0.97047746,0.3130558,0.6332946,0.56983054,0.19688065,0.3667779,0.49083242,0.27136987,0.1815466,0.720426,0.267291,0.37852517,0.4663016,0.039837215,0.3974145,0.24842153,0.15650666,0.7003324,0.78642464,0.39266545,1.0633924,0.36286795,0.4963101,0.0073669227,0.3856601,0.18177453,0.24726757,0.75988066,0.48384875,0.2638263,0.25440723,0.33590695,0.7754783,0.28044736,0.073575996,0.39949182,0.1512768,0.03733592,0.11652923,0.043097883,1.2469909,0.49654964,0.4552465,0.21592423,0.057413507,0.35672474,0.16613804,0.3287842,0.20754856,0.44508237,0.62107706,0.2546121,0.29644242,0.2234365,0.1170285,0.06765685,0.57711095,0.43158755,0.80125713,0.26648316,0.49764407,0.0426236,0.44459313,0.46711147,0.1799668,0.046977162,0.92614174,0.6606837,2.0470355,1.1442821,0.549193,0.14092936,0.49201316,0.09827709,0.18630674,0.12696403,0.6548587,0.07141965,0.62283385,0.65203464,1.3379068,0.34508407,0.3728055,0.515231,0.6023318,1.0186843,0.32882202,0.34453374,0.23233102,0.435744,0.06318245,0.023624431,0.49438787,0.7416978,0.70065665,0.27184737,0.24292023,0.7582295,0.19229394,1.2901857,0.35189697,0.138322,0.41852012,1.4517038,0.2907516,0.32573,0.8792645,0.19420677,0.6375928,0.2304436,0.36094934,0.89947164,0.5648074,0.042650938,0.44485292,0.90693736,0.15643537,1.0384018,1.0650355,1.3565612,0.2916656,0.79134023,0.18056993,0.542373,1.409939,0.1115616,0.27117598,1.2397361,0.28383422,0.038272817,0.10410788,0.1689688,0.8368807,1.2265768,0.7184465,0.21850511,0.14925602,0.15863478,0.15579534,0.2310752,0.3238852,0.42870745,0.49780363,0.045657746,1.0120556,0.53176916,0.87044346,0.058281757,0.5482574,0.12838617,0.6085893,0.52911395,1.2602495,0.013477407,0.40135095,0.26908356,0.25842568,0.08329334,0.357447,0.57009554,0.40128738,0.12763508,0.14708602,0.18320262,0.18754545,0.12582532,0.022183806,0.6206813,0.3127759,0.4908803,0.7286328,0.9441931,0.4278313,0.23444745,0.21045077,0.7699573,0.7138982,0.31670588,0.1517114,0.8166694,0.27967888,0.31534216,0.49125332,1.3982365,0.10743317,1.7631638,0.36096796,0.53869164,0.03297849,0.34320933,0.6425631,0.1684585,0.01068393,0.58880734,0.31452814,0.4030969,0.18297163,0.44747394,0.6407001,1.1261356,0.3521684,0.70729315,0.49662957,0.52716833,0.05305181,0.08773691,0.19834024,0.3738768,0.3572298,0.225959,0.4191563,0.43529844,0.33650526,0.54793274,0.063145496,0.31340837,0.28683746,0.17225233,0.8958528,0.1073955,0.20900932,0.16982982,0.31812847,0.290744,0.8353734,0.27552998,0.21530929,0.6402385,0.7587666,0.49985108,0.26133478,0.16683885,0.8851004,0.24523741,0.5849624,0.15438473,0.20185858,0.6212301,0.38660496,0.23879859,0.89340293,0.195932,0.7480417,1.1820532,0.15179954,0.7731743,0.41456312,0.16771317,1.4884682,0.29087126,0.5107116,0.4041329,0.30936494,0.31620985,0.13112229,0.22031282,0.39482516,0.21507528,1.2610967,0.06313428,0.09907106,0.4706213,0.93086946,0.30983353,0.08557537,0.34955615,0.21167114,0.03319839,0.16982314,0.9335443,0.06478275,0.49571508,0.5348583,0.42979705,0.15164535,0.23702785,1.2540383,0.064726695,0.82452023,0.2367359,0.08125387,0.30496812,0.39073592,0.08729879,0.46722534,0.36008328,0.82220984,0.0073109576,0.87893736,0.2622229,1.6621411,0.30769694,0.027355023,0.5923475,0.14676219,0.3937192,0.32564664,0.25751546,0.44441962,0.7685474,0.43917778,1.4523344,0.3252672,0.6608244,0.4568243,0.13627468,0.27158782,0.45264125,0.79837215,0.008104716,0.02382428,0.37229344,0.24617812,0.64849776,0.5999135,0.63846153,0.39404267,0.37388796,0.52744794,0.73209584,0.4108628,0.6348231,0.3000375,0.20631213,0.32250065,0.5525241,0.23304133,0.45935544,0.22795936,0.6440649,0.5731361,0.34135243,0.023950797,0.51305985,0.69118714,1.8511142,0.21154627,0.20729302,1.3848586,1.4330018,0.8939616,0.56894875,0.29918793,0.3053792,0.30548713,0.41133144,0.15718701,0.3380664,0.36479843,0.71584374,0.3982042,0.5895281,0.3700663,0.5457736,0.52907145,0.027904853,0.038308673,0.23961632,0.4892161,0.36478025,0.19242677,0.81209385,0.19122437,0.07226767,0.94444513,0.8696854,0.175095,0.8076757,0.1998168,0.18671599,1.2364928,0.41073722,0.29822296,0.5871407,0.16114736,0.04546111,0.18490523,0.0038811942,0.41438717,0.36878562,0.51960605,0.28837925,0.18725577,0.5470189,0.058363214,0.07464697,0.45226714,0.5848902,0.7292142,0.16375804,1.4261606,0.27145904,0.07239672,0.24088946,0.12617737,2.8473926,1.098916,0.098732755,0.38521895,0.27650833,0.14353478,0.6561365,0.06046736,0.25698033,0.40926576,0.15918812,0.9626764,0.46601868,0.32949597,0.6742958,0.24054357,1.1962591,0.6406644,0.005342241,0.54509497,1.6149333,0.10268819,0.6878103,1.6176442,0.40104294,0.09089163,0.47253418,0.17981657,0.07385473,0.17883854,0.012655118,0.9617197,0.15653723,0.22566946,0.37950882,0.50914305,0.38045213,0.7655773,0.5018699,0.7906893,0.20186904,0.05935333,0.18101943,0.07136214,1.138956,1.0742586,0.19287142,0.18071121,1.3194464,1.9051999,0.24515367,0.92944014,0.100053795,0.020416897,0.014954457,0.8053069,0.04384078,0.3427441,0.24762301,0.31806803,0.18647665,0.025555782,0.9261839,1.1112542,0.33557677,0.17236656,0.81092954,0.5873447,0.6992751,0.2986747,0.6390795,0.46798837,0.2649681,0.17084847,0.31295115,0.24436161,0.4475597,0.07907364,0.42330295,0.26821172,0.05276737,0.19111475,0.6539644,0.11587137,0.17815456,0.14218828,0.43947768,0.17177676,1.0323292,0.87949085,0.39938134,0.5943528,0.32421726,0.09953349,0.09288027,0.12864885,0.40569478,0.039528884,0.14422283,0.19841911,0.19650656,0.61424035,0.058092736,0.34645063,1.7828742,0.33979923,0.478957,0.55065376,0.10467487,0.3650713,1.017704,0.023342062,0.10588082,0.4369079,0.25334507,0.08649759,0.5339884,0.49678618,0.2738374,0.103455976,0.26750195,0.6865276,0.38859475,0.7455035,0.40011927,0.55412555,0.46799153,0.2144122,0.4678355,0.35716352,0.8387085,0.3617515,0.12307402,0.2074556,0.26995793,1.8202173,0.16888648,0.16887175,1.279564,0.3662879,0.3718001,0.011404185,0.24759394,0.4951122,0.17256579,0.559438,0.62908304,0.7637296,0.0872364,0.56949794,0.20901969,0.23385474,0.4621241,0.3080317,0.07505247,0.46427017,0.34191543,1.1625338,0.20007446,0.08843626,0.18417184,0.28465527,0.6694595,0.4725623,0.45350212,0.49334258,0.28537384,0.6577234,1.2763336,0.28586125,0.13171697,0.413395,0.09968887,0.14352596,0.28180137,0.5458956,0.3940351,0.2753635,1.2294874,0.36124358,0.26793233,0.2582416,0.12914303,0.16703336,0.30950177,0.5211965,0.32925442,0.9136206,0.67271805,0.89828557,0.1813004,0.28594297,0.23018335,0.4380408,0.8204643,0.694895,0.21116757,0.10392354,0.64050376,0.6526436,0.36095718,0.37781185,0.85370266,1.1871607,0.1528421,0.6866642,0.77596414,0.21995904,0.34345552,0.24988072,0.53618294,0.28611118,0.7024082,0.44008815,0.19039485,0.42378297,0.5802674,0.29221156,0.336105,0.23957157,0.26148462,0.33556286,0.42006058,0.83106667,0.331971,0.23327321,0.3502565,0.4096186,0.11659752,0.45051917,0.27696925,0.29349703,0.089373246,0.08178605,0.19548035,1.0593834,0.2224121,0.48323154,0.5285637,0.11314498,0.42513162,0.6641062,0.33264315,0.6565565,0.5612042,0.41958934,0.15052718,0.33065593,0.51397735,0.14038877,0.94519377,0.17307752,0.6646066,0.90106815,0.679293,0.41394016,0.31072792,0.36465156,0.04703876,0.6379095,0.2826337,0.29902497,0.18928409,0.40024912,0.4783401,0.167032,0.23623985,0.7228117,0.8140982,0.50720376,0.18317474,0.5342753,0.110847205,0.8746146,1.107419,1.0694157,0.59286857,0.41904444,0.10326259,0.7586925,0.3320107,0.24366899,0.4294072,0.17241591,0.3333733,0.4752437,0.03832595,0.0129460115,0.5672696,0.23982996,0.13178481,1.0421755,0.58346975,1.5068407,0.2757271,0.87638944,0.26786554,0.52882737,0.61378694,0.011564195,0.68017364,0.46086842,0.27453434,0.3919267,0.20811775,0.383251,0.1323821,0.22548825,0.16224018,0.44286457,0.5895678,0.115804546,0.81329215,0.6004546,0.324664,0.42269903,0.6206536,0.14074335,0.2858031,0.13229468,0.7265194,0.48047918,0.34533975,0.09610897,1.3475579,0.15040424,0.5950304,0.20281965,0.91369873,0.6362803,0.3208065,1.0341996,0.9856049,0.94355685,0.15240867,0.3858816,0.10697015,0.19924366,0.50754577,0.4365956,0.20200256,0.33489656,0.27107677,0.4306691,0.2954517,0.09213736,1.0344403,0.14097315,0.19745314,0.9627379,0.0949166,0.76095414,0.20871314,0.123139665,0.057282723,0.3472495,0.03867246,0.072244175,1.1045036,0.11071335,0.47959304,0.32245725,0.4597214,0.33367342,0.34111452,0.8991158,1.2049402,0.16976874,0.3908934,0.5256186,0.7780001,0.10065563,0.3234919,0.67383635,0.18215209,0.48570287,0.434163,0.37555575,0.6548431,0.6726519,0.39271355,0.12996581,0.07466185,0.48251656,0.20344704,0.53913414,0.029990356,0.57468873,0.15813734,0.32679158,0.20475975,0.29186976,0.22356506,0.2818374,0.43965217,1.6771429,0.05173219,1.0903025,0.3663587,0.5606619,0.8835137,0.41073412,0.23373744,0.28147748,0.3111201,0.45305127,0.089244984,0.3693188,0.5132927,0.32252562,0.87060064,0.9348774,0.4127829,0.20684177,0.07784135,0.4664054,0.35561907,0.39328754,0.2712021,0.62615526,0.62069654,0.2705369,0.3855946,0.39323288,0.1217484,0.28848672,0.2668635,0.1482566,0.4259381,0.17886285,1.0170424,0.28211161,1.0713015,0.51880836,0.1331446,0.11838885,0.17774239,0.38149655,0.47455108,0.656828,0.36456078,0.029720692,0.3344429,0.28773168,0.41282564,0.14877918,0.21685225,0.6640569,0.5588898,0.47589612,0.80138177,0.11332333,0.29858294,0.71381724,0.32603955,0.6451875,0.4157632,0.06855208,0.32730496,0.6368779,0.5334256,0.36973655,0.65231967,0.44015762,0.06791332,0.25132644,0.1447545,0.45105523,0.18098325,0.41731673,0.23191588,0.16486952,0.9911393,0.26277027,0.16288613,0.9819594,0.0770745,0.13475828,0.52770543,0.19366804,0.09327946,0.040672068,0.6136011,0.35819936,0.37571913,0.31671864,0.38168514,0.1881066,0.35101223,0.33760834,0.41980428,0.44308135,0.7176049,0.24798703,0.19264059,1.0353212,0.10219459,0.16747889,0.6959523,0.121128745,0.10991864,0.013643913,0.21055588,0.3034201,0.39798397,0.08824275,0.35137743,0.028634993,0.33222255,0.028568873,0.09054665,0.48871714,0.085589245,0.2432674,0.0103197545,0.30448687,0.06706715,0.5497643,0.1611633,0.4328603,0.059593387,0.16077776,0.09634246,0.1661001,0.0044218693,0.013607102,0.7193456,0.14576745,0.09627494,1.1452167,0.11780164,0.33954743,0.20816885,0.19026701,0.0,0.00752465,1.1145008,0.0057696714,0.05272919,0.19446477,0.020501697,0.3269851,0.5712236,0.025132203,0.016145684,0.16004531,0.26697516,0.34301394,0.19832799,0.13244954,0.103877306,0.38130108,1.6166072,0.03531265,1.0468264,0.17179915,0.025713412,0.019874189,0.073393546,0.0853056,0.0,1.502983,0.7634299,0.33425075,0.56805825,0.20701799,0.829191,0.17648496,0.0032323487,0.39157498,0.8024856,1.2931303,0.53244776,0.26829708,0.64061886,0.26967323,0.08088893,0.09309319,0.55038893,0.4436522,0.74186265,0.2637347,0.18005112,0.034660578,0.26022214,0.32578138,0.48795235,0.07138288,0.12508366,0.02555332,0.10626084,1.5000885,0.15169646,0.42115033,0.1295128,0.3735791,0.15617388,0.96369004,0.40449968,0.52000403,0.396388,0.3177907,0.002907026,0.8373024,0.12924534,0.26186544,0.04756349,0.41409355,0.044854898,0.08154812,0.23205535,1.1047697,0.5744847,0.33522615,0.28793684,0.24250212,0.72909564,0.20523497,0.043228544,0.011633375,0.01711376,0.7592748,1.4529235,1.0261531,0.8715261,0.6373093,1.767097,0.1738462,0.18426305,0.03893474,0.4741919,0.8199605,0.8982291,0.0596274,0.12790804,0.53731763,0.03798777,0.9764289,0.16381487,0.19271594,0.060080968,0.28948298,0.7790204,0.11104678,0.39016995,1.2084424,0.5590026,0.7033689,0.08399774,0.13642359,0.5325562,0.22766802,0.04557833,0.9314789,1.0898726,1.1583477,0.10794245,0.008371807,0.15546843,0.5110932,0.42519963,0.47970527,0.6173135,0.8253621,0.21856666,0.07859136,0.14800385,0.07115647,0.34100455,0.25595975,0.85585064,0.10505507,0.047098674,1.2746778,0.02663927,0.41599652,0.00040447622,0.6096593,0.15228443,0.76448965,0.08526407,1.1162777,0.32825208,0.34830445,0.15963608,0.006242288,0.38404146,0.12738326,0.06691566,0.39573917,0.20327123,0.43440798,0.03848371,0.46055204,0.4446183,0.096164495,0.16845028,0.47294402,0.056064717,0.02816835,1.1117463,0.5924048,0.5762288,0.6727868,0.24841999,0.15161842,0.017540716,1.816829,0.0,0.17487574,0.41976008,0.081136025,0.42606658,0.014486516,0.92916304,0.29791048,0.31007898,0.013558183,0.19637312,0.34487343,0.23222977,0.0065559265,0.016121283,0.00449886,0.02508973,0.23743033,0.21190545,0.120113835,0.639876,0.16316476,0.055788223,0.6169348,0.111168526,0.026579168,0.08294616,1.0529771,0.6710811,1.602675,1.3190722,0.0,0.088842645,0.27867407,1.0341804,0.6495283,0.65397406,1.6471255,0.052712698,0.32419398,0.42674005,0.47998863,0.7834023,0.80676484,0.041290835,0.24980347,0.42877126,0.194456,1.0216027,0.17666572,0.90449953,0.73542786,0.6649706,0.3492309,0.12824261,0.37218308,0.5565804,0.031441446,0.30336356,0.6493917,0.3677104,0.12731285,0.009430789,0.030808296,0.014117897,1.7208407,0.16871506,0.29266435,0.84293324,0.038260687,0.6797143,0.153253,0.20941484,0.82298744,0.61380374,0.05953025,0.25745434,0.6502408,0.91380864,0.16747767,0.084865555,0.59702027,0.78632736,1.3159857,0.26023516,1.198169,0.065264106,0.035479013,0.6692515,0.46411246,0.18701924,0.025523076,0.3742543,0.46578932,0.34812543,0.16623303,0.7304512,0.06753117,0.24817964,0.16030431,0.40556183,0.983958,0.5141267,0.14849076,0.5746551,0.09347466,0.4031249,0.53931004,0.2814969,0.014943879,0.19004223,0.5101366,0.394994,0.87621796,0.081252806,0.33744243,0.6873817,0.31536663,1.3660967,0.12762779,0.30692643,0.7101571,1.2428412,1.2607028,1.6221776,0.023153167,0.17842793,0.057661302,0.23127171,0.15956365,0.017530039,0.08401714,0.43694648,0.040879805,0.018440204,0.62837785,0.5180733,0.25637046,0.29851532,0.5059582,1.2691443,1.0093447,0.16543926,0.10181807,0.007306382,0.10733813,0.0473776,1.2478056,0.8244088,0.015865128,0.2909231,0.44429475,0.8268078,0.06206177,0.027259707,1.2679491,0.27975446,0.3621714,0.23645556,1.9730195,0.17699528,0.23374966,0.68443704,0.67204356,0.4660576,0.673602,0.06475265,0.3048501,0.09398791,0.06866565,0.07810688,0.013794091,2.50815,0.52774745,0.11225748,0.65086997,0.5574785,0.19738309,0.19065252,0.71370137,0.35981816,0.5700173,0.9508151,0.9115031,0.20946038,0.03602068,0.0032450152,0.68468523,0.04670804,0.49427462,0.45258212,0.081405744,1.0909585,0.0020404581,0.44295883,0.06513234,0.3078515,0.0002661403,0.32707232,1.2186127,0.2302581,0.3171953,0.0,0.6449201,0.59393036,0.02249575,0.0900193,0.063817754,0.04775854,0.22774269,0.06965667,0.20958996,0.13910557,0.35725248,0.06778384,0.120249696,0.20744893,0.3058715,0.10819181,0.38197312,0.100756876,0.78026927,0.9931426,0.015144986,0.9571549,0.15485688,0.20362341,0.18668516,0.7852775,0.01520814,0.1885211,0.0030468854,1.0547236,0.19702056,1.8576777,0.1522416,0.23559648,0.082170025,0.74843305,0.03217283,1.4264628,0.23866129,0.82838833,0.5161247,0.3545158,0.78055656,0.0,0.003276724,0.4480638,0.6208921,0.27071252,0.07459775,0.032496773,0.5524087,0.11127074,0.23605615,0.2943476,0.31519622,0.6897383,0.16871244,0.5849626,0.2713947,0.43646577,0.057766728,0.0,0.6233467,0.12704688,0.021264851,0.005364889,0.38513568,0.09727815,1.4479901,0.07974474,0.23473753,0.03463301,0.12060963,0.19300652,0.052971862,0.28265816,0.56955266,0.22873175,0.124304,0.4441265,0.16332933,0.033736013,0.6341651,0.16660829,0.1565113,0.04419051,0.9063982,1.4358362,0.57975495,0.48512495,0.7841739,0.0022048787,0.068413444,1.0563551,0.2861851,0.15917894,0.39176473,0.18001065,1.4631602,0.4898011,0.29130653,0.38430205,0.48375097,1.0856886,0.58840024,0.4024469,0.11482026,0.5035349,0.042629432,0.06578384,0.21305977,0.9566798,0.12889805,0.69108105,0.29620546,0.34221476,0.26866263,0.15327603,0.30706644,0.4700821,0.55197966,0.26852167,0.6927055,0.0119421,0.09059642,0.53469604,0.83822715,0.40773553,0.4586499,0.16422945,1.4028134,0.56653136,1.1311141,0.13784885,0.0,0.69104433,0.0023567493,0.83276755,0.55228204,1.1358188,0.06548414,0.06921252,1.8991852,0.08636771,0.16866307,0.7995976,0.39137244,0.12289878,0.45594788,0.9370657,0.7306411,0.5567397,0.02998127,0.8392848,0.34665146,0.46562755,0.0023853842,0.10884851,0.6338629,0.37906626,1.8746374,0.05545149,0.025348037,0.3962943,0.063392356,0.29185668,0.36599898,0.6972722,0.6572501,0.4418041,0.5439875,0.3965993,1.2550148,0.098603375,0.2947895,0.037758075,0.33558977,0.20817955,0.041659474,0.035666026,0.048360743,0.26209354,0.21318546,0.1561537,0.47106665,0.2621207,0.4765634,0.16078652,0.25253808,1.7992702,0.82998663,0.088486336,0.054515798,0.025753208,0.31363732,0.16017652,0.45380405,1.1324797,0.5949309,0.7351682,0.30099943,0.63162506,0.091911614,0.7864684,0.16624272,0.17156366,0.019993307,0.08908366,0.120127656,0.13407484,0.6468206,0.3021482,0.042473435,0.14037505,0.3712935,1.7007387,0.0015510247,0.011217637,0.90506953,0.3348812,0.65892684,0.6896752,0.907047,0.38833416,0.8812889,0.21797012,0.44522786,0.71460545,0.12424903,0.028086163,0.3356052,0.26511765,0.04077085,0.5684149,0.22415808,0.4743904,1.2668796,0.58827066,0.6097935,0.062690385,0.39642173,0.020799756,0.10892309,0.7870748,0.40274283,0.39771777,0.57094955,0.34020346,0.022418771,0.2621265,1.2560902,0.0,0.9393109,0.6279492,0.5324957,2.2450333,1.3383529,0.14055465,0.19202124,0.115434304,0.3672567,0.23742616,0.24773878,0.3479364,0.5846139,0.83844566,0.27492583,1.400547,0.37350512,0.00219024,0.046492722,0.025238942,0.14692135,0.44719923,0.4087082,0.6197457,0.23591927,0.0817821,0.37206405,0.4828446,0.40892455,0.15273392,0.11326239,1.0186981,0.0,0.35928,0.5863453,0.36710018,0.21935128,0.13368458,0.7547504,0.24930334,0.91824967,0.1927713,0.5033197,0.74801046,0.14691219,0.018532421,0.19744068,0.19112292,0.12986982,0.22141077,0.87049216,0.04294937,0.37673408,0.25395817,0.8178204,0.6363871,0.45637685,0.18237269,0.05075316,0.0,0.28605497,0.106658295,0.038371056,0.5218573,0.36458558,0.13389087,1.2211697,1.8146842,1.3311809,0.09819949,0.251404,2.0686197,0.008840244,0.6871848,0.2802093,1.8051314,0.0004829808,0.042482793,0.033566065,0.3374824,0.50757897,1.5111784,0.30902207,0.24651714,0.4421147,0.2713848,0.7026959,0.28768906,1.7554222,0.17466027,0.54118085,0.0743527,0.48699218,0.38020182,0.01798526,0.53376704,1.0218122,0.7697277,0.047491867,1.068651,0.19517493,0.81076014,1.2240036,1.1526452,0.1840474,0.11981048,0.43723935,0.66330165,0.054383386,0.24451554,0.19943962,0.031837035,0.30629414,0.065806,1.4699929,1.9651611,0.28157258,1.3341507,0.25273135,0.21624345,0.17587245,0.50646496,0.088947475,0.011905828,0.27475137,0.70133847,0.010652288,0.19509491,0.5344491,0.88793796,0.30564204,0.49389836,0.42784834,1.6735841,0.2941421,0.36865705,0.09851757,0.06264882,2.5264206,0.9669244,0.3781242,0.0047117635,0.14050138,0.112330504,0.8189678,0.6138051,0.16437964,1.4575622,0.8875455,0.795225,0.60321337,0.4350752,0.15195718,0.1433944,0.9755132,0.22322142,0.24857965,0.085338615,0.809957,0.16216277,2.9672856,0.38316646,0.5205671,1.0707908,0.703278,0.049405947,0.71106946,0.0,1.6371717,0.6557199,0.2713028,0.6236007,0.90534335,0.35887557,0.25935972,0.113027915,0.013034916,0.7464202,0.31653112,0.31662026,1.4225242,0.0014530822,0.0677793,1.7697313,0.5462698,1.3209022,1.0478368,0.4992172,0.8107734,1.0076551,0.2679313,0.0,0.31550214,0.44829446,0.4701781,0.5986439,0.41607416,0.032155953,0.5492259,0.36321387,0.46780923,0.1446344,0.0058434457,0.7693082,0.7570965,0.2379359,0.18406704,0.29114544,1.0328748,0.6639558,0.03987094,0.0985102,0.44506148,0.7491275,1.0274544,0.036757797,0.47398815,0.47871345,0.69308734,0.3851676,0.97978795,0.7536466,0.0,0.11462425,0.21893406,0.64544684,0.29215932,1.0757635,0.60405445,0.081435554,0.88975865,0.33270988,0.4233815,1.0274379,0.20002474,0.94447875,0.94709444,0.16337779,0.8179623,0.29213578,0.827717,0.35307768,0.03396684,0.32998645,0.20126387,0.8463269,1.3359311,0.08749494,0.13296448,0.46191847,0.2346236,0.6916579,1.883457,0.42537108,0.42543644,0.25245136,0.065133154,0.39142793,0.23716897,0.6808625,0.15997477,0.16973084,0.35632688,0.6542023,0.41718152,0.6643032,1.1018317,0.6308907,0.14171538,0.7972271,0.5493658,0.22717631,0.2711245,0.0,0.7398533,0.66803294,0.712476,0.8478546,1.129022,0.08207734,0.5483204,0.3673287,0.010366924,0.82442856,0.28404823,0.36032367,0.41551775,0.054540455,0.1463057,0.5202629,0.6487215,0.86687434,0.6554768
0.50240964,0.6386821,0.38214195,0.12295162,0.4167279,0.86286575,0.7793336,1.1666594,0.7834158,1.1643293,0.23670028,1.3129668,0.46251884,0.33013034,0.09570582,0.090104215,0.30749634,0.21447122,0.06588449,0.14766401,0.25446767,0.77509236,0.6314148,0.78424436,0.8899541,0.49527493,0.06339786,0.63821626,0.25991827,0.5157355,0.42768192,0.92745805,0.45886335,0.78041524,0.27771118,0.18144327,0.4192403,0.029009659,0.45796132,0.8139422,0.3503172,0.13705379,0.11598389,1.2361935,1.3675103,0.016998572,0.09415018,0.031304654,0.3626438,0.23820089,0.41025087,0.34447682,0.5346978,1.4654713,0.23078527,0.14188054,1.0511272,0.051626842,0.81788874,0.16570096,0.21031718,0.34370402,0.6010983,0.3924313,0.3653558,0.68788147,1.2691389,0.074396715,0.594724,0.49293447,0.057803404,0.030879885,0.0913478,0.96971315,0.22865461,0.33588874,0.6066638,0.2247351,0.036774218,0.109009236,0.074940965,0.08921239,0.20407227,0.37709522,0.2863193,0.07293618,0.27323937,0.49614936,0.118005335,0.4987064,1.6502327,0.28507704,0.16506936,0.8626319,0.20817044,0.13622844,0.05557554,0.32376555,0.30074647,0.27054906,0.8491198,0.098114565,0.03148738,0.21659994,0.29753816,0.10963777,0.47499943,0.8039862,0.4441054,0.87436676,1.3162081,0.7975452,0.6167226,0.17104173,0.48894072,0.13341802,0.4396401,0.68948424,0.030293573,1.1203752,0.29561016,0.1377935,0.76088476,0.5081001,0.05467854,0.4121145,0.09784717,0.5679945,0.51911527,0.17773202,0.34300494,0.08344893,0.2392217,0.831568,0.26740617,1.1905211,0.5142976,0.7915083,0.6374944,0.33489734,0.7666621,0.0464623,0.59805536,0.7423017,0.59226644,1.0127499,0.9536073,1.005677,0.05808443,0.020602152,0.8592709,0.82789695,0.44523138,0.08161336,0.7381824,1.1865269,0.25036606,0.15432526,0.33366108,0.33647972,0.38932747,0.34009826,0.44056982,0.089692205,0.37436527,0.4173418,0.13244306,0.22455244,0.28822625,0.04356072,0.10982095,0.26950115,0.2600674,0.2162286,0.4930597,0.69820905,0.21813422,0.07175034,0.27986616,0.3375808,0.16843775,0.48331177,0.2804658,0.6324582,0.0862392,0.50087214,0.127871,0.29587534,0.66916454,0.27035624,0.7046261,0.5290341,0.30069107,0.823138,0.22407316,0.40252143,0.25583154,1.036789,0.28910625,0.5370436,0.48027226,0.07202032,0.42143577,0.5379002,0.50958437,0.24535798,0.60492516,0.26175886,0.38517356,0.26001418,0.019767217,0.20368859,0.11843148,0.11939819,0.65616965,0.8014179,0.25017387,1.043435,0.3236972,0.5354356,0.053413875,0.24850358,0.17653494,0.14369296,0.94271797,0.6687014,0.2006064,0.3495608,0.17333287,0.7823522,0.21297841,0.10739288,0.37596893,0.17772013,0.026561506,0.10127714,0.044514358,1.0697057,0.74277806,0.35086167,0.19017425,0.07942304,0.1657772,0.17972375,0.25893372,0.16523853,0.55962837,0.63984084,0.3096794,0.36296642,0.23799515,0.055515997,0.13829462,0.8438364,0.6304307,0.74521166,0.19891095,0.43510455,0.0033196989,0.5142834,0.20442283,0.30435014,0.019324327,0.62835133,0.83376026,2.5555544,1.168538,0.67501473,0.14759296,0.58132553,0.10532889,0.19413766,0.10349094,0.6849761,0.04679949,0.8556879,0.4396518,1.5088258,0.31234473,0.4164797,0.33366507,0.6072285,1.0449753,0.4018503,0.5379424,0.3504067,0.47931755,0.08837664,0.029505841,0.65602934,0.8668778,0.8290777,0.2150474,0.26600948,0.7551178,0.17774536,1.0467792,0.46330854,0.34720165,0.5676859,1.219079,0.27982143,0.41489857,0.7360954,0.2283597,0.76255757,0.1244278,0.47755963,0.9560348,0.47998473,0.24711853,0.6346923,0.8618127,0.16652782,0.8378576,0.98340476,1.0799503,0.47592998,0.59302235,0.13913934,0.70693123,1.1482844,0.16406617,0.14304453,1.0830071,0.20264387,0.022233494,0.1617865,0.22686315,0.5907799,1.3180666,0.6557772,0.22998783,0.10633016,0.058193117,0.32106757,0.46690637,0.40590626,0.24619952,0.3076715,0.06900667,0.8124999,0.5528977,0.42836082,0.08127986,0.54381514,0.09320182,0.67779684,0.408645,0.7739396,0.19387363,0.34347105,0.35919106,0.36038506,0.023756843,0.4056415,0.48950422,0.5231257,0.18576875,0.05566774,0.21659878,0.047699325,0.27113128,0.040751375,0.43950427,0.5526962,0.35782504,0.7355593,0.9087554,0.20575173,0.4183753,0.021380996,0.6441891,0.5797984,0.14565621,0.16436677,0.7994423,0.16440812,0.57940364,0.35401005,1.5532485,0.09247482,1.7140613,0.19546083,0.61070734,0.08757777,0.5981992,0.4625396,0.13569032,0.060783237,0.464943,0.35313246,0.41749817,0.20684688,0.40819472,0.7236829,0.7409172,0.24986714,0.61625755,0.5711236,0.46258724,0.14795431,0.057388227,0.23311809,0.4053433,0.13273181,0.5029219,0.49587113,0.383458,0.6386729,0.54871273,0.1037561,0.2659024,0.16714574,0.42065313,1.1608642,0.14237392,0.13665298,0.09466231,0.36377865,0.74510324,1.1062064,0.3814869,0.053910162,0.5806028,0.21712962,0.5658629,0.2935437,0.337637,0.69432396,0.35833254,0.61810523,0.07790585,0.09388909,0.37433818,0.30937925,0.37923494,0.8128096,0.26427782,0.52950495,0.79113555,0.19812429,1.2177224,0.41847134,0.11754347,1.3689306,0.29044202,0.5754561,0.28050905,0.3404301,0.2877891,0.06143056,0.3309701,0.17317364,0.15628597,1.1225045,0.025413832,0.17392276,0.46297577,0.7792245,0.27330562,0.1209888,0.6717901,0.20288226,0.06797361,0.47393304,0.54535395,0.07928296,0.7120589,0.74557245,0.5026209,0.22264811,0.1612281,1.0356126,0.0659382,1.1218296,0.35837495,0.09687802,0.5249927,0.37040251,0.097471096,0.17288436,0.4439851,0.74616313,0.06926629,0.9944892,0.08424862,1.4332099,0.39209306,0.09954586,0.3020485,0.11762743,0.31107405,0.3234435,0.09465278,0.31465134,0.97537977,0.35207322,1.31376,0.22977908,0.4128325,0.3639155,0.057221472,0.37636596,0.7287557,0.8625715,0.094817,0.06704219,0.25958654,0.07250881,0.56867754,0.98696846,0.72088313,0.33611742,0.34580377,0.37825847,0.5576745,0.3255667,0.35575476,0.48602918,0.043664105,0.6239411,0.62632596,0.35294217,0.7706121,0.33136806,0.5466468,0.48346063,0.47170657,0.04416308,0.20121282,0.44449246,1.3152428,0.124550685,0.2760449,1.3271132,1.208606,0.9834633,0.778306,0.22883141,0.2670578,0.47055343,0.30727792,0.28350282,0.24509571,0.60064423,0.5689003,0.1832214,0.6343874,0.22665921,0.4557443,0.5785217,0.115280055,0.09492213,0.26506308,0.3700912,0.25848067,0.48830014,0.61530864,0.23459497,0.23498678,0.79161173,0.8264761,0.31631824,0.6304202,0.19632816,0.2028934,1.0620003,0.21517822,0.18651769,0.4547707,0.28983876,0.1195691,0.44070297,0.17101356,0.2435116,0.27180707,0.26650393,0.31443167,0.124129295,0.39936492,0.043201268,0.10991332,0.5214828,0.6731444,0.6510747,0.22737898,0.8884933,0.7810587,0.38010544,0.43345064,0.07210746,2.1632442,0.7621943,0.19318873,0.049824297,0.2072139,0.18614614,0.5003663,0.3021446,0.49684626,0.19601887,0.29374292,0.9529826,0.905937,0.42627457,0.21778294,0.0596907,0.86178106,0.40983844,0.039580382,0.8339727,1.2841022,0.05790797,0.5391066,1.4282242,0.2701102,0.014154414,0.130716,0.25405842,0.20677887,0.1758137,0.076669715,1.072468,0.0788534,0.3376768,0.44531426,0.4999681,0.30293202,0.71829325,0.93364906,0.8139858,0.32523996,0.18604808,0.42287916,0.0840728,0.7931776,0.666658,0.010479025,0.16494343,1.0590774,1.610925,0.265306,1.0522336,0.04680664,0.13992262,0.096509285,0.76906985,0.047557212,0.318692,0.2184513,0.27008232,0.3219691,0.22922337,0.90859807,0.59409565,0.50795496,0.079768986,0.6592057,0.5877404,1.2250757,0.23488757,0.5050583,0.5918052,0.10594768,0.030411817,0.11748341,0.09979581,0.6833817,0.020351365,0.105955124,0.31878862,0.042919464,0.18086964,0.6698032,0.16914189,0.136053,0.31806427,0.43909758,0.31832266,0.79067516,0.79184973,0.26091754,0.41638017,0.35714647,0.16389614,0.22073658,0.43070385,0.15682809,0.0102753695,0.056595787,0.20934522,0.33165258,0.43591624,0.18777743,0.41566083,1.5180259,0.14850023,0.43171415,0.454359,0.1868124,0.35614336,1.0784287,0.09361988,0.045327537,0.4772514,0.2806646,0.10367371,0.28404585,0.5323934,0.30986154,0.27930462,0.110062055,0.7514894,0.2700948,0.46914792,0.51260364,0.5051228,0.2620952,0.36968946,0.65771437,0.2325345,0.9393883,0.5838512,0.015250561,0.146848,0.049015,1.5943439,0.14830393,0.14524385,1.466249,0.24801134,0.20790263,0.07544833,0.31147793,0.27633825,0.05323052,0.91220075,0.5351273,0.9526181,0.054862414,0.5228398,0.26838762,0.28782707,0.24015483,0.2695641,0.22104722,0.4504753,0.18022424,0.9789215,0.32050604,0.16974448,0.42990422,0.44095197,0.771793,0.62920713,0.49671984,0.37953174,0.29209927,0.67186606,0.7344469,0.2668474,0.10186088,0.43492272,0.15497354,0.10821823,0.2517894,0.3036475,0.7373544,0.33265626,1.2521021,0.51842046,0.23057854,0.28360862,0.10250484,0.4141235,0.15227869,0.31653354,0.1820749,0.8887603,0.41276544,0.6197477,0.1308196,0.4228244,0.18312335,0.528952,0.63071716,0.71625,0.048191424,0.13278696,0.6234776,0.57080275,0.43701634,0.48117813,0.324934,1.382477,0.28361845,0.738224,0.4752647,0.3663034,0.20102979,0.36257237,0.6394255,0.08196993,0.3414806,0.34227523,0.43397975,0.24125269,0.46789676,0.05434488,0.21696243,0.33711874,0.22040007,0.20783947,0.37915003,0.9256549,0.45831007,0.075344466,0.7242174,0.23860024,0.14879037,0.43349168,0.05748322,0.13558626,0.10992127,0.13956779,0.14989206,0.9226145,0.047122724,0.34565908,0.62974894,0.17711261,0.23576543,0.603038,0.17547815,0.68525577,0.96222174,0.32634288,0.20511542,0.17683226,0.38052282,0.20063284,0.74394226,0.020789789,0.8672515,0.59581554,0.5788725,0.18168847,0.22771117,0.24032661,0.14468163,0.44245154,0.2492342,0.39223737,0.46526682,0.5134838,0.61746943,0.030655857,0.3044784,1.1387062,0.7804724,0.4513477,0.43623203,0.7672876,0.22133401,0.9103951,1.1221981,0.95854694,0.6840364,0.6363771,0.31508803,0.9376869,0.28645504,0.08600364,0.5315813,0.42842555,0.35042423,0.549825,0.10533813,0.10054283,1.1527312,0.32810003,0.14608857,0.8452104,0.23609579,1.603806,0.33306515,0.8579682,0.68086207,0.6489049,0.6251906,0.0103021525,0.38262483,0.4420721,0.17333391,0.22145453,0.32730275,0.25185895,0.08724505,0.31105447,0.099319555,0.3774574,0.52898943,0.15419184,0.9299683,0.023016894,0.27733588,0.5875628,0.4883634,0.19236496,0.62532747,0.29251188,0.8682294,0.14265539,0.29435563,0.008292235,1.2426178,0.15052444,0.7739521,0.2943763,0.6391783,0.6163603,0.17695355,0.87977207,0.7276231,1.1933675,0.16090909,0.29156283,0.16640377,0.31189173,0.45487598,0.5131725,0.30908364,0.34665,0.08984555,0.6659832,0.26253873,0.3476997,0.8516159,0.040918544,0.20425682,0.8717624,0.31445482,0.6511255,0.23967686,0.2657404,0.038650945,0.1936492,0.08529435,0.094965726,1.3370043,0.058850423,0.36304772,0.31159073,0.17313641,0.36339283,0.18209146,0.883055,0.94931847,0.18934011,0.37890816,0.26938608,0.81126696,0.0063468367,0.41161627,0.7345815,0.1575974,1.1504126,0.28055423,0.2687345,0.6554781,1.1750914,0.66715294,0.22071196,0.08222916,0.24732107,0.13020024,0.6299565,0.024841659,0.35425746,0.06759629,0.3674944,0.3045295,0.08401348,0.27398783,0.16493092,0.2856857,2.0391693,0.09644339,0.8356687,0.36528885,0.5114981,0.9019296,1.0200604,0.20883262,0.10082552,0.47434145,0.22211263,0.19659434,0.6222951,0.42516458,0.28626743,1.0507505,1.2167966,0.45911345,0.37987602,0.18568137,0.46559423,0.4124917,0.45469645,0.16329134,0.18913215,0.5290686,0.20598,0.4126914,0.41296852,0.2598773,0.523242,0.19908106,0.17488204,0.7807999,0.22405201,0.5416427,0.24382661,1.1152562,0.4450488,0.20512058,0.13753898,0.31955227,0.50096047,0.3968648,0.6294333,0.62303114,0.09635712,0.13512954,0.23823701,0.29614633,0.71376264,0.14809705,0.597938,0.4123637,0.402834,0.67703116,0.17283425,0.68116003,0.5126895,0.5173251,0.30209392,0.6325659,0.043600935,0.11506185,0.62028325,0.23481494,0.29165983,0.9988825,0.9385812,0.12850934,0.5304563,0.050619192,0.61957,0.15989232,0.31842172,0.15916812,0.35445738,0.93685085,0.32476413,0.075555645,0.7890688,0.17524466,0.06878407,0.5738971,0.2858718,0.11466251,0.024832502,0.51081747,0.44646794,0.112676725,0.512532,0.3259381,0.12693402,0.34501112,0.35518348,0.20244259,0.33834648,0.4175328,0.17858613,0.20461729,0.8045528,0.07362547,0.20941547,0.59169227,0.1135881,0.10424277,0.058465045,0.28958282,0.2938274,0.76491994,0.053525787,0.2833322,0.021272251,0.2043697,0.07180736,0.0057103373,0.53009975,0.1615273,0.26439962,0.004238501,0.3235923,0.2656043,0.39276406,0.4126,0.37341455,0.30973414,0.16616097,0.07393812,0.16171259,0.23827633,0.057798237,0.5203181,0.23905928,0.21642092,1.0990272,0.19157144,0.41705003,0.15645355,0.010916075,0.07121955,0.028749254,0.76537216,0.082797974,0.13130908,0.30223492,0.07157403,0.4259668,0.32533437,0.23807722,0.072195165,0.29373974,0.4770906,0.33477998,0.043720655,0.31543788,0.08877535,0.48534036,1.4554603,0.12640867,0.9601834,0.12529117,0.05767936,0.033162843,0.080616765,0.16911164,0.010348603,1.5600181,0.5380709,0.2866555,0.5099343,0.3360036,0.84039164,0.12545238,0.05424609,0.29572767,0.82011133,1.2749535,0.56299806,0.23997459,0.5920633,0.38077325,0.04606665,0.07889675,0.4141149,0.38139838,0.7380923,0.17590071,0.2740674,0.20477849,0.11046857,0.19907412,0.83891284,0.1453429,0.5910231,0.07453231,0.11254752,1.622867,0.081597306,0.61632913,0.2474308,0.19730234,0.29998046,1.0669879,0.9223568,0.64507544,0.49812654,0.19397795,0.019303296,0.6824979,0.15415746,0.20050344,0.12034117,0.30530196,0.2796087,0.16432565,0.23236528,1.7150719,0.8055303,0.73303187,0.41850477,0.1984851,1.1108763,0.04613914,0.038294986,0.025437977,0.066059664,0.49714214,1.8898165,1.4348311,0.64512134,0.42953742,1.5809045,0.38277805,0.4110892,0.17806828,0.444986,0.8246691,0.30602354,0.20894799,0.19271067,0.75921917,0.06323911,0.7740145,0.11423874,0.20084965,0.15939878,0.17364973,0.55899906,0.13387531,0.12156517,1.5118216,0.40996993,0.8476256,0.15603825,0.23644698,0.32141894,0.44971395,0.109957196,0.78595245,1.1771575,1.0703857,0.16159588,0.0063177897,0.1745913,0.6674037,0.2998853,0.41640788,0.6337836,0.76746404,0.09736933,0.052907873,0.15756476,0.35401666,0.37730798,0.24656074,0.46458593,0.13756749,0.007863164,1.6478403,0.06938188,0.5616164,0.02221622,0.94162834,0.22430903,0.65641665,0.09670543,0.85376906,0.37399775,0.4913203,0.096124664,0.12763801,0.3834592,0.22643942,0.061570372,0.46457708,0.34526634,0.47370163,0.033062354,0.51910746,0.6538036,0.08681752,0.12416975,0.57112586,0.097638525,0.2944727,0.883137,0.48746955,0.45351186,0.5321058,0.2772437,0.1820785,0.048284248,1.6746875,0.010646142,0.24794291,0.45122772,0.029940832,0.43297315,0.1387319,0.49709734,0.22536778,0.37453386,0.073328905,0.124339156,0.36161274,0.099014714,0.010184677,0.06356108,0.008367362,0.04893869,0.19120814,0.37910435,0.30394894,0.8814357,0.28556198,0.108286135,0.43669224,0.116262265,0.2337543,0.10721311,1.1427952,0.81368905,1.5565622,1.4062508,0.021778231,0.090039805,0.48706925,1.4880813,0.6856595,0.7090229,1.2726451,0.16165987,0.7218119,0.35558805,0.43516302,1.1834056,1.032897,0.05136644,0.20122796,0.55178034,0.22248419,0.55046713,0.13650739,1.0359056,0.5976309,0.69757175,0.25381416,0.2752138,0.49073517,0.43978393,0.010500626,0.14662237,0.51330245,0.31669313,0.35962045,0.014621862,0.06223389,0.017986597,1.6629012,0.58443344,0.09107101,0.6327677,0.045907594,0.59541315,0.28284985,0.62012,1.1555086,0.64074636,0.17817664,0.43438464,0.6581392,0.4667537,0.4676752,0.18912701,0.8792634,1.0801141,1.7196939,0.25335562,1.5238105,0.034422897,0.056622196,1.0369301,0.8061483,0.19440559,0.007090442,0.50382936,0.731154,0.40955228,0.4903412,0.80728006,0.40499473,0.34943527,0.47670612,0.2685916,0.9753158,0.40242255,0.35680652,0.59532547,0.1774604,0.27198318,0.52506083,0.2743783,0.01336729,0.55800444,0.32745296,0.3812989,0.4718038,0.21855135,0.38789928,0.55804265,0.24053034,0.99450386,0.33058566,0.20967253,0.5206688,1.4685915,1.3152876,1.3895855,0.025305863,0.2258468,0.007346186,0.10506767,0.23247758,0.121975325,0.12609753,0.55131155,0.0048227776,0.030098606,0.6534521,0.34680274,0.3987857,0.17105505,0.6570138,1.4601531,0.8606252,0.12659492,0.13962364,0.04506226,0.3285776,0.060828503,0.8398318,0.6952859,0.0030419482,0.49585253,0.48203555,0.91677785,0.119294174,0.19167493,1.5064936,0.44180906,0.39264965,0.5060719,2.0246823,0.46551707,0.9531009,0.45923546,0.8782081,0.24707589,0.96347827,0.061966438,0.36502248,0.0439824,0.10830538,0.08556366,0.06307997,2.186326,0.62194574,0.03386589,0.6786432,0.3609531,0.10126066,0.35742974,0.6544175,0.13130283,0.7143178,1.0865333,1.1311224,0.38802922,0.037704106,0.00975731,0.33528632,0.066954784,0.22573921,0.16650361,0.07705527,1.083086,0.019892447,0.5002179,0.09637949,0.3558458,0.12846841,0.2228046,1.2580329,0.03749808,0.17635548,0.14716116,0.6716279,0.7402479,0.039382644,0.20444238,0.00531674,0.09803915,0.7069738,0.169994,0.3366664,0.27154595,0.28299037,0.07453477,0.113021754,0.19008926,0.24544062,0.1678684,0.6784545,0.1653955,0.39687556,0.9271983,0.0017950616,1.0504036,0.5718459,0.35582826,0.44417167,0.5333924,0.010518424,0.1575914,0.008571206,0.8368326,0.07893187,1.1937398,0.080393665,0.19220835,0.18437923,0.6240565,0.04926448,0.8010938,0.15435219,0.9565485,0.8747754,0.22980927,0.869941,0.0061953235,0.03573026,0.26630372,0.89109063,0.43126357,0.21044219,0.04696227,0.38487646,0.21268222,0.42181903,0.3124481,0.38018024,1.0573623,0.1573415,0.487189,0.24308145,0.5102364,0.4174542,0.0020134985,0.36352405,0.07643221,0.03495788,0.0321431,0.40504265,0.29803762,1.7237394,0.053152926,0.4083888,0.14669733,0.10724325,0.1470343,0.03461945,0.27031454,0.67382807,0.09747428,0.38430643,0.4490934,0.23123515,0.08338492,0.73067284,0.22209945,0.19534066,0.07784598,0.75176966,1.3729787,0.32294172,0.34411037,0.4855087,0.015311158,0.06269568,1.090364,0.11583482,0.14940614,0.3696022,0.16564018,1.5751679,0.6009691,0.2808215,0.47071832,0.4283983,1.2153339,1.0059197,0.37135622,0.23299852,0.5074229,0.033827048,0.014598105,0.30082852,1.2133402,0.15844598,0.7830771,0.19266734,0.5809841,0.63693964,0.29314995,0.28537184,0.33336002,0.26224837,0.58662856,0.5251055,0.05068917,0.07844034,0.62898207,1.0497501,0.72907305,0.76230145,0.16909122,1.0104132,0.65201724,0.86094725,0.038772352,0.0,0.8151854,0.12694567,0.6575078,0.39962038,1.1868378,0.23815164,0.2703597,2.5508504,0.105158605,0.21703151,0.835008,0.30318734,0.1618802,0.56057286,1.076859,0.84064955,0.41685134,0.02597633,0.98914343,0.16542241,0.7152628,0.0032167516,0.110805705,0.9249419,0.5508372,2.2445683,0.034142323,0.19383308,0.4258905,0.11168115,0.2117952,0.57093453,0.9342136,0.73629487,0.24385688,0.64194226,0.5371563,1.1352581,0.049626894,0.6341522,0.16259034,0.4341181,0.24026334,0.03687547,0.08362365,0.013669763,0.24774289,0.30738705,0.102749765,0.47177923,0.60580665,0.58675736,0.15125018,0.34510773,2.1592555,0.6399832,0.09397537,0.1065992,0.10446112,0.31491464,0.039270326,0.47189206,1.5618331,0.85125285,0.9809233,0.19621792,0.30030432,0.033997476,0.88771915,0.05765483,0.1397267,0.0016753386,0.28041008,0.15134336,0.023639176,0.7811326,0.45368662,0.28232497,0.021360207,0.12107195,1.9482661,0.004706723,0.002306652,0.92856896,0.42621994,0.43062526,0.49390697,1.1541874,0.46193427,0.56437707,0.28864563,0.57117856,0.46438524,0.20434868,0.044817097,0.43036276,0.33059692,0.21257605,0.5997232,0.24912472,0.60757416,1.593143,0.5629705,0.39667583,0.06862609,0.511294,0.058248516,0.21978545,0.7680726,0.3470251,0.25854498,0.4889698,0.27736276,0.023639226,0.301363,1.7071204,0.11369106,0.8012301,0.80012035,0.79662335,1.808675,1.2893403,0.3971948,0.28747398,0.076207764,0.44830936,0.28579322,0.26494506,0.3204654,0.96017444,0.97302854,0.19705051,1.3421859,0.30402327,0.06465191,0.04385367,0.15743938,0.6088479,0.17532805,0.3861264,0.51895905,0.11733407,0.0424481,0.3104818,0.8060889,0.9658536,0.09133731,0.06322874,1.1060238,0.004556503,0.42579025,1.1521931,0.35471505,0.1869646,0.1516979,0.88166,0.1782268,0.6261218,0.15868154,0.65719485,0.9098765,0.38619912,0.04916247,0.28457195,0.1275497,0.23839408,0.49363017,0.9572736,0.100634396,0.39847952,0.043675892,0.39650583,0.6459733,0.3736785,0.25628686,0.052108753,0.005606396,0.3202436,0.17318779,0.06303905,0.33624303,0.56236553,0.21371812,1.1929265,1.7008171,1.2331966,0.250031,0.4110939,1.7875636,0.08800629,1.1516967,0.32224166,1.4965049,0.06609859,0.15152219,0.14626008,0.7232784,0.2830337,1.1849746,0.42624927,0.23983577,0.4740926,0.6277896,0.83105683,0.45073634,2.0393565,0.1904799,0.5979819,0.36591816,0.9412547,0.26856142,0.07588282,0.7296444,1.1753324,0.9234357,0.049541317,1.4435956,0.21714644,0.4627506,0.8115697,1.2436604,0.19192109,0.11702238,0.41252837,0.7854542,0.118957825,0.42643112,0.29178557,0.013649528,0.26814577,0.0517176,1.5145944,1.6788628,0.3029331,0.83809996,0.42330733,0.14854354,0.26468292,0.36755162,0.2691505,0.22,0.57738364,0.37674165,0.08729046,0.10223739,0.7633256,0.9445757,0.3783288,0.4641811,0.24421978,1.3198159,0.12761077,0.3207855,0.035166115,0.1149348,2.3190851,0.4736832,0.3679691,0.025236156,0.090942554,0.23399094,0.9554717,0.6206596,0.31876656,1.4706202,0.83252126,0.79050314,0.29106376,0.7882794,0.15676153,0.0010611328,0.66348964,0.0449968,0.16996181,0.10113543,0.5241949,0.16574721,2.6980412,0.40157557,0.404884,1.1116935,0.5403473,0.0958416,0.8374003,0.0,1.6162103,0.5470766,0.56911606,0.87032086,1.1677215,0.2091024,0.2069179,0.1097604,0.0034157403,0.21622881,0.23977995,0.41170335,0.86332667,0.08442247,0.17220524,2.0871093,0.4335453,1.3955327,0.7784292,0.40583074,0.698774,1.2278063,0.20042801,0.014846795,0.45774907,0.24567291,0.42736128,0.3935375,0.6175419,0.00025626778,0.25896415,0.5009629,0.7835718,0.17291152,0.16573212,0.9802358,1.1042583,0.24710359,0.27577594,0.14974295,1.1426055,0.38397968,0.074554764,0.24168628,0.72507846,0.45569843,0.9870511,0.03535646,0.2927897,0.54887885,0.5423865,0.45407587,0.84076303,0.7887057,0.0,0.07102224,0.37446338,0.32642114,0.4048233,0.38067365,0.6104775,0.0015550478,0.98965645,0.14435431,0.5241091,1.0392249,0.26867598,0.49143237,0.96111166,0.22933157,1.0538869,0.27645636,0.509832,0.25440842,0.08553678,0.16539086,0.4118845,0.73985475,1.3645555,0.25911483,0.3117563,0.23234637,0.8192545,0.12782705,2.1937559,0.43822077,0.21859719,0.19905043,0.032385312,0.39620858,0.27071828,0.6077612,0.25492975,0.1616621,0.58391976,0.80366564,0.39850426,0.74764836,0.7192346,0.7023349,0.25239474,0.46580458,0.66994596,0.3027578,0.021240134,0.037531085,0.6160737,0.47782576,0.21943061,0.7029765,1.0762614,0.099704616,0.566707,0.8615984,0.0,0.8636862,0.34653732,0.67229927,0.4301018,0.15975058,0.1796683,0.5064131,0.7909042,0.9681101,0.56963086
0.5098046,0.3815297,0.2555484,0.117061555,0.5924228,0.74997616,0.80681753,1.4118423,0.7134544,1.0430908,0.23146424,1.2090139,0.19343098,0.2853505,0.057424035,0.099476054,0.19111402,0.23209345,0.12944171,0.14828417,0.08709562,0.49706465,0.5628723,0.8022991,0.7630756,0.36086488,0.057253115,0.5697857,0.33788294,0.5883535,0.40878016,1.0126238,0.36978352,0.74230677,0.21813,0.14621821,0.35817242,0.019297278,0.47686568,0.6669775,0.3096577,0.1658617,0.11347921,0.7082977,1.6117567,0.093660064,0.071637005,0.018038595,0.13258407,0.3697099,0.6729638,0.26059192,0.47715348,1.2661333,0.26003188,0.15988088,0.59511936,0.07096205,0.5590622,0.11751762,0.292331,0.39876342,0.39040312,0.35720915,0.6187208,0.67443275,1.1031666,0.09980643,0.50792027,0.30133653,0.14671123,0.047373053,0.22732268,0.7496947,0.44436157,0.2313526,0.49510908,0.22303762,0.02178553,0.25733614,0.084923536,0.11196569,0.21400738,0.5731602,0.41905478,0.051205233,0.34506646,0.25903532,0.15955979,0.29179606,1.2716777,0.32894984,0.1655496,0.52706873,0.20567873,0.31902856,0.07480671,0.25224197,0.10293139,0.29147595,0.57544124,0.18992479,0.03050177,0.27118552,0.31897372,0.14763686,0.3901176,0.48378292,0.47998387,0.75197375,0.93505126,0.9707513,0.6524084,0.15553279,0.39646485,0.13772264,0.7295055,0.80489755,0.0065899557,1.0500944,0.29693246,0.23036042,0.71082217,0.49483135,0.10298407,0.66535115,0.17414449,0.3424672,0.34418505,0.13788265,0.123168096,0.15859008,0.1808567,0.59271455,0.33464456,1.1497548,0.4700389,0.5829891,0.41493964,0.63719046,0.76323235,0.07447343,0.68654686,0.5339519,0.57538795,0.87531304,0.7170517,0.6684088,0.06963804,0.0545457,1.2409623,0.42005104,0.6694931,0.054438356,0.576033,1.0531173,0.15342128,0.12424216,0.33236492,0.28738475,0.2933511,0.64527416,0.41547215,0.08231585,0.44414043,0.4310401,0.10869603,0.24013865,0.35053176,0.097577944,0.12574065,0.28911716,0.3357647,0.13914278,0.5101478,0.52314234,0.1792523,0.105914414,0.23750456,0.35203606,0.25082603,0.5050981,0.28781676,0.7237866,0.23704676,0.4678023,0.13343468,0.15984678,0.6170471,0.2998625,0.45220876,0.639874,0.1012389,0.8578418,0.38029706,0.1345953,0.12597124,0.77972054,0.35925052,0.4396736,0.66884196,0.099737376,0.21911007,0.4125748,0.49364254,0.35351557,0.496909,0.100997016,0.4254222,0.19964011,0.014252017,0.14724064,0.15544237,0.09225296,0.47351,0.4946189,0.23250136,0.93893254,0.1982109,0.3893298,0.016423441,0.2113866,0.053590417,0.08327694,0.73745704,0.5065954,0.2162618,0.29201356,0.6257801,0.69251347,0.3434649,0.067967586,0.29627568,0.1788222,0.06484844,0.166085,0.24016081,1.0519707,0.74883425,0.392559,0.2902831,0.15878874,0.18062228,0.11860587,0.21746291,0.1537645,0.4201306,0.45022273,0.258573,0.48177004,0.23041266,0.08609179,0.14161533,0.7551581,0.6082432,0.6057005,0.23868057,0.28605157,0.041422203,0.41806436,0.2100239,0.33389792,0.013720419,0.79401815,0.44686496,2.1085715,1.1770933,0.4961655,0.122777864,0.53867245,0.12414003,0.08827669,0.1292679,0.6292373,0.13210927,0.7519826,0.37453538,1.2046554,0.38847983,0.36865902,0.28862122,0.785987,0.7655321,0.25690842,0.5870222,0.41157323,0.5188856,0.09484944,0.026612088,0.5400354,0.8073749,0.5514033,0.26342618,0.2608551,0.6592211,0.23369475,0.7277676,0.39712682,0.36735955,0.44646358,0.9677331,0.34296608,0.5285911,0.63730466,0.28672522,0.6873618,0.40889686,0.46821058,0.78442377,0.4750774,0.115677744,0.86092794,0.7967127,0.15904163,0.89401877,0.9365096,1.3769877,0.42238882,0.5637828,0.41578245,0.9508331,1.1677233,0.16594245,0.082812764,0.75935966,0.2641622,0.23631275,0.23049527,0.42549872,0.2486278,1.0134512,0.38706386,0.90231365,0.10882148,0.047511358,0.3132973,0.47500587,0.27298158,0.20759146,0.12936458,0.13847874,0.83636767,0.14164892,0.29331124,0.07632302,0.256065,0.10937053,1.0467777,0.4368295,0.6444458,0.5530112,0.5579302,0.35635757,0.42479968,0.027062953,0.33682835,0.8687327,0.19641614,0.09015843,0.16234435,0.040896624,0.062208302,0.3106256,0.0389902,0.4240334,0.5171423,0.95361143,0.4134464,0.6643733,0.24787956,0.26373342,0.006103396,0.26801044,0.4408362,0.057197977,0.23094165,0.37637106,0.2515737,0.548388,0.48815122,1.2082046,0.10973537,1.1166729,0.22287151,0.2658391,0.05160134,0.18455198,0.670526,0.1687668,0.092980996,0.20393954,0.47884214,0.3486203,0.37958762,0.0845202,0.79028606,0.3356011,0.31110978,0.47893262,0.4404528,0.22432959,0.064538896,0.010690637,0.06281208,0.5002145,0.13804504,0.50129527,0.5077623,0.35421234,0.73995817,0.21433645,0.09544345,0.32268158,0.13822801,0.5159234,0.91410595,0.121748805,0.0144875,0.07810067,0.28873727,0.80774176,0.6921502,0.14122814,0.12755273,0.51526064,0.26569015,0.4493791,0.33124337,0.16789329,0.3214651,0.23331736,0.4093728,0.045510333,0.07999138,0.3366807,0.36250687,0.32458293,1.2101172,0.29877353,0.3539273,0.2590478,0.06545997,1.3118446,0.46729165,0.17646576,1.3163532,0.17614555,0.6139577,0.31245235,0.2106473,0.6143706,0.1750135,0.22092125,0.13048942,0.05375479,1.3407471,0.03822375,0.39059728,0.29428473,0.32890302,0.17699309,0.01041684,0.40792638,0.30614358,0.025268164,0.4897974,0.14231147,0.052079484,0.8440939,0.2550919,0.349213,0.10326175,0.15622221,0.8994356,0.42164218,1.0196743,0.35412538,0.2650162,0.64991295,0.17517447,0.11092754,0.18107066,0.37604138,0.7081345,0.20551872,0.64710397,0.070580795,1.5970484,0.26599967,0.28064626,0.55433935,0.15982115,0.40785295,0.3536784,0.05871419,0.24086715,0.7050094,0.24063027,0.7538102,0.13929626,0.3455948,0.21594548,0.012391046,0.14916644,0.6027438,0.55547905,0.026550805,0.064987585,0.29728854,0.16807213,0.6947174,1.0256774,0.6478425,0.5774882,0.5112616,0.31135142,0.6116097,0.47291026,0.13245729,0.38117218,0.0057786424,0.6814932,0.4563486,0.29701298,0.52546996,0.58839893,0.9131325,0.36951217,0.5613394,0.11036053,0.13930786,0.3000898,0.86534,0.50131583,0.45060834,0.58883435,1.1871238,0.5024941,0.7714043,0.05583622,0.20387861,0.346188,0.11778035,0.13394637,0.15381867,0.81295776,0.19362754,0.17889804,0.7939693,0.3114196,0.2809862,0.80439246,0.065367304,0.418684,0.42123258,0.28012148,0.04022979,0.6604842,0.61986846,0.3826762,0.2652738,0.6538924,1.4973218,0.2528667,0.39931986,0.16744435,0.13040462,0.73811144,0.2927265,0.10150276,0.40293694,0.1819303,0.1840871,0.06528782,0.22246452,0.08375168,0.18864933,0.55352366,0.15296493,0.053097315,0.6000115,0.12301223,0.1142776,0.4220732,0.39977357,0.7236482,0.24220279,0.5426574,1.1284462,0.103671,0.46079022,0.007341136,1.5031197,0.5563372,0.36378396,0.005619632,0.21510513,0.1407199,0.7705995,0.40806377,0.08743143,0.27285653,0.056514055,1.2196536,0.65255445,0.40068537,0.18031771,0.033445824,0.35312968,0.43162876,0.046057694,0.73537064,0.58488154,0.32842284,0.40972948,1.0708178,0.29704157,0.061904617,0.17134836,0.14180616,0.16271412,0.14120127,0.14778969,1.089869,0.07767099,0.44148213,0.34679535,0.99639356,0.114782006,0.7316793,1.3136644,0.46537495,0.40911907,0.24888206,0.5325414,0.10245959,0.43896237,0.25853306,0.015404462,0.19031173,0.49560273,0.9598592,0.23361564,1.0170082,0.10194595,0.12336749,0.18729869,0.48378772,0.1422313,0.28611702,0.27684128,0.2977612,0.106151834,0.17607972,1.4068235,0.43176767,0.49108958,0.14512461,0.59974504,0.17583297,0.86820143,0.3881119,0.828735,0.38890517,0.15614745,0.52619445,0.13783208,0.053400997,0.62355065,0.038477488,0.01643068,0.25420046,0.09191762,0.40489355,0.40917435,0.13329606,0.12315162,0.4961359,0.21116738,0.28578842,0.79662174,0.45950794,0.22942996,0.35500455,0.22362429,0.07299659,0.13829868,0.3090689,0.049817223,0.044705693,0.28917292,0.2733218,0.19334003,0.26685774,0.24614888,0.23011686,1.2521265,0.2677681,0.674144,0.43478763,0.07410535,0.15202582,1.659687,0.067912,0.18786122,0.7633046,0.30430484,0.124349706,0.28019232,0.47842538,0.21341556,0.05561433,0.36042416,0.9485992,0.48844594,0.22117698,0.5420464,0.26983136,0.07692149,0.22247797,0.4322458,0.17761359,0.7496755,0.32726955,0.099570364,0.20496422,0.02900339,2.941223,0.15246281,0.17169702,0.8938358,0.4724189,0.11829443,0.027210671,0.30861935,0.28525674,0.020429187,1.001297,0.5219236,0.95270634,0.03409697,0.2528662,0.08756742,0.40729338,0.28949124,0.5280007,0.3179819,0.36303326,0.10242473,1.0756127,0.40059823,0.19301851,0.25661588,0.41487634,0.39324498,0.31732276,0.38193563,0.31415445,0.2307226,0.46461424,0.96688616,0.3901056,0.0048793657,0.33192232,0.1698331,0.2962238,0.120338365,0.3559249,0.85938317,0.28362045,1.1621842,0.28179353,0.19440724,0.11718821,0.016379522,0.47483778,0.1867036,0.1386679,0.11067002,0.46418673,0.28059882,0.7766179,0.05508011,0.30475122,0.37232548,0.3723635,0.78786814,0.6767951,0.12348135,0.070958965,0.7781063,0.49223357,0.8681059,0.400693,0.37762743,0.89215004,0.22616844,1.0454787,0.39505714,0.31065238,0.14825349,0.29008102,0.22056635,0.08006534,0.7594465,0.37898973,0.6684532,0.3484555,0.29316634,0.1682586,0.33797508,0.24440987,0.08622845,0.17992419,0.22527559,0.309803,0.28304306,0.06985302,0.48836163,0.27750164,0.51812637,0.55467075,0.15690766,0.16054004,0.08850213,0.23945281,0.14843814,0.7026592,0.11891073,0.3209889,0.6758392,0.25429082,0.40534866,0.4846998,0.27175182,0.38773304,0.85737437,0.15170804,0.1839843,0.30289704,0.43078065,0.3799265,0.54393995,0.044022895,1.1312244,0.3679479,0.4848076,0.5600672,0.403109,0.26125005,0.12856956,0.41211957,0.11269329,0.03813836,0.43327972,0.8498002,0.7672917,0.07161789,0.23570272,1.1377527,0.40951908,0.25384402,0.3352968,0.73707443,0.20923883,0.6189091,0.78596914,0.76233613,0.6932101,0.9349995,0.35015708,0.7565726,0.44824073,0.25359312,0.42762482,0.2443068,0.16970193,0.655767,0.24448222,0.2985345,1.2516525,0.18174562,0.21937451,0.73869705,0.06347168,1.0408427,0.35014844,0.44212285,0.35173914,0.529946,0.48765036,0.026648486,0.24896365,0.55467904,0.18540916,0.5000523,0.37840807,0.28494015,0.072111525,0.33794475,0.4195769,0.12318501,0.78206193,0.09877234,0.44759533,0.26763892,0.09855963,0.43297273,0.21185485,0.4634585,0.6377603,0.12273512,0.48099855,0.22122233,0.33317477,0.052739013,0.73105335,0.099803604,0.89311624,0.111400366,0.9673102,0.56544507,0.109690316,0.61919653,0.66483665,1.1613917,0.14168555,0.33539873,0.10688419,0.13961986,0.25082773,0.30148724,0.41057032,0.4996754,0.15870753,0.30750737,0.3250345,0.38062993,0.54812187,0.02399884,0.09557465,1.2851928,0.3021276,0.62981725,0.05005102,0.21543288,0.020932144,0.34438112,0.17260475,0.27115133,1.3925498,0.03489668,0.23912677,0.20880842,0.3279767,0.29276958,0.19720621,0.78139687,0.48460358,0.19334969,0.08471463,0.37031326,0.38529918,0.06450163,0.22419533,0.4191221,0.0456049,1.2941953,0.2685882,0.3085801,0.75212204,0.7169029,0.59233737,0.39815694,0.15538937,0.37291753,0.07971862,1.0570071,0.17527708,0.24852425,0.099775895,0.15043537,0.056146402,0.18124014,0.08239707,0.21568927,0.18742405,1.7678914,0.00022456696,0.6293965,0.34241986,0.36167163,0.5276966,0.5495818,0.12081519,0.2559427,0.39606068,0.13445477,0.08198579,1.0038497,0.33246493,0.25552493,0.85104555,0.8321065,0.18731532,0.7197319,0.06447983,0.69882065,0.22470367,0.51307505,0.17417833,0.1575141,0.7216176,0.100714184,0.6748128,0.35299432,0.19409221,0.42217243,0.04429446,0.22194044,0.8049222,0.100297555,0.83937985,0.1658284,0.91763204,0.2914575,0.3588571,0.034109306,0.31808585,0.43210304,0.13974029,0.6053547,0.6600727,0.009145364,0.039615322,0.30897677,0.09108969,0.57972133,0.14742038,0.61496824,0.27137184,0.5755614,0.9601146,0.20429254,0.9278947,0.33773386,0.35718453,0.5377166,0.49602413,0.11587287,0.19648936,0.55338484,0.075273626,0.59928966,0.51848567,0.5010952,0.04268235,0.5338904,0.03833409,0.80317736,0.15899587,0.36420125,0.1174501,0.2270467,0.93092734,0.28339902,0.251956,0.5170231,0.22519135,0.028965656,0.39496216,0.49057347,0.084542856,0.30488366,0.5552258,0.24215361,0.19086069,0.10224381,0.16250291,0.06606682,0.2741291,0.154749,0.21300185,0.19889358,0.28294986,0.35992637,0.16295461,0.3677559,0.052402448,0.08802541,0.71147263,0.1613267,0.029599443,0.049199495,0.27276036,0.41839695,0.045689326,0.09027914,0.39258647,0.038357917,0.14133324,0.038891517,0.01560516,0.4776001,0.09564905,0.35946912,0.027905371,0.36858022,0.13887972,0.36902925,0.35713798,0.5978263,0.37401083,0.042649806,0.22258535,0.10009332,0.06724903,0.02288094,0.59240085,0.060063966,0.26288873,0.74519384,0.13494042,0.5446742,0.09511907,0.012604076,0.008484067,0.0,0.57746196,0.011386329,0.12957114,0.08468971,0.043766618,0.17664963,0.23507793,0.10126697,0.058024593,0.1782687,0.31805074,0.09031072,0.050124265,0.10389208,0.31225535,0.43487024,1.4242587,0.11036247,1.1057472,0.10064512,0.049361363,0.012719618,0.06365072,0.2593265,0.023829537,0.89676225,0.6011119,0.1795845,0.359864,0.4211722,0.3719271,0.22865626,0.038783766,0.21877714,0.97970635,0.49669367,0.15590407,0.077473074,0.36164534,0.4026322,0.0014682128,0.0023116916,0.02931856,0.39349708,0.6428589,0.14680296,0.17789844,0.01670067,0.0049441513,0.31538385,0.66432726,0.091683894,0.11044022,0.033051215,0.11484207,1.5963488,0.04551495,0.30924666,0.24556851,0.13775676,0.0,0.5936028,0.6683337,0.3930201,0.28891212,0.22832412,0.0033280747,0.5850955,0.015001606,0.41309786,0.042132325,0.23599312,0.059063595,0.21956277,0.05843832,1.4118354,0.3598876,0.14046523,0.2554172,0.09865868,1.0241855,0.11935774,0.045513257,0.019136973,0.016381955,0.3541155,2.010518,1.0917249,0.45783904,0.5800111,1.4281203,0.07214419,0.23950565,0.053806737,0.45667267,0.48937288,0.2060766,0.0,0.15648061,0.32965204,0.06992594,0.617028,0.31470335,0.26361018,0.026422484,0.02700046,0.27651185,0.05118368,0.16941266,1.1605246,0.83406454,1.046484,0.11499956,0.26295125,0.37972665,0.16887756,0.04892899,0.5631235,1.658072,0.87811744,0.112546846,0.0002534169,0.22757632,0.44741893,0.0733556,0.33589733,0.55549526,0.95939016,0.00432025,0.25638962,0.02828117,0.06722815,0.49890915,0.14898905,0.078238316,0.12006468,0.014666166,1.2746851,0.11680933,0.7971314,0.0057824003,0.5049573,0.12892094,0.8559056,0.25368094,0.5580442,0.4232343,0.2233419,0.11382862,0.12439558,0.16944239,0.077942595,0.07174435,0.36018872,0.3023118,0.33560658,0.02279736,0.5278333,0.6436933,0.10265109,0.12645614,0.15830135,0.052231185,0.20719999,1.0036986,0.5981606,0.046959713,0.4188865,0.067952156,0.1491805,0.018345492,1.5830544,0.02365905,0.35048065,0.5155156,0.07699844,0.093513496,0.030135768,0.6246014,0.11755689,0.17777535,0.04865811,0.08193517,0.44650787,0.19516143,0.046882235,0.11331949,0.0127639845,0.03430386,0.078170314,0.08090827,0.3593979,0.589599,0.29369077,0.1459626,0.5885356,0.23916215,0.12127246,0.05760182,0.74747205,0.37683028,1.4962977,1.2065759,0.0008898171,0.11511466,0.67758715,1.1728714,0.26658776,0.61762595,1.8733408,0.0872539,0.6198765,0.32066342,0.37883997,0.33761233,0.8955619,0.079119444,0.15161291,0.33977905,0.03996952,0.7599329,0.17604941,0.92508304,0.6214541,0.6301359,0.35433552,0.28847033,0.03668219,0.46301144,0.043134958,0.3767529,0.078433126,0.3925265,0.24835354,0.020531084,0.03944764,0.013711499,1.6263715,0.705284,0.03892649,0.4747268,0.012712963,0.7451553,0.08124801,0.21222293,0.95250833,0.37896287,0.12094339,0.34079382,0.31995726,0.3814115,0.3719224,0.2875089,0.5032107,0.73188794,1.7603662,0.30570853,1.0008372,0.02974846,0.06553412,0.6974835,0.756285,0.32266903,0.019703139,0.30776408,0.38653624,0.20189995,0.4614611,0.73101723,0.30772686,0.21671447,0.22216387,0.30129266,0.8112085,0.3283999,0.35911053,0.46187347,0.116311625,0.20510288,0.26530463,0.07547735,0.0017552328,0.281421,0.47027504,0.72843015,0.55812395,0.2841522,0.31601346,0.4317319,0.20038992,0.97910506,0.19622551,0.32790348,0.6096026,1.3940619,1.3545833,1.2344891,0.035836276,0.10446105,0.040842906,0.18184665,0.34019786,0.18315147,0.10146066,0.46060443,0.018110491,0.017566234,0.45511335,0.15090498,0.068767145,0.033224057,0.7269522,0.74367094,0.93281364,0.26379448,0.1285883,0.028262485,0.14603353,0.054021403,0.77159333,0.4078881,0.0064276718,0.5763836,0.78213406,0.561562,0.14586395,0.042938925,1.5490808,0.29216108,0.9906043,0.40116984,1.4465946,0.17553988,0.67542577,0.773564,0.87313163,0.2681665,0.7873095,0.02008531,0.34387058,0.009241959,0.05004655,0.06684247,0.014366301,1.7651229,0.37923294,0.0119975805,0.7457952,0.19314817,0.06360316,0.40729725,0.7184583,0.060141474,0.56801635,0.55534303,0.75256014,0.40179843,0.014911894,0.0038003535,0.06150415,0.08491059,0.32504117,0.35255086,0.02623897,1.0428108,0.002674813,0.20574851,0.17186928,0.21726397,0.060269754,0.055905752,0.8671385,0.09753685,0.26697502,0.0050365133,0.4359584,0.599121,0.0,0.16760854,0.0078043523,0.1268128,0.5352721,0.3596419,0.43780926,0.22111244,0.26262474,0.012826426,0.12543976,0.26541382,0.29460412,0.16523187,0.21925762,0.12843151,0.5749868,0.34297013,0.027838958,1.1199863,0.3130827,0.12936458,0.5135114,0.4749093,0.00538324,0.2987462,0.013158594,0.7088623,0.06635389,0.76338387,0.100642756,0.09843846,0.28047854,0.39393187,0.0548108,0.77511847,0.24050602,0.41039145,0.48955727,0.22158256,0.69766796,0.043240767,0.035898015,0.17273736,0.6412215,0.30786675,0.18599656,0.103542134,0.29641697,0.0023767643,0.3695438,0.48915464,0.29304844,1.0315452,0.13112232,0.6241838,0.038932074,0.4674127,0.022994047,0.034516275,0.53125364,0.084520325,0.0,0.003654121,0.29503408,0.30123276,1.4723284,0.031940162,0.063658044,0.21013272,0.28349,0.19654265,0.008035227,0.25780612,0.6323204,0.11974923,0.10064247,0.19683942,0.13001545,0.04627113,0.4684971,0.15778987,0.049266927,0.039496977,0.3769681,0.96399504,0.04887105,0.5576781,0.2333746,0.08813073,0.07839002,0.6753408,0.26084614,0.1209207,0.5148737,0.13577724,1.192349,0.36652893,0.12688321,0.36871982,0.6866832,1.0543333,0.5425163,0.17268401,0.05507967,0.07297274,0.074284084,0.03508108,0.18736392,1.1561438,0.2117505,0.37542048,0.23246248,0.4958688,0.39660847,0.1776559,0.14770158,0.21880865,0.49857163,0.17734721,0.6118495,0.07499422,0.04563691,0.24189591,0.66551316,0.3550052,0.7201655,0.10084501,0.8103838,0.7568246,0.58476955,0.058441296,0.0,0.6745784,0.0,0.68561375,0.47591728,1.045198,0.11059281,0.1574121,2.0148602,0.2599334,0.3771103,0.81580913,0.22252518,0.20386791,0.3892401,0.7245437,0.8772397,0.9054715,0.040774494,0.72206485,0.25375396,0.91818154,0.0,0.10251459,0.49912456,0.118523076,1.9528828,0.14542902,0.14617363,0.38496935,0.09882518,0.16966414,0.41621536,0.56040657,0.80276495,0.041906513,0.61873734,0.36537877,0.66028583,0.17203,0.45680285,0.048459433,0.08781395,0.3281181,0.07589392,0.05820951,0.036697447,0.10556359,0.33999768,0.10421117,0.48564887,0.7017801,0.8097519,0.12124604,0.35131425,1.68005,0.71390426,0.28313544,0.046578888,0.111328214,0.10346866,0.025829438,0.21601638,1.6434721,0.57005,0.7542508,0.16530406,0.21521112,0.026625263,0.46386993,0.1603996,0.09833146,0.0,0.31078738,0.17498931,0.14887592,0.8793917,0.33844584,0.22200811,0.084302634,0.16352071,1.3981123,0.011736309,0.02592558,0.8346975,0.31927124,0.5709317,0.49985605,0.6511084,0.2675686,0.63912934,0.16973522,0.35408658,0.3858176,0.043036908,0.020032132,0.1272135,0.109654844,0.2749688,0.76861906,0.23672889,0.69374096,0.99291587,0.76019573,0.19899529,0.14092548,0.2024357,0.018494043,0.047453254,0.90737456,0.05471486,0.14264354,0.40490142,0.52658224,0.003814645,0.32279098,1.2397119,0.023968894,0.9410933,0.7029486,0.40690082,1.4553572,1.1938322,0.24487342,0.23114581,0.05729251,0.3432401,0.5850327,0.22920734,0.2078532,0.6876293,0.65786123,0.065167606,1.6439404,0.23597932,0.0040698894,0.14023906,0.1711409,0.4065488,0.41792297,0.15389004,0.18645778,0.02857574,0.09661953,0.38100538,0.49993178,0.7105816,0.20996419,0.015413115,0.56276727,0.0,0.22041048,0.6030818,0.33821756,0.038385153,0.11263268,0.56052005,0.19817814,0.67888486,0.0359154,0.44930306,0.69956625,0.06744109,0.018865038,0.118577376,0.0,0.08907818,0.3315935,0.83632094,0.057429396,0.26645014,0.122235924,0.54862404,0.559819,0.21560265,0.15740967,0.0031907917,0.00019309581,0.23983285,0.04927305,0.03720203,0.3181516,0.24591222,0.19153997,0.90871334,1.2430538,1.0999895,0.11795989,0.46748662,1.7409513,0.094270304,1.281981,0.3325218,1.3103628,0.0662481,0.07534021,0.018180642,0.6261574,0.045115843,0.5977849,0.25021285,0.12626497,0.07938316,0.6192471,0.52052194,0.12817076,1.606879,0.027410224,0.50853956,0.25970012,0.8335483,0.07837431,0.017949175,0.7287284,0.93270993,0.8125164,0.016218016,1.0458181,0.24129364,0.4034776,0.91609,0.96603507,0.12393142,0.087629035,0.28074718,1.0087348,0.22279888,0.4085988,0.1690009,0.05901663,0.20662332,0.047424775,1.2708005,1.7445145,0.24881257,0.82283664,0.33302468,0.1180283,0.30141842,0.31291294,0.13999693,0.20234488,0.66776574,0.23281616,0.020859413,0.14019561,0.551975,0.41108543,0.21522793,0.38796175,0.4248496,1.7494533,0.48915482,0.25968346,0.23222533,0.052081417,2.1415014,0.6584146,0.27233237,0.023167033,0.24641195,0.45230523,0.6046933,0.6165496,0.35858083,1.3105043,1.1968937,0.13492754,0.2591099,0.87403363,0.27963972,0.19608921,0.6987178,0.07891714,0.14286152,0.053668886,0.5809449,0.18642284,2.6512003,0.47708684,0.4013283,0.7704173,0.5195597,0.009511083,1.0383072,0.0,1.2740021,0.5787626,0.8830247,0.99887174,1.0284393,0.23954797,0.38738608,0.1743834,0.00044691452,0.23032455,0.29017,0.22981746,1.261811,3.8236183e-05,0.25315577,2.9019043,0.45581645,1.3158748,0.8376589,0.19291651,0.8269725,1.1561413,0.296846,0.004153509,0.3286373,0.2313821,0.37052977,0.21677586,0.3082442,0.07171205,0.2949151,0.27983576,0.52445006,0.13641432,0.13567999,0.75204897,1.1820213,0.09569157,0.04909206,0.046472244,1.1042101,0.47132784,0.08253691,0.1864877,0.7283909,0.58966756,0.9583311,0.2233765,0.26768512,0.731789,0.8460525,0.13450462,0.5065304,0.7752989,0.02122692,0.14248742,0.04744691,0.17128204,0.37715584,0.5985609,0.2933893,0.018653119,0.6769129,0.35792685,0.5792818,1.0336652,0.27433008,0.7940277,0.900372,0.29288548,0.8697027,0.38895112,0.85235006,0.31702316,0.04882348,0.2975155,0.57361156,0.7164194,1.2157451,0.15721667,0.65407485,0.3093001,0.78978795,0.095040336,1.6447086,0.33955872,0.29205692,0.09906821,0.0025761481,0.23711902,0.19142151,0.6780396,0.3384781,0.07909089,0.5054692,0.85571384,0.57359743,0.47063348,1.0156987,0.51851416,0.25708446,0.56595063,0.5467422,0.19358124,0.06875494,0.031455982,0.5240429,0.5324657,0.3607153,0.28526396,1.0127282,0.05048626,0.50604665,0.3982627,0.0021369339,0.5309876,0.27280337,0.6609949,0.2853822,0.19816768,0.13735427,0.7745973,0.636112,1.1774994,0.49767995
0.22206074,0.9507097,0.46301442,0.18009877,0.4013618,0.54735345,0.6224427,0.9365067,0.66364855,0.7509283,0.19111657,1.0300429,0.21679422,0.48288667,0.064860806,0.10907624,0.17652094,0.36845756,0.004852506,0.12637706,0.11848721,0.56164545,0.43510062,0.17904064,0.8993697,0.2148604,0.15001027,0.44192377,0.4541134,0.8554587,0.20298441,0.94271266,0.37902564,0.9418417,0.28434214,0.014774199,0.5165057,0.07676746,0.20864457,0.48857236,0.365286,0.086299166,0.1000859,0.714638,1.2813962,0.005618916,0.14322457,0.0636843,0.22792618,0.6176468,0.19775367,0.36717105,0.2850269,1.3441689,0.3125134,0.23009604,0.33310017,0.18085413,0.6123601,0.1618247,0.34820637,0.25543815,0.20817947,0.6007154,0.73365396,0.6589809,1.4449494,0.17230777,1.0226225,0.27418214,0.14299385,0.0691852,0.10886614,0.5660624,0.16921288,0.17841238,0.16956115,0.28179717,0.04610517,0.25165752,0.13812694,0.06277119,0.201514,0.21844977,0.26846442,0.031572856,0.30043685,0.32708776,0.11573017,0.3832302,1.2817593,0.32251236,0.2461879,0.18259516,0.23846251,0.23941022,0.35664657,0.13398415,0.37706643,0.38317725,0.73262906,0.05661863,0.005482298,0.48176694,0.5273986,0.08432352,0.21321014,0.3676007,0.13150935,0.7946664,0.51594776,0.9960619,0.67178863,0.056587942,0.3831733,0.09376117,0.7939625,0.4235318,0.028103586,0.9193641,0.5312417,0.26576674,0.6809342,0.34708813,0.09418973,0.5616565,0.24102499,0.55292594,0.44033808,0.08494511,0.15110435,0.21206152,0.30002272,0.41302803,0.17304558,0.7244559,0.38531977,0.1657902,0.4886908,0.4683745,0.472464,0.065154225,0.43099666,0.46415415,0.6962139,0.47386014,0.57596004,0.63544214,0.1796364,0.02785489,0.9880036,0.48949587,0.40908444,0.16383749,0.59119976,0.9407491,0.5633631,0.26511377,0.48596394,0.20413886,0.38077223,0.60158503,0.35762483,0.15723124,0.74231,0.30706698,0.22994342,0.24430764,0.30388725,0.06635374,0.15819782,0.3407356,0.282246,0.36542004,0.29338405,0.6434963,0.39708638,0.039106153,0.20795101,0.06725467,0.22375429,0.51571935,0.17138875,0.55450755,0.050982043,0.19323328,0.122729465,0.39041027,0.49151,0.06205584,0.5193014,0.80821764,0.075586975,0.8048048,0.18869987,0.09840032,0.27431542,0.46120358,0.27243254,0.46023247,0.5439067,0.28256282,0.23821522,0.59088594,0.69768,0.16484657,0.67378247,0.20686376,0.25087842,0.2535626,0.06259349,0.5012038,0.085040495,0.11394262,0.5212181,0.68283474,0.72102517,0.9725871,0.36479396,0.56622505,0.057263657,0.36520374,0.14718756,0.1559993,0.37050933,0.5587784,0.094646126,0.18618438,0.44594523,0.7680891,0.31061,0.047042176,0.18280059,0.31252298,0.049763147,0.046868425,0.18333511,0.99100053,0.5004457,0.34785378,0.18576702,0.052524805,0.44811058,0.16050121,0.43341136,0.16297933,0.18805288,0.62141454,0.15205769,0.44906288,0.26439017,0.22355174,0.25248194,0.4183271,0.69257575,0.63396245,0.27415437,0.47631994,0.032441862,0.26748818,0.1860131,0.2143697,0.025029935,0.87163544,0.5022287,1.1909761,0.77727073,0.3226652,0.02814069,0.23562479,0.050896972,0.13945696,0.15553418,0.6703075,0.09620547,0.9270573,0.61830765,1.2116128,0.30556047,0.49078733,0.42156255,0.5459095,1.1376884,0.20659709,0.27001545,0.7183143,0.30130982,0.11409647,0.09315397,0.3678577,0.9295372,0.60530114,0.28559858,0.090498716,0.4511576,0.25067973,0.710676,0.4022745,0.13057427,0.16838804,1.0357685,0.41840136,0.37156078,0.7850401,0.24059445,0.5292064,0.24647975,0.5208084,0.7122654,0.508553,0.066240154,0.8331468,0.89302796,0.17827737,0.8852412,1.1096565,1.398587,0.33196944,0.4286181,0.3541878,0.63664454,0.38068813,0.121631615,0.08512813,0.3632931,0.14786571,0.23810136,0.19327226,0.10059534,0.24381255,0.31560507,0.30974054,0.44613636,0.19801822,0.11755587,0.2277053,0.22851452,0.2313384,0.116045386,0.19868626,0.3490791,0.27060682,0.17738324,0.31468472,0.0538743,0.1903896,0.008642738,0.49558496,0.16484064,0.33329025,0.1444956,0.6558465,0.16150594,0.2840348,0.09926798,0.19393288,0.07259288,0.07550472,0.284957,0.05098336,0.010364221,0.13652055,0.08033117,0.06809263,0.37542182,0.38479322,0.27075425,0.097643785,0.34499156,0.26998475,0.10671392,0.03818683,0.1496576,0.29442906,0.03734598,0.09151277,0.3984415,0.42009896,0.32141936,0.17951472,0.63714904,0.08479568,0.17596519,0.23551056,0.36154515,0.100362495,0.12717678,0.40166494,0.34664485,0.08453226,0.057891786,0.29910654,0.2791049,0.0061174184,0.13179646,0.46584052,0.1470813,0.3466229,0.23643179,0.56730634,0.53844494,0.14894763,0.102298304,0.14362288,0.4995945,0.16328132,0.24002138,0.27743718,0.21398687,0.4399339,0.59803504,0.03913738,0.32067853,0.24340239,0.56081665,0.083630726,0.07533263,0.0194955,0.25289437,0.19852097,0.4455083,0.26359937,0.2621072,0.13431166,0.2839473,0.11754793,0.37215567,0.4854076,0.10302049,0.2741866,0.282961,0.37282217,0.06615031,0.015566999,0.020097565,0.13479115,0.3908376,0.7650523,0.21410939,0.62748957,0.19710769,0.028833391,0.43550915,0.17471015,0.14577717,0.9153586,0.14458399,0.5209848,0.25209522,0.087254435,0.29314017,0.100799814,0.26711386,0.12792008,0.052390255,0.38890022,0.10036866,0.3266068,0.107855275,0.13192171,0.25908825,0.095398635,0.08655028,0.18816504,0.0978406,0.16965018,0.15314698,0.050440673,0.5440692,0.118159816,0.23615366,0.1168707,0.11155012,0.4137801,0.14824666,0.78044343,0.3273318,0.17055817,0.12858021,0.15791759,0.20755747,0.41594163,0.46046454,0.15873498,0.008166772,0.08760083,0.045203157,0.35933876,0.32778692,0.02065771,0.1932709,0.17635965,0.09474051,0.1462895,0.049081568,0.20980646,0.32391584,0.08956683,1.499078,0.1889129,0.6946897,0.3166411,0.026036156,0.16602723,0.30063406,0.046112716,0.04201691,0.03074806,0.20228152,0.23517457,0.31974092,0.35513496,0.39308643,0.6057182,0.47381812,0.08324469,0.483644,0.24305537,0.2232543,0.01345199,0.04478761,0.30612624,0.20363119,0.055937275,0.3602321,0.25975546,0.11998148,0.15863813,0.17757681,0.05230256,0.031395394,0.29938024,1.4411757,0.21987644,0.0746084,0.28038612,0.9957682,0.25208545,0.3234012,0.0074154544,0.1380117,0.45606893,0.16826427,0.29544368,0.19947474,0.2643213,0.16114622,0.23167725,1.0296831,0.30932072,0.33045882,0.5802516,0.07747814,0.20206735,0.35145125,0.5829968,0.058534876,0.15229556,0.5070376,0.036102526,0.15777978,0.3860289,0.52683437,0.054479882,0.114133134,0.113929175,0.007947977,0.23687273,0.078073055,0.11452539,0.14706999,0.3295323,0.061434776,0.08299008,0.11375619,0.35905978,0.093615375,0.5847052,0.013807855,0.26246303,0.28708547,0.09676917,0.043017555,0.3720401,0.36433578,0.24096309,0.14662805,0.0527127,0.31826752,0.21768987,0.19293153,0.029008187,2.876295,0.22392577,0.16637254,0.037024807,0.13113211,0.11680939,0.32314342,0.2543126,0.09817378,0.109702274,0.11996835,0.43144602,0.5393983,0.2067523,0.08073674,0.031392112,0.30936527,0.3106778,0.09986502,0.28756243,0.23940606,0.04678166,0.8189422,0.58063316,0.11536452,0.1283513,0.25657767,0.19531044,0.14043605,0.35111597,0.17530052,0.9960693,0.002548148,0.27697957,0.7756487,0.27944648,0.43507063,0.18366174,0.3527951,0.46089035,0.27277347,0.10361755,0.082830384,0.04069261,1.2997482,0.17219765,0.097706586,0.04483562,0.4212341,0.55629206,0.18363465,0.63645613,0.052282665,0.23524204,0.02501886,0.3574564,0.08551319,0.11412226,0.36580515,0.33846167,0.4033216,0.0702422,0.73849505,0.45071167,0.2666148,0.1425417,0.48667848,0.20094535,0.9682039,0.048615407,1.1579208,0.14407258,0.19865328,0.24239926,0.19843346,0.10309923,0.23857333,0.03151232,0.021509545,0.11346238,0.0402167,0.11393746,0.09561029,0.10586198,0.12859404,0.14265142,0.346313,0.15154783,0.5099906,0.064697206,0.30701715,0.38956785,0.23532113,0.5404881,0.04443783,0.1946666,0.2017032,0.014350442,0.23121764,0.44737947,0.19156148,0.052936766,0.1597517,0.20962615,0.16318619,0.1098143,0.24729738,0.10875377,0.08137793,0.022466868,1.0997357,0.28649142,0.14455001,0.57711565,0.117610656,0.1960944,0.124018185,0.29525793,0.23263323,0.09359748,0.09235408,0.44074845,0.27566,0.35440385,0.28431046,0.094615676,0.47772542,0.15291727,0.18545888,0.2675162,0.37655658,0.13727981,0.5168374,0.3152438,0.071472615,2.1078205,0.012395136,0.15503038,1.2448587,0.3230433,0.17414838,0.012288284,0.33146906,0.03457974,0.119685255,0.7565321,0.38272846,0.6046207,0.09162097,0.54183936,0.23208764,0.086096175,0.30817282,0.49445432,0.20982195,0.2888404,0.256683,0.5242972,0.104353875,0.29012942,0.23375952,0.28374696,0.42358828,0.31949568,0.23680946,0.1959259,0.07934873,0.45057794,0.36658427,0.3335597,0.01876927,0.13173488,0.34795338,0.12144158,0.03630553,0.3436437,0.48007798,0.48963714,0.4986074,0.20677654,0.42283583,0.1692183,0.05037467,0.26237744,0.2515723,0.106439866,0.25409275,0.19269611,0.50412494,0.19253172,0.097470015,0.04308243,0.538343,0.53407276,0.5980879,0.67211956,0.1107083,0.042706534,0.28090832,0.22620949,0.25508457,0.15351878,0.42252117,0.44518626,0.345262,0.7846259,0.47874385,0.20490564,0.08584181,0.5571729,0.032534465,0.28050858,0.40012002,0.21721292,0.19281036,0.32150984,0.36859703,0.08595322,0.33460343,0.22183053,0.052210383,0.110516265,0.078193374,0.6943635,0.6532069,0.17353988,0.39670724,0.09312348,0.18610066,0.53595614,0.07379487,0.09130788,0.236927,0.11921792,0.11734724,0.39211464,0.19152898,0.13258676,0.50618947,0.14744544,0.2564408,0.50999016,0.7410641,0.40725392,0.35033143,0.121908784,0.10956313,0.17850257,0.541924,0.066318035,0.22055638,0.1610604,0.9315251,0.24956805,0.1656802,0.27175337,0.265262,0.052712694,0.15669297,0.3425446,0.18237214,0.09726389,0.3412353,0.38455242,0.4412532,0.14581817,0.16477808,0.20805255,0.19827445,0.5268137,0.27638865,0.30979243,0.15900542,0.50041854,1.2804666,0.60490143,0.36660874,0.17074238,0.0075754127,0.72698253,0.2236616,0.011976579,0.3304221,0.26108038,0.117846295,0.828298,0.05382891,0.0810582,0.23371388,0.045684736,0.21423592,0.28588665,0.057998557,0.780201,0.33832598,0.12779957,0.09564598,0.10719302,0.42086506,0.03124272,0.31489742,0.35057068,0.17365786,0.19155833,0.08468045,0.22753365,0.06314272,0.32887912,0.40876377,0.13821451,0.47870758,0.046483137,0.081898674,0.27598453,0.21816817,0.5333319,0.11262208,0.17755798,0.15050068,0.10587634,0.41140705,0.26093268,0.1133622,0.07468115,0.35273114,0.059803568,0.3312903,0.35616773,0.66811275,0.27002102,0.07413021,0.2529038,0.35878557,0.43434352,0.10598236,0.16792105,0.07678702,0.13914081,0.48128432,0.15137973,0.0752296,0.15700884,0.027694032,0.18948534,0.20986605,0.14779446,0.20824414,0.064960994,0.30029488,0.5905129,0.1605945,0.30551347,0.13724221,0.11350761,0.088149324,0.3009202,0.17883483,0.126834,0.6236862,0.024484882,0.30615097,0.21087113,0.020661585,0.08734225,0.066199526,0.461074,0.16873573,0.5304094,0.25511563,0.07566327,0.22231579,0.02760314,0.1646467,0.97965086,0.20570977,0.40999174,0.3761834,0.21057656,0.17506355,0.22793075,0.64677787,0.24387309,0.12178545,0.3105044,0.22618164,0.15605463,0.049319025,0.22807172,0.09753721,0.11492446,0.26620585,0.14259171,0.30792952,0.19729543,0.09306343,0.9561007,0.04943187,0.10847838,0.2993101,0.13403961,0.18888271,0.34845322,0.09554842,0.003961752,0.31608015,0.37166458,0.15148361,0.4439552,0.17271401,0.30727196,0.7007076,0.32258862,0.055260766,0.33857706,0.10320756,0.15716223,0.4318181,0.37126034,0.08639419,0.17166303,0.16518831,0.15454659,0.664394,0.14084464,0.1804698,0.44300497,0.15516569,0.2715497,0.40885726,0.2390314,0.10052841,0.17433137,0.26129308,0.36579436,0.05899014,0.03396058,0.2928795,0.6034709,0.44835818,0.56273323,0.46972713,0.15701073,0.067062855,0.23965552,0.071843565,0.11098014,0.055307403,0.62314105,0.25397116,0.15587041,0.8226222,0.27825457,0.32921016,0.58976525,0.18614969,0.3861069,0.15128586,0.15132123,0.08893296,0.2701826,0.13895471,0.36481833,0.24496661,0.2962427,0.09134704,0.15764007,0.032239366,0.27721977,0.2342747,0.18444556,0.34331387,0.08046197,0.23614337,0.26747638,0.05065663,0.11648659,0.078342095,0.081098944,0.11745356,0.21057954,0.048113644,0.113857746,0.35425067,0.12519123,0.36809424,0.03386489,0.072291754,0.06771588,0.07785091,0.28720737,0.06231123,0.2569228,0.25585362,0.15452276,0.19863153,0.094214946,0.3198535,0.09190022,0.87437135,0.029157136,0.5007498,0.054475747,0.77730674,0.58279026,0.044489287,0.264403,0.5993695,0.08482958,0.087174594,0.64537454,0.20878553,0.16500673,0.00055277476,0.2222541,0.002007707,0.36360997,0.17902043,0.5786977,0.30812627,0.08302159,0.254357,0.4897034,0.3617382,0.1717574,0.09963684,0.004647363,0.70339197,0.0829086,0.09816618,0.93719673,0.58155155,0.61136734,0.66070193,0.376132,0.08733049,0.006144515,0.81184673,0.0053372127,0.06707236,0.10185166,0.097030275,0.5508309,0.3800124,0.102431044,0.02341313,0.32502782,0.23579872,0.6205802,0.4178934,0.07325583,0.11811569,0.6559738,0.6551466,0.07563764,0.6845305,0.043715738,0.006289599,0.05006288,0.30978507,0.17401645,0.16002247,1.0001934,0.4964363,0.47560203,0.11179905,0.25413388,0.47332042,0.594968,0.0037324762,0.20539023,0.68339,0.6176362,0.17312852,0.19316223,0.05757434,0.21411882,0.18812585,0.15373836,0.24971052,0.23189083,1.1059215,0.23627903,0.5967048,0.17843883,0.38974896,0.3241512,0.760515,0.3172487,0.1962151,0.20540747,0.4441196,0.74639654,0.10454695,0.18652049,0.12265782,0.74235517,0.030021083,0.5267806,0.51579773,0.21069159,0.17828035,0.0759214,0.23492464,1.0349473,0.03201327,0.22962844,0.4376364,0.32516754,0.13397503,0.104152724,0.020099953,1.116287,0.43719366,0.37069917,0.43650624,0.27967346,1.448328,0.48306224,0.5182602,0.061873175,0.2093191,0.6401732,1.076162,1.0143385,0.65597105,0.48734835,0.98053765,0.20740753,0.4350155,0.098067716,0.853595,0.21461967,0.37916812,0.2095289,0.14906639,0.32578126,0.054258488,0.4510661,0.2275066,0.305832,0.055470377,0.19746071,0.45424244,0.332664,0.14600685,0.75666696,0.5954865,0.9005357,0.2256905,0.33005992,0.4872276,0.6718317,0.011086242,0.52790546,0.58959186,0.4414826,0.10127297,0.045180343,0.037052933,0.300462,0.39021784,0.31823045,0.23566513,0.8020247,0.85252714,0.101975635,0.058373526,0.46436536,0.42683864,0.6900544,0.54186493,0.23038806,0.10863431,0.5337488,0.12274912,0.7336799,0.02384408,0.2894456,0.23303507,0.6413914,0.48671722,0.5744965,0.3224298,0.32250297,0.15619212,0.20150816,0.36426073,0.0136106955,0.13174678,0.58924484,0.06035845,0.8835304,0.06908974,0.7504323,0.34941941,0.61890036,0.20157611,0.73671055,0.04209011,0.042474084,0.7918711,0.81001216,0.3561467,0.040358275,0.34712893,0.32189256,0.3075888,1.0072172,0.013606776,0.6707022,0.18483701,0.21658438,0.4389462,0.123913795,0.69553363,0.21239445,0.40103695,0.002652379,0.14150968,0.60267806,0.040174402,0.037979282,0.30037388,0.027059149,0.021841927,0.4276009,0.61518633,0.118451186,0.7350386,0.21261267,0.005304922,0.045164876,0.2178663,0.45892406,0.21640258,0.4205505,0.7425206,1.2008559,0.8232349,0.049225196,0.11079345,0.78727114,1.0958271,0.40358853,0.49951375,1.500112,0.15982926,0.47116596,0.36128306,0.4208665,0.39679545,0.71741444,0.059890606,0.4566216,0.2775327,0.24485746,0.41755053,0.36615014,0.9817779,0.3413421,0.77632403,0.64667726,0.1411327,0.14626667,0.26733804,0.012363302,0.24159268,0.55346227,0.6032512,0.049733218,0.024890777,0.043639474,0.05528465,1.0534766,0.94859815,0.26128933,0.4483546,0.14501144,1.0755599,0.20432195,0.60726744,0.7713264,0.54481304,0.08980169,0.27279282,0.56082886,0.82077813,0.17477868,0.52833664,0.3864398,1.2276638,1.1667039,0.33239377,0.7633366,0.49121463,0.16178483,0.7821008,0.48857796,0.3758913,0.0,0.22253188,0.35027272,0.88712513,0.037083447,0.8220321,0.2441666,0.21617343,0.62182987,0.66879267,1.4168235,0.22486809,0.3974628,0.5646863,0.03503401,0.5804015,0.5730645,0.25435525,0.23495664,0.28147537,0.17507479,0.14965811,0.67165375,0.40372497,0.79560965,0.71511966,0.2988196,1.0632783,0.84097576,0.66344035,0.54140437,0.8775855,0.6184422,0.4274394,0.0107840225,0.06186264,0.13041905,0.5642899,0.40923202,0.19153763,0.040194415,0.34607738,0.025944429,0.34211496,0.6034711,0.5257795,0.18298121,0.4538647,0.64655215,0.94818485,0.86583316,0.2309719,0.19909662,0.010436851,0.14621466,0.17026868,0.6627326,0.37683812,0.087588936,0.74983263,0.9806526,0.46594018,0.13160424,0.018564977,1.5347428,0.25824338,0.7625638,0.5051225,1.2190163,0.16791925,0.60137075,0.7006314,0.6772375,0.16242322,0.78604347,0.05345785,0.30524674,0.032541566,0.06590556,0.22957371,0.2551918,1.761312,0.5217624,0.41030738,0.5652744,0.75456095,0.5236906,0.30990958,0.50055873,0.28752923,0.15129493,0.674631,0.42447072,0.4507718,0.15297118,0.007747449,0.45376807,0.026532967,0.26271963,0.87862086,0.17898533,0.73570275,0.06941365,0.27237552,0.7531331,0.27422667,0.0029258886,0.08099489,0.42609376,0.008786054,0.4331221,0.56703234,0.23646702,0.27886993,0.3039808,0.21610299,0.13403653,0.028424844,0.2126965,0.3557989,0.18100792,0.14351588,0.5593643,0.12849583,0.39230672,0.45067862,1.0213963,0.10858378,0.33440405,0.18104395,0.63510275,0.37967205,0.0044370526,0.97989947,0.3746352,0.20122468,0.18023306,0.8576591,0.04072623,0.30266404,0.0046990793,0.5132198,0.06219411,1.0155559,0.33560312,0.27674523,0.26291993,0.45066625,0.090046786,0.9817505,0.61874735,0.22216001,0.6768534,0.30547497,0.66133964,0.0,0.13647336,0.53660035,0.6213371,0.18698421,0.14789274,0.2510394,0.14614338,0.08697257,0.26812214,0.49969476,0.17541642,0.85210776,0.35373852,0.33675757,0.017550912,0.09400734,0.5027587,0.012298308,0.05989012,0.09001536,0.023455242,0.09350242,0.3724755,0.17573512,1.2678766,0.06964843,0.12196824,0.20403862,0.19897678,0.50721794,0.06613988,0.71023905,0.73603547,0.30464008,0.30726045,0.69510436,0.108842246,0.083697945,0.49412128,0.16450998,0.19920683,0.0015066791,0.47546986,1.2085516,0.21612713,0.5227346,0.430328,0.13960226,0.19526857,0.4418768,0.37070248,0.15286979,0.15802383,0.121122584,1.2683733,0.5775414,0.26681322,0.7536223,0.15962143,1.0044553,0.50883555,0.18026596,0.35343286,0.05807337,0.24240057,0.06690286,0.36899504,0.7340219,0.024996743,0.14029294,0.39033273,1.088888,0.3463555,0.13987154,0.08071597,0.5166859,0.7367311,0.51483744,0.47591457,0.034531675,0.17023256,0.31018478,0.2986374,0.16553399,0.16452445,0.15773398,0.8826593,0.3055712,0.68901825,0.16741121,0.11084014,0.4674297,0.054717414,0.529283,0.20827681,0.58384556,0.5043805,0.054347098,1.5991116,0.3857565,0.110976234,0.47441897,0.51470923,0.17063841,0.2922166,0.69521403,0.8933777,0.9069367,0.10397984,0.9180415,0.10096204,0.3895353,0.013945432,0.024942435,0.6252271,0.28600985,1.4820747,0.007033822,0.13345882,0.009944375,0.3395126,0.257406,0.5063981,0.61053157,0.5687952,0.4427116,0.5666881,0.20348895,0.5708281,0.37841186,0.4252245,0.3614064,0.4114982,0.34488988,0.01158009,0.016911022,0.3517471,0.34383854,0.45056927,0.09301542,0.4496872,1.1058285,1.2961476,0.406493,0.31420696,0.89241385,1.1715838,0.13704214,0.24468847,0.51943874,0.0106861815,0.25436765,0.34816784,1.145329,0.3367554,0.71276563,0.4184789,0.3180545,0.6722429,0.115230426,0.07743838,0.094208926,0.17922878,0.5070781,0.26305678,0.54790545,0.4933994,0.19659546,0.015281841,0.1260782,0.17347652,1.0513285,0.0969788,0.25926125,0.82652694,0.32064557,0.33349687,0.7359937,0.37752354,0.05777587,0.72146666,0.2500662,0.42989773,0.49515125,0.5508484,0.19666183,0.33574677,0.01598797,0.10871759,0.4948836,0.08970816,0.070500985,1.0354959,0.88081676,0.41732222,0.12851353,0.44994116,0.007890718,0.1029859,1.1613955,0.09704829,0.15512976,0.72923183,0.49238294,0.039680086,0.0875743,1.2239335,0.09054826,1.4502156,0.085387215,0.31380057,1.4962287,0.54738903,0.69744253,0.07575753,0.05221547,0.3776791,0.44374835,0.25217253,0.28710234,0.6082723,0.34864664,0.375813,1.6707318,0.057507392,0.027515493,0.046911664,0.060796402,0.28474346,0.8014398,0.03114681,0.39564863,0.6258072,0.33605474,0.06868653,0.1490723,0.9231529,0.3459559,0.05159161,0.67431575,0.01928178,1.1306794,0.57803917,0.23825519,0.1398426,0.31935936,0.36307442,0.081602335,0.9249734,0.41499245,0.42088336,0.95794916,0.1254646,0.1943135,0.21422207,0.13707428,0.12623262,0.46518838,0.4607753,0.12848884,0.30380398,0.5775152,0.7169622,0.41217273,0.44886002,0.15548116,0.11083248,0.011127451,0.60384035,0.099407256,0.05774619,0.32013074,0.49245763,0.46538827,0.97084415,0.37462115,1.0319623,0.5505254,0.8273735,1.8850183,0.091041595,1.3051455,0.40239304,0.8256318,0.13252722,0.016062677,0.24702296,0.62175626,0.27713,0.56431615,0.32287717,0.3612824,0.12568687,0.60931295,0.314822,0.5615721,1.1125586,0.043040283,0.5618291,0.2665924,0.3741693,0.31895265,0.046199787,0.38734177,1.0811003,0.4988041,0.13695273,0.5536461,0.5885484,0.14231163,1.4245064,1.0316999,0.25268584,0.20668176,0.58644533,0.8232283,0.50272655,0.19054501,0.2839681,0.036357086,0.25075185,0.0,1.0266666,0.99860096,0.011544378,0.5520644,0.93869907,0.42074305,0.22266617,0.053638168,0.23785035,0.08478966,0.15430729,0.07487081,0.05735304,0.024627918,0.2125802,0.77277225,0.14774047,0.21540025,0.54013026,0.9506749,0.4360109,0.28710458,0.27710587,0.14155275,2.1770847,0.6969212,0.11402972,0.0,0.1498025,0.44617426,0.5796577,0.26859453,0.37838647,1.1148492,1.0985584,0.165046,0.40330032,0.7565396,0.1517238,0.064178646,0.11288518,0.018440131,0.28128037,0.053783063,0.4041837,0.18738702,2.190093,0.34396547,0.5707821,0.8212463,0.43231335,0.116549276,0.42987663,0.0,1.5168799,0.6119075,0.9184991,1.1030356,1.1899935,0.39244324,0.2811046,0.2622866,0.08657481,0.15133801,0.2424023,0.19061725,1.47421,0.0,0.11942214,2.4650354,0.657007,1.6685152,1.2618456,0.20668298,0.48642215,1.0842699,0.18744637,0.0,0.51777124,0.15633275,0.30976906,0.19491842,0.21191259,0.13257565,0.35147864,0.13416809,0.36259645,0.17082857,0.10409921,0.6801984,0.55584395,0.037700593,0.15287037,0.007658372,0.5522175,0.062209994,0.18601204,0.12849002,0.7318079,0.43090743,0.6694299,0.09987982,0.6522808,0.3019498,1.077095,0.23525327,0.6331649,0.3937263,0.0,0.24642368,0.08667174,0.009531647,0.61431974,0.4392493,0.26433963,0.11929272,1.2310593,0.32090974,0.3116864,0.8992029,0.3176772,0.80995065,0.8640298,0.2444933,0.8021691,0.113839895,0.36558425,0.410586,0.12611872,0.017046303,0.31739834,0.6874553,1.2059414,0.18167263,0.67238796,0.4146994,0.24606729,0.37430564,1.4416234,0.16405392,0.21722586,0.25835177,0.03735141,0.07985758,0.7024749,0.4987877,0.358857,0.08589778,0.25041634,0.3913169,0.44255129,0.5719157,0.66196847,0.2871216,0.25115037,0.13118714,0.40929833,0.2866439,0.15420668,0.06331157,0.50614303,0.6157727,0.4151683,0.31375247,1.3009009,0.103582695,1.2047384,0.033838492,0.052011576,0.23498273,0.38350183,0.574568,0.18240765,0.22203189,0.1924109,0.72263485,0.36631992,0.60959744,0.20423323
0.24555393,0.8767526,0.47153604,0.22603281,0.4026428,0.5971274,0.99168986,1.0173231,0.74199367,0.79905283,0.19089976,1.1686325,0.15692642,0.23199096,0.13036206,0.05239368,0.12955454,0.46251702,0.02645035,0.10714017,0.14637591,0.50243425,0.31642047,0.45063064,0.8209666,0.07715074,0.14865366,0.55939126,0.43115875,0.59752834,0.18185115,0.9190997,0.38380975,0.8805032,0.33557522,0.027088339,0.6450856,0.035688374,0.22014853,0.39253843,0.28402224,0.07752514,0.12733538,0.6579665,1.359801,0.036360357,0.13648532,0.06649566,0.17634594,0.46524665,0.44030654,0.26240045,0.39486247,1.2509325,0.39601505,0.18372203,0.41014126,0.09844811,0.65437424,0.15754169,0.23353903,0.28485295,0.29838994,0.36829358,0.72534686,0.8268331,1.3031423,0.20898923,1.0678312,0.5253306,0.12953599,0.055954345,0.07289097,0.57961416,0.31615767,0.1926192,0.20626983,0.4433245,0.04052996,0.41553897,0.11391222,0.0878486,0.12259464,0.26816577,0.51144326,0.013248037,0.39055842,0.28964043,0.2419188,0.2619257,1.1948442,0.19250238,0.45326316,0.3195473,0.1970966,0.15580964,0.32686725,0.24815923,0.24213773,0.3621908,0.60100687,0.1051089,0.040659726,0.24901667,0.3612605,0.06358872,0.24536644,0.43933588,0.27884987,1.0032494,0.49865878,0.72097087,0.4210063,0.08051912,0.20415029,0.11053983,1.1342884,0.31317228,0.03874291,0.97696555,0.42786372,0.24157868,0.6949625,0.68087107,0.25995028,0.6467994,0.26698905,0.49091172,0.27399695,0.10498863,0.15572411,0.15096939,0.39781773,0.43734416,0.11018567,0.89273125,0.64599895,0.3225879,0.59049726,0.6308699,0.72127676,0.10998398,0.6882787,0.38980162,0.83224726,0.60050935,0.7793445,0.8184147,0.061364613,0.05828951,1.0226169,0.42177194,0.38410375,0.20330548,0.41659212,1.0715277,0.45692506,0.07369159,0.32825118,0.4338314,0.48938057,0.6978123,0.30046526,0.05673966,0.64589024,0.4743193,0.17997728,0.38722402,0.4831894,0.05016218,0.12176724,0.18008032,0.24164775,0.3340747,0.258462,0.61511165,0.38960657,0.06593199,0.15455048,0.095858775,0.30061352,0.5209936,0.19104421,0.70252806,0.012923014,0.2747646,0.115813844,0.41122022,0.43359405,0.10586766,0.22262701,0.3306239,0.07868729,0.8404566,0.21992907,0.27287814,0.27086353,0.43803275,0.10788434,0.32998383,0.76765025,0.23235798,0.46606308,0.46527156,0.9018959,0.19794337,0.65192074,0.362341,0.47747904,0.21593225,0.048519533,0.26294163,0.10871736,0.16582525,0.36142203,0.5170565,0.33274794,1.2057271,0.48098475,0.38914,0.011954687,0.4827472,0.13761225,0.20910662,0.6479732,0.334236,0.13239656,0.4240372,0.6709397,0.79412633,0.4329587,0.04741524,0.38767734,0.24203148,0.009286943,0.038729783,0.19645333,1.2823253,0.4850853,0.2979065,0.21927048,0.045862895,0.29629546,0.11564669,0.385436,0.15799479,0.21745819,0.27202338,0.2888764,0.47345346,0.19100767,0.25966284,0.20275173,0.46809083,0.6554039,0.8211207,0.44273996,0.4307021,0.0256555,0.19071168,0.12910786,0.17598745,0.0023252293,0.8650355,0.4713596,1.586971,0.9379702,0.12625004,0.12746453,0.107663475,0.003352452,0.1411304,0.07251392,0.9131347,0.18779314,1.1493385,0.48127174,1.2476265,0.2538789,0.34379706,0.30298993,0.6040093,0.9317713,0.26234794,0.43694106,0.6540805,0.2533039,0.07838458,0.07199819,0.5527381,0.85792685,0.42943472,0.3708868,0.11214706,0.5910279,0.29821616,0.4267716,0.6695198,0.2023007,0.2704647,1.1577437,0.5035653,0.53100896,0.51544154,0.21787545,0.68656766,0.27895844,0.5763718,0.7626071,0.4469942,0.104127,1.1580756,0.7313402,0.30879855,1.0351458,1.2101166,1.0528185,0.44066072,0.58798397,0.49472755,0.691087,0.8710453,0.30944258,0.0018550183,0.42643985,0.13587642,0.26018298,0.05951801,0.034525644,0.05885731,0.22755077,0.15381166,0.5038558,0.13724151,0.061592862,0.5500854,0.53219616,0.15769279,0.045289323,0.027986567,0.11063822,0.38296422,0.04278495,0.05498221,0.07736238,0.195146,0.021637883,0.13050698,0.265744,0.28369403,0.44279006,0.6944632,0.08546171,0.27969742,0.057042785,0.24468744,0.08258258,0.20049009,0.147172,0.06636672,0.008533278,0.15388659,0.10905145,0.052474324,0.22247662,0.19490926,0.28511953,0.047218576,0.31007063,0.1605165,0.8312927,0.063679054,0.17241564,0.42013228,0.031098524,0.07790009,0.15376385,0.18236814,0.44770932,0.41133127,1.0340834,0.12869671,0.15176564,0.20398796,0.39920598,0.104355626,0.21430284,0.352208,0.05110741,0.15944485,0.054383814,0.3694628,0.60805047,0.27305543,0.25422853,0.5381684,0.10195084,0.23793496,0.11883822,0.6131377,0.45734373,0.10910513,0.021427613,0.28093714,0.36473486,0.015035577,0.19514368,0.23578553,0.12896945,0.5092811,0.24493177,0.05058777,0.2762102,0.33998382,0.32289124,0.15284418,0.14297442,0.012251848,0.34486905,0.09350394,0.35665765,0.61794853,0.601405,0.22606349,0.048070997,0.20872042,0.23134044,0.37256995,0.12468978,0.53268385,0.06352636,0.877719,0.017375333,0.024207868,0.008947314,0.10351713,0.35484326,0.7657758,0.084096074,0.38055956,0.34426278,0.10200175,0.52672946,0.2384041,0.21338606,1.416464,0.2386127,0.2934285,0.23530512,0.07694186,0.62420917,0.10539085,0.38784713,0.061527908,0.14185622,1.0425788,0.17117435,0.30106336,0.22671705,0.060817227,0.19654891,0.079520985,0.14025714,0.17087951,0.048341542,0.20579769,0.18075675,0.21825105,0.6041079,0.050655,0.12846297,0.100822054,0.3700353,0.4987445,0.23227218,0.850461,0.16968718,0.102423586,0.38937074,0.2606332,0.14512184,0.15611848,0.1863412,0.16934639,0.0062403306,0.7461109,0.057864998,0.54015315,0.05650617,0.07349117,0.13490257,0.09485453,0.12021913,0.15573159,0.07590605,0.088004455,0.42342627,0.051354896,2.0471365,0.06454389,0.64756835,0.32111317,0.020299487,0.030810125,0.2995045,0.08077392,0.15656495,0.062116638,0.19286115,0.08470403,0.82030916,0.3281468,0.34581697,0.4850684,0.69499683,0.05169262,0.23956178,0.17739815,0.036818888,0.22179271,0.06649086,0.16320218,0.47589952,0.26440623,0.26753214,0.22069794,0.16010244,0.19482753,0.13930118,0.08599481,0.06307929,0.20629188,2.1635082,0.25907165,0.07633095,0.24717437,1.1068776,0.11950761,1.4548742,0.023152223,0.19803639,0.24617371,0.17231137,0.49841154,0.5600124,0.7656017,0.11858738,0.085955545,0.8911286,0.25536898,0.43027034,0.6080376,0.36455637,0.088237,0.19915107,0.49739403,0.059070654,0.674159,0.40111724,0.22986281,0.12651014,0.4585755,0.7165475,0.14382973,0.046893902,0.10939248,0.014597813,0.18414952,0.08586852,0.12617232,0.17030323,0.37911102,0.05878839,0.48276493,0.23487958,0.21103157,0.14513427,0.4507782,0.027819134,0.24653475,0.49121982,0.041564863,0.16008896,0.28416175,0.53972614,0.27723104,0.2380438,0.024016466,0.6446455,0.61413956,0.24285856,0.023458906,3.4631963,0.2788748,0.1499019,0.07367421,0.46305704,0.22552393,0.28873223,0.11448077,0.23985633,0.22957407,0.051984344,0.40234858,0.34497833,0.2830865,0.045616858,0.047083825,0.13496605,0.24287681,0.019731397,0.5184481,0.0270085,0.023631912,1.0253975,0.94680375,0.45651752,0.15059908,0.10413681,0.21632092,0.14147925,0.0648631,0.08887552,1.5854958,0.006868474,0.31969246,0.26910818,0.5878795,0.22745535,0.056937907,0.25880575,1.512677,0.3746781,0.5197463,0.05522661,0.041310478,1.299224,0.23943935,0.11440368,0.26981896,0.3030162,0.34161788,0.15857618,0.72434855,0.08010032,0.2038294,0.20228344,0.36808148,0.091649756,0.31718767,0.22405005,0.55794823,0.09757118,0.042807765,0.6922285,0.36695236,0.57522255,0.25194868,0.2741339,0.5952367,2.1209083,1.0346972,0.4370313,0.11784777,0.107951075,0.21384567,0.1716144,0.10111497,0.104332246,0.016313676,0.030649155,0.22531432,0.14532478,0.07761376,0.081766814,0.26349363,0.33239844,0.029421572,0.46640226,0.18978912,0.5253161,0.096654445,0.5711756,0.23005475,0.17991365,0.29513586,0.18029562,0.396197,0.13025604,0.006139521,0.27916116,0.41691163,0.22624734,0.055164896,0.15963137,0.30290806,0.38623142,0.2367323,0.20996961,0.2552324,0.40030023,0.06146493,1.3242401,0.06442618,0.049169987,0.560305,0.06228429,0.13959502,0.13966706,0.1956374,0.2809325,0.065805145,0.0122250365,1.0612488,0.6996982,0.19373204,0.18320704,0.041121297,0.1301932,0.13043012,0.3559838,0.36002073,0.621538,0.25807518,0.23323506,0.17060234,0.0926856,1.8238039,0.075618945,0.29737616,1.5778061,0.16872025,0.19135407,0.0,0.214652,0.0862248,0.1658861,0.76478213,0.25878236,1.2604206,0.041145988,0.34150022,0.25656155,0.22437818,0.3511079,0.50293434,0.45836607,0.28341237,0.22144361,0.2315321,0.3030412,0.24900818,0.57638085,0.06607774,0.46529502,0.1831339,0.117089465,0.13273636,0.07920866,0.52400047,0.6313794,0.23164827,0.032708768,0.078188606,0.28564954,0.22999498,0.060248297,0.17684892,0.7533948,0.486508,0.47180468,0.14393046,0.28457153,0.063729376,0.043049596,0.31910703,0.43587938,0.07797316,0.23785026,0.44415957,0.16754743,0.2951768,0.13857144,0.08312577,0.49561355,0.43618894,0.8002696,1.0262609,0.07389858,0.09572176,0.37086225,0.23477927,0.33340254,0.22039148,0.499476,0.43305004,0.27233472,1.0756366,0.3704131,0.20061028,0.003591997,0.21974625,0.050127104,0.24116448,0.534956,0.39982775,0.3632974,0.36125594,0.2124977,0.08738234,0.55011904,0.275927,0.12327428,0.2546583,0.2922923,1.5195364,0.45826617,0.13480458,0.42721877,0.07736804,0.46778327,0.27441394,0.049684063,0.008167814,0.10579421,0.049851827,0.05757595,0.2563751,0.14794841,0.128674,0.4421852,0.17917916,0.42910355,0.363707,0.58937955,0.553588,0.4345317,0.20199417,0.16085929,0.13865854,0.55350626,0.36733055,0.19918773,0.06504756,0.8292421,0.30293804,0.28705058,0.088221684,0.42832953,0.026042,0.20234956,0.36488461,0.3789065,0.078319974,0.28533325,0.37111372,0.63714945,0.036405448,0.24008211,0.15726867,0.122182004,0.36537153,0.6263236,0.4680239,0.1709534,0.38440615,0.8013045,0.80713797,0.66947716,0.17237881,0.10279023,0.962695,0.12211211,0.08637085,0.3801827,0.44691154,0.06435778,0.79538167,0.069949314,0.12864035,0.25456557,0.12908593,0.26542255,0.27510738,0.12025509,1.4036134,0.14868282,0.25293323,0.4301272,0.35999388,0.36941344,0.029552579,0.4597405,0.19724101,0.32721448,0.13749956,0.20195818,0.21159592,0.0906346,0.4226155,0.2069782,0.14390075,0.80047613,0.04394591,0.0909907,0.25784546,0.44507957,0.21889508,0.030209113,0.38796163,0.25690505,0.12600976,1.0241135,0.1238599,0.2064782,0.053777076,0.7071254,0.15097848,0.44954374,0.36561072,0.95069754,0.20144421,0.05911899,0.29246387,0.28371388,0.25883353,0.08549136,0.16493794,0.04890266,0.14081866,0.23627004,0.03618689,0.35727745,0.106582224,0.109698445,0.58064264,0.19723898,0.2187069,0.40301234,0.024487585,0.17010985,0.85547185,0.31293255,0.17734993,0.09544838,0.09832134,0.062270433,0.36000478,0.4532727,0.016533658,0.4461872,0.014593042,0.21899408,0.2683559,0.043660775,0.15603486,0.041136615,0.96000075,0.119870946,0.35404462,0.13920271,0.21180186,0.30943695,0.469467,0.13742295,0.77745116,0.08461714,0.72567296,0.27326053,0.1284101,0.17226581,0.46559972,0.6341864,0.16259518,0.11283695,0.3901609,0.1651574,0.18291807,0.058201,0.26498765,0.31980526,0.07009927,0.16937998,0.049850807,0.5689104,0.09851104,0.09502157,1.0642673,0.008162562,0.11903272,0.2139825,0.41012165,0.254784,0.265512,0.10458992,0.06820342,0.61723644,0.46095395,0.33853388,0.59200704,0.10006416,0.2736663,1.3328314,0.7946882,0.008220347,0.57200325,0.040214375,0.5896332,0.30830705,0.103186324,0.10280153,0.11434272,0.053118452,0.19376744,0.61025774,0.21181898,0.10480993,0.31833512,0.1927628,0.26440015,0.6454421,0.31068066,0.14774059,0.1801587,0.35060698,0.3172664,0.049829163,0.30501014,0.52462244,1.0213012,0.58648384,0.5096544,0.39742887,0.14354034,0.19714275,0.21876307,0.066531405,0.31808847,0.1348117,0.66416454,0.114712134,0.08471289,0.9320247,0.2963814,0.16697752,0.4880726,0.18781611,0.24964847,0.21364854,0.1450271,0.054088894,0.2758794,0.13109605,0.22578591,0.23040053,0.2526277,0.15975711,0.5943018,0.19603926,0.46010032,0.2977072,0.20872982,0.35670286,0.28756958,0.36699897,0.19315185,0.0,0.18393183,0.67903256,0.08716043,0.0739593,0.15960449,0.062153302,0.09093238,0.37145,0.06634356,0.49937063,0.005727973,0.14157237,0.17548603,0.16885594,0.1404022,0.10355267,0.12796731,0.6194346,0.112405695,0.1346947,0.04327758,0.2554412,0.059775792,0.79684097,0.058857724,0.13609144,0.06568798,0.7043994,0.7239498,0.062129267,0.16238695,0.4462379,0.06593761,0.056830004,0.5370537,0.19489884,0.12561747,0.00652406,0.25948006,0.033420064,0.11724632,0.105215795,0.13635156,0.61794513,0.11104974,0.22307503,0.2660119,0.30488068,0.16989729,0.106137715,0.0025891124,0.9822188,0.275536,0.051097825,0.86084425,0.5324652,0.3463505,0.31705743,0.5987107,0.08638275,0.012706752,0.40474823,0.0065209786,0.08945108,0.08665437,0.04858247,0.3484776,0.230726,0.050187502,0.008736194,0.5437246,0.17149632,0.13171695,0.51643753,0.073651604,0.23172882,0.27528796,0.4605152,0.043320138,0.3728186,0.07041688,0.01654622,0.01997052,0.3987256,0.20400089,0.06479257,0.54327506,0.5926924,0.1923849,0.16471773,0.16872989,0.38762528,0.52526337,0.08995094,0.24524276,0.6259617,0.419067,0.186578,0.085628286,0.19469354,0.13869411,0.12736467,0.12905023,0.11648376,0.18628211,1.3105642,0.1290257,0.46420443,0.19465588,0.33863354,0.45170668,0.48990434,0.22049701,0.20830992,0.121837646,0.2727913,0.41916704,0.35675967,0.16826269,0.08733447,0.684834,0.021373961,0.47796762,0.56634474,0.17615235,0.12741414,0.159309,0.04612963,0.9043964,0.034766335,0.24876967,0.23578511,0.3364016,0.07420714,0.35459468,0.054328848,1.113827,0.23711714,0.18375257,0.47030017,0.21554118,1.3222135,0.29732293,0.37327302,0.033866264,0.16554192,0.50398487,1.2531413,1.1167039,0.34700176,0.30982453,0.6982909,0.3282165,0.58179414,0.11277245,0.66478956,0.4034996,0.13435192,0.13652784,0.12155273,0.058588956,0.014346434,0.36039075,0.14447777,0.14989075,0.027280405,0.1058929,0.3074326,0.11558039,0.07468973,1.1828867,0.4339745,0.5393252,0.13355379,0.18948072,0.46047288,0.5505179,0.0,0.6781939,0.3136909,0.3915593,0.20395622,0.021088911,0.05154261,0.3474659,0.2799495,0.23090973,0.25623497,0.6901514,0.4124381,0.07572842,0.01906858,0.453947,0.38919073,0.395213,0.26707876,0.11024355,0.21549876,0.24696922,0.12780672,1.2189577,0.043276846,0.19066203,0.19318365,0.4071772,0.39492813,0.64801204,0.43311325,0.19284007,0.20377688,0.16848198,0.09773075,0.009044224,0.021250231,0.16254689,0.19726436,0.98897415,0.0017197947,0.59575385,0.16080368,0.50228906,0.12833403,0.6927159,0.07691816,0.046515785,0.7380446,0.50703347,0.22210094,0.19015786,0.34019732,0.18778461,0.15089649,0.6144123,0.009331544,0.6332426,0.13669938,0.086307265,0.3081277,0.056286156,0.83329225,0.5723885,0.501029,0.033429824,0.083686516,0.43970782,0.16760963,0.048850913,0.13869268,0.03576024,0.004520313,0.39113092,0.5780351,0.040828712,0.8926147,0.17657372,0.0027902005,0.075511634,0.19690186,0.22961713,0.08956556,0.5345387,0.5682485,0.94965386,0.56058764,0.074202105,0.13399678,0.46695235,0.85355866,0.2429515,0.3626765,1.1032655,0.10157403,0.3659835,0.37566623,0.29801345,0.2514315,0.8463022,0.032322332,0.4293692,0.055263057,0.15633166,0.23419589,0.18710667,0.6943393,0.30726254,0.44285008,0.34640342,0.16256052,0.09590825,0.18574789,0.011289601,0.30478388,0.2712244,0.62764883,0.028543804,0.0002845937,0.027179787,0.009439995,1.3757,0.98011184,0.036086995,0.33779562,0.009803652,0.9579195,0.14604,0.49532217,0.4739074,0.64297694,0.016143845,0.14721185,0.26200742,0.22627303,0.26957822,0.06391804,0.53455067,1.2921243,1.039879,0.25033626,1.0231957,0.34233204,0.03624662,0.55838716,0.66328925,0.5793811,0.010794388,0.23279731,0.2809522,0.90537405,0.070895426,0.7072681,0.37691402,0.14725426,0.5108914,0.50790626,1.2029974,0.17965871,0.78349704,0.26068068,0.050404415,0.6366261,0.36253387,0.22538343,0.06978522,0.07628845,0.05209198,0.13139097,0.3932227,0.22206207,0.5572099,0.43813655,0.24341089,0.98941827,0.83988965,0.5570781,0.5648519,0.5916518,0.6970937,0.4198679,0.015787736,0.010838653,0.1300521,0.66540766,0.38457084,0.012566768,0.106701374,0.26894158,0.009442233,0.19689262,0.6028716,0.35602722,0.13988246,0.36351025,0.38557857,1.0245119,0.7794325,0.10534655,0.25073487,0.006728443,0.109448634,0.23153475,0.3714571,0.29136133,0.058578596,0.9590981,0.6548209,0.45866007,0.15493022,0.028321223,1.2226651,0.25007945,1.0963037,0.40504497,0.8889166,0.27526882,0.9925109,0.69393396,0.4178031,0.051253308,0.55270004,0.1252009,0.2164079,0.045061916,0.055006765,0.26223123,0.07366894,1.6672509,0.29094627,0.10335134,0.6765493,0.82811046,0.37183928,0.38957292,0.17801063,0.20863283,0.20674145,0.41566008,0.52953637,0.42892784,0.046711013,0.0056815785,0.23992717,0.058267944,0.34208336,0.7195029,0.17277247,0.85311866,0.0,0.1691098,0.26242185,0.40784448,0.016482353,0.020811852,0.3626107,0.04607666,0.26297873,0.45735112,0.41842982,0.2523632,0.058874525,0.15171374,0.058779936,0.08952652,0.18766533,0.26136076,0.19884999,0.11659021,0.7985388,0.05512547,0.38920814,0.3384583,0.49614528,0.08890657,0.25035238,0.15150139,0.33269176,0.21399295,0.0019952944,0.6470734,0.3507244,0.2601184,0.34853935,0.8011721,0.006155564,0.103554554,0.0031591519,0.7158308,0.01480431,0.45620286,0.26324365,0.0519977,0.10171631,0.32177734,0.11541179,0.8426259,0.38170114,0.25547814,0.618742,0.21742213,0.31941086,0.0067827343,0.16468988,0.33262062,0.5155462,0.1293852,0.08059258,0.32210803,0.0907712,0.03781154,0.20192574,0.36027044,0.20466581,0.6078012,0.25700304,0.24127884,0.07794654,0.09663387,0.07292324,0.014349255,0.010471082,0.016292412,0.018733807,0.14645456,0.6720461,0.2107765,0.8701701,0.009468946,0.079771064,0.124917194,0.12880361,0.42632088,0.021224722,0.52429533,0.49555722,0.1694823,0.035313368,0.72318035,0.109497234,0.047108226,0.29765683,0.20954579,0.0755776,0.0145895,0.31007367,0.9634547,0.10289392,0.32311863,0.21736534,0.19275653,0.19712056,0.2517267,0.22544383,0.07869813,0.20540416,0.04141826,0.9451661,0.5610807,0.21774723,0.33559328,0.18763016,1.0527699,0.54367626,0.15906605,0.22275475,0.10274123,0.18034142,0.03559663,0.23413137,0.4776525,0.008590927,0.05271868,0.41161472,1.3155551,0.18890472,0.2019493,0.08871359,0.1627094,0.6922068,0.40518808,0.31946525,0.020405095,0.22847113,0.12579861,0.12015417,0.16169958,0.17339358,0.19134006,0.7274176,0.5880048,0.21764357,0.011501477,0.053519122,0.4215125,0.001377699,0.34744692,0.08988368,0.3095021,0.70399624,0.06806138,1.0813191,0.35412377,0.05628322,0.512387,0.29733413,0.2229472,0.51274043,0.37984353,0.4765844,0.9809653,0.122027,0.5716326,0.03798347,0.5286322,0.0014720818,0.03187423,0.3468731,0.20573746,1.4268683,0.026177783,0.16190457,0.023463055,0.21757075,0.11239411,0.22011791,0.19770348,0.7258663,0.15545295,0.43752053,0.29134417,0.48056713,0.27982894,0.31948242,0.3356811,0.25121582,0.19864377,0.038321976,0.026761156,0.36990145,0.112115614,0.44136214,0.03484588,0.51065916,0.87937176,1.5397408,0.4241072,0.3302772,0.92608845,0.75667524,0.0065140687,0.19615233,0.3682541,0.024945298,0.12653063,0.23564738,1.0431089,0.17542958,0.49341258,0.505339,0.060311917,0.32403946,0.07837583,0.02161239,0.053979147,0.037658297,0.42172897,0.11972336,0.35489824,0.44098067,0.18331835,0.0013943184,0.041437592,0.05842325,0.51499724,0.22746775,0.06814379,0.52854025,0.20558602,0.2174114,0.7712562,0.4502809,0.07874295,0.52351487,0.17602381,0.37674716,0.5888554,0.22014153,0.0881163,0.3274607,0.032718636,0.2995561,0.3409544,0.021265596,0.12776409,0.95665264,0.8856877,0.26722366,0.1643122,0.13800664,0.004278717,0.06562808,0.7948048,0.03604838,0.13942432,0.234836,0.45192465,0.09175868,0.034802686,0.69748425,0.013892703,0.9223957,0.17442203,0.2594689,1.3852198,0.8800869,0.4630742,0.06629409,0.015723942,0.32797897,0.5485009,0.19627938,0.38716203,0.6178621,0.33072466,0.30263907,1.1788557,0.10017849,0.0,0.05710696,0.105774015,0.18167144,0.35318214,0.0050053084,0.16628262,0.29465303,0.30879042,0.061723612,0.08206773,0.6291485,0.22143784,0.0151548125,0.75752157,0.055839457,0.9654182,0.16526866,0.20512211,0.087153345,0.07006235,0.29142815,0.042790078,0.82221925,0.2592672,0.40028918,0.61795497,0.056003183,0.062092833,0.049848504,0.1455172,0.13652495,0.42882782,0.526344,0.045592405,0.28340787,0.5413357,0.6028123,0.19044793,0.28396127,0.020212078,0.04883206,0.011258006,0.6241292,0.07502389,0.052474633,0.15594122,0.33885872,0.3227549,0.6821791,0.50631005,0.69145995,0.3106178,0.74555796,1.7681626,0.077584766,1.4108336,0.1906575,1.1157397,0.089788124,0.020886716,0.050311018,0.58656764,0.00038703613,0.5286348,0.3053296,0.35566846,0.028703935,0.6818465,0.21843459,0.17511782,0.9254439,0.0019634713,0.22509266,0.11759639,0.45442694,0.20690301,0.046977855,0.42274356,0.83483917,0.40705693,0.018846044,0.26987725,0.4975626,0.09478718,1.266743,1.0615492,0.22444865,0.13543,0.7771472,0.74276066,0.49348357,0.20429876,0.2999906,0.046967275,0.19200726,0.0034613975,1.1777647,1.203694,0.07924196,0.71715367,0.922557,0.31951103,0.1524664,0.027056832,0.3397016,0.2733753,0.11560884,0.37343717,0.053397294,0.0039801714,0.51772326,0.5355716,0.091801025,0.254594,0.4720266,1.4145206,0.38240257,0.2666744,0.09479482,0.023805108,2.0835142,0.5912125,0.022680068,0.1037038,0.13411677,0.35271847,0.9111481,0.3676291,0.14579853,1.9675156,1.0086656,0.28610367,0.1622069,0.67736924,0.3742232,0.26617822,0.16783589,0.10314731,0.05111055,0.11234601,0.53971034,0.31121,2.2359524,0.4076256,0.5455585,0.88356805,0.5524514,0.0370349,0.30462185,0.0,1.5498128,0.7926234,1.1478744,1.3243971,1.2909743,0.618062,0.06460686,0.23659717,0.044069495,0.114464305,0.23848584,0.01718222,1.4236765,0.006780123,0.14616506,3.016448,0.44489893,1.7959883,1.3592446,0.27987227,0.29449564,0.55976534,0.26547587,0.0068168463,0.5011444,0.2259739,0.27017474,0.054751582,0.1375421,0.0061258683,0.2998497,0.10105309,0.68780124,0.3025211,0.015719453,0.8135282,0.91639376,0.0,0.081189126,0.23640046,0.4757825,0.22336078,0.07745097,0.21461587,0.78327525,0.54200983,0.67726403,0.06939408,0.41616157,0.43435413,1.4457573,0.56814533,0.42669046,0.43584573,0.0015748217,0.3085096,0.018524073,0.013410796,0.7272463,0.33426937,0.119874194,0.039215017,1.0096278,0.92776,0.43340367,0.9358903,0.26306838,0.47386408,0.7190417,0.17437474,0.87236947,0.13653387,0.52659476,0.3561818,0.14745879,0.25368726,0.53457856,0.3798371,1.2832007,0.019065233,0.6180476,0.40212178,0.3240331,0.25402653,1.0437863,0.21324375,0.29410577,0.36941302,0.026768582,0.059107445,1.1662472,0.3137027,0.3704973,0.35295808,0.34606963,0.16935378,0.2543349,0.67711806,1.3063023,0.15813793,0.27806097,0.40742263,0.34165663,0.23885676,0.15908396,0.072067775,0.5280684,0.54306155,0.22374019,0.34886616,1.1820397,0.0033706427,1.1550903,0.07048539,0.053227067,0.19373962,0.3342366,0.41672587,0.23960347,0.077995226,0.027028564,0.9608246,0.5531946,0.7627292,0.15246075
0.44754755,0.8294077,0.2955404,0.34766448,0.38589764,0.7938218,0.5796542,1.0322855,0.90487033,0.90762055,0.3677647,0.7344375,0.32996786,0.34367603,0.10261609,0.2325144,0.13556364,0.27523687,0.06402562,0.14878485,0.5609649,0.4895348,0.24479969,0.4165302,0.7155068,0.07549595,0.106602065,0.61808395,0.39392495,0.99237365,0.20151258,1.1164663,0.5132885,0.76670885,0.3615163,0.08303092,0.30865014,0.17048055,0.08060086,0.4514232,0.594029,0.3598364,0.11547759,0.6642306,1.3265078,0.09780961,0.17895491,0.027402576,0.33892325,0.2975512,0.15721619,0.58640313,0.43389696,1.3336223,0.36574292,0.22834027,0.6772567,0.06029901,0.4343076,0.16579828,0.42511714,0.37362874,0.2875901,0.39397207,0.7119452,0.3197648,1.0083559,0.21179767,0.6438495,0.2753076,0.23826718,0.0400578,0.16454045,0.7826524,0.49032146,0.3314088,0.38624674,0.42544675,0.019586982,0.24442905,0.20124468,0.067495584,0.07576896,0.41941977,0.24108046,0.16707197,0.51617026,0.32071972,0.2894801,0.712551,1.6175585,0.42030704,0.5024587,0.5931194,0.2852518,0.27309528,0.18198884,0.14016089,0.3391403,0.40329129,0.75341314,0.073453665,0.12472136,0.36210003,0.4705739,0.073039636,0.27599037,0.7228339,0.2865203,0.64867306,0.8484312,0.79744846,0.23542158,0.14500104,0.50259614,0.08391562,0.5368534,0.69164264,0.002105374,0.8166711,0.61898994,0.1400678,0.6938629,0.25707617,0.12127159,0.6336715,0.20894167,0.48408347,0.5624378,0.11342473,0.26515242,0.17384863,0.29231778,0.40585485,0.2862513,1.0135705,0.4570871,0.5762385,0.47933155,0.7123697,0.46861142,0.069739565,0.6349647,0.7419381,0.76124775,0.54203093,0.92635727,0.9267181,0.11897741,0.15505494,1.2084249,0.61757433,0.55297756,0.14204702,0.50388324,1.0207113,0.52137715,0.20590997,0.53011876,0.49138987,0.2704137,0.38512698,0.26615697,0.068398595,0.5510794,0.31353492,0.14388852,0.3876025,0.3603384,0.07583103,0.17291845,0.26807848,0.52871627,0.39567113,0.45087814,0.45796174,0.41002557,0.084465094,0.4319648,0.38204733,0.34081286,0.5771781,0.27748838,0.52439725,0.035146125,0.5271853,0.1921624,0.6479697,0.6777311,0.28317642,0.55593777,0.4165936,0.18270761,0.95649475,0.14590444,0.29323602,0.17546868,0.53858995,0.20995942,0.5545434,0.5795257,0.20499367,0.25443277,0.6881138,0.28023782,0.19471228,0.5838182,0.15737136,0.3053441,0.28865296,0.053824455,0.3522964,0.20112015,0.21582498,0.45468408,0.65215814,0.27306306,0.9892447,0.40606695,0.26308104,0.051757455,0.39735466,0.20908079,0.3003481,0.7208339,0.50089973,0.18145981,0.21337333,0.4238561,0.87555516,0.0782591,0.17502587,0.4328469,0.2724678,0.03671917,0.09022026,0.18688942,0.8333557,0.49792552,0.2753042,0.44014043,0.13031775,0.14992638,0.17762743,0.3220306,0.24102442,0.38963425,0.46860266,0.20813346,0.37721464,0.13430889,0.1570006,0.14874922,0.4383922,0.67236054,0.75608194,0.16906638,0.36273447,0.02657432,0.36818907,0.21817537,0.15971997,0.00630459,0.8971814,0.5023681,1.8297904,0.9520147,0.41629487,0.10507246,0.36169183,0.05112371,0.2633568,0.07058816,0.5667327,0.16339283,0.88156974,0.47719163,0.7811965,0.22963174,0.287593,0.44495153,0.39001805,0.939935,0.2635407,0.6515709,0.9602804,0.5749811,0.13102296,0.05075507,0.43541634,0.8266843,0.40869516,0.122637056,0.15870617,0.7220696,0.21631789,0.56382084,0.49093994,0.23845671,0.2500508,1.1053538,0.5963968,0.25125346,0.42299107,0.18151733,0.50531566,0.51913726,0.41167334,0.92194074,0.5882374,0.16993675,0.67564625,0.6744542,0.30656806,0.8078549,0.99635077,0.8791602,0.42208278,0.65885186,0.29186234,0.6270883,0.8659578,0.21863201,0.034343444,0.58507836,0.23851003,0.10379783,0.37862164,0.28841904,0.6913546,0.42060858,0.61976385,0.14476945,0.24096599,0.19785064,0.50556904,0.3671777,0.34934154,0.10292237,0.5032552,0.14155519,0.14236975,0.35921025,0.13242921,0.070343524,0.5013923,0.047719914,0.5915577,0.43128416,0.41665018,0.106853075,0.49529934,0.19552927,0.11066754,0.093627706,0.3317396,0.44492236,0.74884063,0.4263575,0.10896559,0.0895734,0.20398006,0.098663874,0.16913971,0.5411614,0.3910837,0.42982906,0.13064401,0.6094248,0.31299204,0.40425602,0.23250182,0.6781956,0.51490694,0.15442932,0.18386488,0.96473116,0.21310118,0.4017932,0.25028342,0.9864043,0.35746694,0.5956696,0.3093046,1.0344105,0.08070226,0.097878404,0.5120206,0.48054546,0.03870716,0.15229751,0.19381833,0.35843328,0.7021654,0.3800191,0.54617274,0.29396555,0.22177488,0.6321708,0.97478163,0.6699792,0.14876506,0.24182755,0.13681419,0.3950083,0.023730991,0.08042277,0.35850772,0.06983787,0.48679844,0.400338,0.026520338,0.83418226,0.46210766,0.5305386,0.86243117,0.15929106,0.05465597,0.43414047,0.36710492,0.86285514,1.1401229,0.44976008,0.06875439,0.49241215,0.27381253,0.18106177,0.37311316,0.2991995,0.5432088,0.7889258,0.46146008,0.078441694,0.08510944,0.49092093,0.31265056,0.3807554,0.5525197,0.22407468,0.69707847,0.61414975,0.052885868,0.432866,0.30302733,0.17062604,1.1026227,0.27253792,0.8803752,0.31063804,0.31267983,0.3812955,0.22350183,0.33787212,0.18948466,0.44412535,1.0760473,0.10280956,0.19892967,0.18047377,0.7554722,0.8369839,0.08107832,0.43072683,0.36477602,0.089033455,0.32515442,0.62258255,0.030915283,0.3287631,0.5271884,0.42063576,0.1004989,0.14704779,1.0087384,0.042394705,0.6738589,0.7850139,0.34341562,0.20695412,0.5470386,0.26795036,0.20669565,0.17507702,0.53352225,0.15090285,1.1343096,0.25917384,1.3017856,0.17050238,0.024254125,0.15812224,0.09415582,0.17433417,0.5353909,0.08043084,0.21911539,0.98286426,0.23984692,1.1969911,0.25590548,0.8246886,0.5032233,0.12553532,0.32689768,0.5821314,0.70382583,0.134691,0.0168663,0.2533593,0.068838246,0.45240772,0.48646933,0.55785024,0.36108884,0.48446465,0.2480363,0.23676914,0.5536365,0.3833474,0.362821,0.14226604,0.13243783,0.6024335,0.21937272,0.5169937,0.11671816,0.69263506,0.30392477,0.07121942,0.17147467,0.07038925,0.21423443,1.45913,0.16871747,0.37908876,0.32868108,0.920069,1.0363994,1.1155496,0.17471391,0.5973151,0.18671039,0.5491488,0.7238074,0.34807774,0.58118564,0.5094788,0.325242,1.0179816,0.4176336,0.1985505,0.6609086,0.07110427,0.29978567,0.613417,0.8121066,0.18750487,0.7295966,0.9155357,0.24207135,0.26562193,0.6806581,0.55553627,0.38244146,0.34406042,0.18495564,0.3377642,0.45228887,0.2526436,0.2494297,0.37428474,0.35790303,0.31414592,0.7170605,0.15690425,0.64108294,0.58991915,0.13452773,0.575274,0.623745,0.9091218,0.23335482,0.14525035,0.12795754,0.7614333,0.80433536,0.20170987,0.13335493,0.37167335,0.51213545,0.7876827,0.15553156,2.195004,0.58026934,0.37697223,0.04354114,0.32065254,0.15169558,0.35320503,0.10816011,0.31480703,0.32345492,0.13533229,0.7967978,1.0842414,1.1527137,0.1388682,0.25837785,0.59031314,0.80130947,0.4204083,0.33599925,0.7564684,0.31398186,0.35292622,0.9168048,0.28747767,0.34779873,0.13909043,0.52837926,0.21146995,0.14057074,0.13586627,0.7494371,0.10628822,0.41666338,0.15019023,0.6367316,0.19460928,0.6262884,0.5269822,0.8508119,0.036667425,0.325102,0.23252404,0.09397838,0.93864495,0.56601614,0.13314849,0.64253706,0.7282637,0.6222266,0.16575655,0.44815114,0.22936681,0.07754114,0.082537614,0.42072493,0.4542009,0.19612738,0.5833705,0.5061565,0.37270755,0.3317876,0.7643641,1.3430983,0.7202371,0.07160142,0.81458014,0.703156,0.89325583,1.1122147,0.46995977,0.24963963,0.32123047,0.31832564,0.34381276,0.37092823,0.38852444,0.20877594,0.28032258,0.18665469,0.03137555,0.22014837,0.23813823,0.5181211,0.62168497,0.29996002,0.39621133,0.21891214,0.370954,0.22436868,0.13017777,0.22796065,0.37590405,0.15863828,0.20210755,0.88177276,0.12580644,0.027484644,0.11242409,0.5406903,0.24650975,0.20563844,0.28224987,0.3799181,1.2740724,0.230149,0.6593917,0.4951117,0.12819485,0.14665216,0.7718954,0.17013595,0.48868454,0.29361686,0.13971555,0.10129111,0.5410764,0.6611676,0.34156406,0.38162482,0.27472222,0.55406797,0.41224658,0.33975333,0.19271493,0.46980062,0.3085507,0.6358917,0.59062064,0.3104114,0.54666555,0.45931062,0.31144178,0.21518031,0.20971787,0.8897304,0.19670208,0.19227287,0.8640275,0.4097343,0.16629133,0.118318185,0.32427406,0.028299905,0.092773765,0.9379877,0.1146047,0.29868793,0.07984635,0.5549853,0.09590699,0.22627154,0.34422433,0.3730062,0.1990274,0.7223195,0.36137876,1.0665025,0.2196041,0.13764477,0.17065486,0.21451062,0.5238329,0.7369262,0.77319324,0.41821793,0.10924352,0.7590344,0.2175752,0.2109722,0.10664162,0.43104848,0.13472092,0.3541066,0.12860005,0.2324826,0.4795165,0.42250043,1.3269593,0.20180462,0.56562614,0.318533,0.1590837,0.5877912,0.28352284,0.19944954,0.33081082,0.74491787,0.5282181,0.59911734,0.56712544,0.12133448,0.5379975,0.22191401,0.63152766,0.6317496,0.3260091,0.10656111,0.38524905,0.31303358,0.29574937,0.23383448,0.6948376,0.74467075,0.22312844,0.55958074,0.89886117,0.2763359,0.39414603,0.2750816,0.48147923,0.25702542,0.41658863,0.24223273,0.37963027,0.463761,0.35497075,0.11758554,0.54906267,0.32013035,0.151023,0.20234524,0.77169096,0.53098446,0.3050904,0.1826376,0.46712738,0.5017588,0.09044471,0.323745,0.10922918,0.10346061,0.080646336,0.20194134,0.14561516,0.5753392,0.38678014,0.43943763,0.25983703,0.13271211,0.0824405,0.49968827,0.2839415,0.51554483,0.54864943,0.1780172,0.60946107,0.22945866,0.59680617,0.32993025,0.44718397,0.09626839,0.52782995,0.7639593,0.25911126,0.5049638,0.57385945,0.48424417,0.6118741,0.7913156,0.59895027,0.57377005,0.8687744,0.2087748,0.65166676,0.123576984,0.19079053,1.2383194,0.30087382,0.6174527,0.5290077,0.28871402,0.08557925,0.55160046,1.0770293,0.94168663,1.0112255,0.80532885,0.5296274,1.0293281,0.18123399,0.10588951,0.48403892,0.25643504,0.2329427,0.6719881,1.14051,0.026189152,0.6268437,0.37529284,0.14582354,0.9279852,0.44268763,0.54570925,0.2730181,0.52915156,0.87751806,0.56065214,0.55415595,0.101041794,0.4579937,0.1138063,0.6360192,0.36535537,0.2923814,0.3783423,0.20529765,0.2652855,0.5016372,0.22417983,0.47670275,0.094503224,0.6321074,0.23118237,0.4466109,0.48421332,0.2604469,0.32455358,0.31757665,0.55833197,0.6471367,0.24413015,0.27020636,0.32374948,0.7775322,0.056710523,0.21623398,0.044878956,0.9475784,0.45603693,0.24920402,0.85641277,0.7947625,0.73951757,0.23854877,0.11359701,0.31278238,0.5881438,0.20889916,0.046445064,0.23204964,0.12255112,0.21341349,0.5901499,0.27287173,0.8251139,0.58889437,0.06972717,0.35368925,0.7966217,0.2270199,0.44091657,0.057521008,0.17593627,0.14380553,0.45293713,0.08917688,0.21015799,1.2428436,0.20455065,0.27284646,0.14584838,0.16095316,0.46520075,0.4617681,0.5043677,0.55352306,0.25909203,0.37108153,0.4076413,0.47143382,0.076420665,0.19987196,0.4183234,0.13849002,0.4929691,0.5555849,0.23011616,0.49934676,0.82370585,0.6570332,0.27990964,0.15151796,0.41211763,0.12729013,0.38095987,0.07321307,0.6424518,0.12529966,0.37116462,0.28723204,0.06320625,0.5937121,0.11121646,0.18329394,0.652784,0.36643508,0.64058733,0.51651835,0.63179153,0.66596055,1.1243362,0.24762058,0.12223071,0.5620137,0.60835516,0.20781878,0.27575785,0.24333702,0.20268404,1.1006953,0.6174186,0.38279185,0.4652987,0.36893037,0.6744331,0.30870068,0.7491857,0.32519075,0.72151643,0.18818122,0.16446593,0.70559466,0.6797193,0.09509107,0.24830374,0.31630027,0.2887987,0.7425909,0.32346308,0.55342525,0.29264605,0.46605903,0.39724627,0.08136386,0.09493917,0.309162,0.18692026,0.34006417,0.35974252,0.51089084,0.345362,0.39756566,0.3470301,0.3441163,0.9242928,0.2418487,0.43405312,0.25051495,0.20757227,0.32016408,0.29214567,0.29734194,1.0768231,0.38089973,0.4707498,0.23835704,0.035711005,0.14982839,0.28208017,0.4503097,0.35368413,0.5529056,0.7236049,0.17719471,0.21437992,0.6644675,0.1269708,0.19675225,0.38814303,0.41392326,0.29259005,0.41654664,0.25834054,0.049604617,0.34908873,0.77252144,0.15165119,0.81410104,0.20303069,0.14605786,0.12325268,0.2679522,0.55451393,0.24548319,0.48426363,0.037386246,0.40936312,0.29666933,0.32057393,0.04228258,0.3082372,0.8447497,0.28286618,0.2239064,0.5851724,0.29055262,0.045212965,0.8451081,0.09638122,0.19406396,0.048721675,0.56915945,1.1220348,0.15512908,0.25419098,0.362502,0.0756861,0.15166637,0.12810272,0.22327845,0.53514826,0.056320652,0.2325447,0.032772206,0.05861927,0.5715015,0.31642646,0.23769723,0.60795015,0.15232944,0.1949881,0.20061901,0.023067813,0.097460486,0.039855994,0.83427525,0.15417898,0.3239574,0.90646696,0.08026421,0.47155938,0.12858608,0.16930294,0.040415578,0.43583015,0.6452922,0.007441786,0.008183273,0.5382688,0.02380766,0.34697276,0.31541872,0.30758584,0.11055693,0.18190655,0.25094968,0.14970472,0.24937108,0.4613193,0.43602154,0.5803744,1.2978582,0.15402839,1.2137356,0.35068798,0.13248427,0.0,0.08983348,0.29626912,0.095399156,1.351844,0.44343048,0.66189826,0.36594033,0.38572744,1.0299869,0.3839659,0.07916285,0.4502907,0.5842738,1.1755356,0.2884071,0.29149926,0.569281,0.31927288,0.08691373,0.2986951,0.36004832,0.7024915,0.8725356,0.48728332,0.19288749,0.044730946,0.27429932,0.64266914,0.61100423,0.3922807,0.70570046,0.18427363,0.32819298,1.4756886,0.0018185095,0.48434395,0.38924176,0.48566052,0.0,0.7889548,0.58926034,0.48269036,0.5367459,0.23537934,0.0007162528,0.92565644,0.12535731,0.16863772,0.46840814,0.4888754,0.32258797,0.044307873,0.28461528,1.0136802,0.5080825,0.4315083,0.37959296,0.29301575,0.9197855,0.33234343,0.19043751,0.056095295,0.08822053,0.7281647,1.5571846,0.9117731,0.8536695,0.6196571,1.0892582,0.5379779,0.8165034,0.134799,0.73613715,0.9801508,0.35383695,0.35451418,0.163055,0.68458605,0.02073918,0.46691385,0.1416657,0.15481627,0.28857142,0.15478408,0.662222,0.27612126,0.13274436,1.366853,0.8886378,1.2651532,0.24072678,0.13356224,0.9049697,0.3864747,0.0017394035,1.2403188,0.888026,1.4200324,0.1329033,0.17905101,0.20240857,0.5421091,0.3633192,0.7919435,0.8464969,0.84699696,0.57949615,0.3365447,0.047425717,0.6259265,0.3986975,0.56755364,0.8510409,0.27681276,0.38295215,1.2058227,0.19998196,0.62252986,0.19486205,0.7538944,0.42920685,0.68031096,0.11557546,1.2906141,0.3188944,0.5948977,0.17122748,0.09786713,0.13781,0.21272288,0.045106173,0.18074808,0.03882378,0.24798462,0.051221125,0.33907065,0.6007342,0.1669623,0.26056555,0.8283894,0.043793738,0.022588044,0.9875573,0.7140941,0.28478563,0.30052736,0.4187173,0.24523196,0.03060956,1.6420082,0.10263051,0.40833563,0.3494035,0.0753334,0.45648143,0.029150147,1.202332,0.38624078,0.872616,0.10309157,0.102929965,0.4021325,0.13433436,0.007279505,0.07655822,0.02287719,0.018107416,0.20669869,0.74413794,0.27937943,0.92913467,0.071410276,0.13088258,0.70226276,0.19671583,0.4623134,0.35175723,0.7305262,0.66196483,1.4922855,0.94380033,0.021596264,0.22362275,1.1407858,1.4876323,0.69003105,0.7165982,0.8186693,0.4171117,0.5268326,0.23105559,0.5245248,1.2517389,1.2010783,0.01840717,0.13387895,0.36224556,0.32596073,0.77239215,0.25058198,1.0551853,0.78079045,0.86852056,0.28752577,0.2715638,0.671727,0.20219436,0.08167134,0.3799612,0.89937776,0.56316066,0.03970446,0.1023488,0.35676885,0.0038941936,1.5711267,0.45240876,0.20894642,0.6215519,0.28452572,1.219578,0.58027333,0.49153817,0.76142704,0.70417774,0.25005847,0.34980822,0.76868486,0.6295513,0.27789897,0.16542655,0.5465799,1.1963811,1.2186146,0.45885453,1.1766621,0.48728746,0.09066678,0.4637167,0.83611584,0.40896016,0.0614204,0.40854472,0.43804502,0.6301008,0.056588914,1.0269699,0.1930648,0.67900693,0.2835335,0.5971072,0.63563377,0.56706655,0.2175887,0.9401504,0.23444553,0.5506227,1.088309,0.7689515,0.1549908,0.28384376,0.38030156,0.8430369,1.2621496,0.35211074,0.4215362,0.64638615,0.102872804,1.190952,0.5482279,0.45439613,0.5749878,1.0494044,1.0869057,1.0770719,0.019920906,0.016363077,0.058823917,0.3231058,0.45395035,0.0119438255,0.10310645,0.8857722,0.14464921,0.16739509,0.30938828,0.496652,0.6150491,0.44055718,0.5283243,1.4859543,0.5639034,0.24743953,0.16772228,0.01479084,0.22390628,0.10297245,0.8013687,0.8027887,0.22857802,0.94337916,0.27631283,0.7026799,0.080081776,0.22061725,1.5923434,0.4436816,0.289344,0.2863031,1.9227133,0.45286778,0.646732,0.7174294,1.0265446,0.19605751,1.1831887,0.007776256,0.65125644,0.025001291,0.2189311,0.49103197,0.041896593,1.5745604,0.24352868,0.27819538,0.82572323,0.9196922,0.58732605,0.109331205,0.44709048,0.634238,0.5051468,0.9054578,1.3902073,0.4475178,0.07950566,0.0013996984,0.46709493,0.2927873,0.36378884,0.39265618,0.119048506,1.2685559,0.023704339,0.3214966,0.29405084,0.066961765,0.34447473,0.24017969,1.3613122,0.20550881,0.2914257,0.102159984,0.35812205,0.32613552,0.11175214,0.13162608,0.17274253,0.1837345,0.3560013,0.632679,0.44603872,0.40865654,0.4787801,0.18361121,0.20942684,0.46989954,0.6873113,0.34852782,0.22882834,0.060106948,0.8681204,0.79770005,0.008943515,1.0162883,0.30588263,0.1673938,0.63380563,1.1177697,0.14533585,0.23451684,0.10882248,1.1465397,0.13005894,1.4373126,0.120843746,0.098305404,0.29926318,0.68492913,0.18407181,0.8054351,0.40709302,0.35793164,0.74236786,0.5875059,0.97704744,0.10468446,0.13055795,0.56114995,0.9309329,0.83038366,0.38414696,0.31938568,0.30828983,0.27635425,0.28785175,0.3167528,0.5395058,0.9545991,0.44245267,0.4286877,0.2794087,0.399389,0.35294372,0.18388799,0.30718017,0.046623327,0.09954545,0.058496498,0.7635638,0.46327233,1.2580497,0.14049208,0.34046048,0.22388098,0.21221927,0.09401009,0.06297732,0.61174047,0.85782754,0.2346687,0.39385313,0.6754106,0.26513582,0.051533144,0.90294564,0.42226404,0.123640925,0.056852408,0.6845422,1.5490654,0.33140546,0.4795556,0.39235565,0.26532906,0.25587317,1.1903198,0.31819803,0.080216005,0.5315878,0.37469333,1.3610824,0.61093813,0.4034058,0.45687526,0.5678539,0.71851414,0.695529,0.25043768,0.45811337,0.4383904,0.34475696,0.011234159,0.53777635,0.9078975,0.042419005,0.39956507,0.49935794,0.35407394,0.47507948,0.43462664,0.49733013,0.5543839,1.2100177,0.7746161,0.32186782,0.06141342,0.044221558,0.65761274,0.61663926,0.5542686,0.37247333,0.29948118,1.7466404,0.8555909,0.59067476,0.013890339,0.0068467967,0.66368926,0.20488349,0.7303035,0.17529292,1.0289097,0.24445982,0.10846506,1.3996441,0.81347525,0.18514755,0.92717934,1.2263676,0.1723283,0.6318402,0.846847,0.5167329,0.7180339,0.19524622,0.80657697,0.50367177,0.52276254,0.08940251,0.19752997,0.43534422,0.255078,1.578745,0.051507413,0.19828378,0.20108795,0.09700021,0.47709697,0.76356715,0.36775947,0.5955259,0.07495665,1.2132537,0.11977726,1.0947802,0.3446149,0.7749548,0.1642662,0.32731682,0.3100779,0.03425499,0.0032737392,0.44345492,0.32132238,0.46700817,0.147265,0.8595406,0.8591638,0.75006586,0.46429455,0.43746614,1.726216,0.9938103,0.07708876,0.24167086,0.03898235,0.35219815,0.20041862,0.724724,1.343301,0.7988799,0.8924154,0.6291318,0.33539516,0.28586748,0.26245597,0.086183995,0.19814055,0.0,0.43970567,0.10007346,0.17836326,0.5218886,0.52046216,0.05021374,0.34585643,0.29031703,1.1558244,0.18857926,0.026144568,1.0945376,0.26472604,0.8628695,0.7726564,1.0234851,0.27139553,0.31178844,0.2769122,0.9939884,0.58928823,0.43905523,0.18163496,0.44881913,0.18558139,0.25886813,0.8623032,0.3456859,0.37840688,1.7249596,0.92737424,0.3569355,0.20465869,0.38926727,0.018207977,0.34267253,1.0222908,0.22368106,0.5966258,0.52615577,0.6617375,0.066962436,0.15986365,1.1060306,0.0036481572,1.8300412,0.15452161,1.0717036,1.6420909,1.3225802,0.586337,0.09499088,0.017971281,0.6275221,0.61566937,0.21571186,0.7659222,1.0777967,0.5610331,0.35318163,1.3452265,0.64310545,0.009111312,0.06411368,0.087779775,0.46535832,0.9236602,0.33431372,0.77767336,0.3832037,0.19599314,0.18926913,0.3783912,0.7359185,0.36176038,0.338502,0.8265081,0.0002870312,0.98413986,0.82658803,0.6915574,0.17521378,0.12966454,0.5360155,0.22848445,1.0528047,0.59798175,0.23117778,0.9528214,0.030152924,0.32476082,0.15908001,0.34097314,0.45877755,0.73045087,0.81941533,0.08340855,0.646893,0.41601193,1.0268552,0.64360166,0.5756041,0.17760178,0.44444445,0.045187403,0.37743545,0.16681987,0.081991196,0.294589,0.50193566,0.7196951,1.3731642,1.4947896,1.3583419,0.35832125,0.786191,2.0854802,0.13953191,0.9862797,0.09634654,1.5335249,0.23511565,0.13182558,0.3294807,0.32152158,0.30445504,0.97500616,0.51453424,0.39583457,0.08950961,0.6397719,0.48226067,0.64597255,1.8597659,0.048424788,0.46296245,0.47747502,0.55294776,0.6756968,0.17064418,0.37076193,1.026718,0.5381788,0.16673627,0.8216394,0.25684917,0.27415943,0.5719568,1.2569098,0.44161147,0.47814462,0.50911,0.727412,0.32317305,0.15340182,0.2563455,0.0,0.0865027,0.20395882,0.9975793,1.5719033,0.103509985,0.6215573,0.4637517,0.1547917,0.35788387,0.14825754,0.1190659,0.06265916,0.22552997,0.46494663,0.017913336,0.06388088,0.7848729,0.75199604,0.20045404,0.22029871,0.6233953,1.0617096,0.15977883,0.29783064,0.023048004,0.13264662,1.9268055,0.79349744,0.2982784,0.0,0.2690903,0.28354484,0.69838643,0.590807,0.22424191,0.9932458,0.8891229,0.81366634,0.16838227,0.9252649,0.26536715,0.14774284,0.557203,0.1608223,0.021966983,0.09391402,0.6216308,0.16428138,2.7633495,0.18240404,0.8541423,1.5362284,0.70397747,0.0697529,0.48935956,0.038495526,1.2981608,0.66387635,0.40817884,0.5959196,1.6067125,0.35107738,0.121741354,0.04868266,0.106654316,0.13141751,0.53810143,0.0025508814,1.7173724,0.06719071,0.18617877,2.1969895,0.39776814,1.6965914,0.8842056,0.43544066,0.6823909,0.634179,0.13438012,0.0,0.6570891,0.3063209,0.24787185,0.27750182,0.43854582,0.0,0.11148741,0.15294214,0.65927774,0.25716877,0.14345068,0.5698748,0.40908322,0.24994674,0.31173655,0.047215197,0.77483547,0.7305815,0.12649035,0.3874068,0.5435356,1.0781012,0.59660697,0.2720343,0.44598258,0.38656116,0.8084198,0.4543614,0.32333565,0.63785076,0.18712193,0.038860865,0.098982036,0.1407715,0.70531356,0.28536677,0.32045802,0.036444075,0.9872172,0.54198134,0.56161284,0.9912232,0.47102806,0.5703748,0.8137181,0.0072306106,0.97842324,0.123959884,1.0199329,0.43143404,0.010203228,0.21525285,0.6493343,0.7573464,1.3061512,0.13213864,0.40665966,0.37850064,0.4508603,0.3340649,1.2737185,0.3398878,0.15880191,0.18040328,0.082961045,0.2757128,0.6851032,0.4273755,0.10724687,0.37920374,0.38492602,0.37970796,0.35477054,0.6515367,0.47080874,0.35599586,0.28206617,0.59790397,0.54067475,0.17990428,0.2785195,0.31364524,0.565349,0.65691185,0.7766808,1.2064958,1.1381085,0.2114917,0.57009214,0.40316468,0.11415522,0.4358933,0.46056768,0.5110544,0.34043357,0.13861087,0.050592966,0.6315756,0.3722476,1.2261593,0.22919163
0.8673793,0.6898023,0.6184504,0.06611359,0.33785138,0.7774012,0.9673361,0.8831879,0.60969126,0.6498314,0.14596145,0.75331634,0.39094734,0.29124135,0.03882015,0.1622867,0.2319593,0.39835542,0.24205989,0.08137171,0.7139672,0.4833632,0.38683772,0.91161996,0.59459174,0.21991035,0.05675919,0.30272412,0.26360273,1.3577125,0.30070037,1.0760354,0.8295139,0.7889387,0.2331548,0.29304552,0.24485476,0.07122524,0.30211627,0.53832316,0.63908017,0.16435072,0.07917374,1.0643895,1.449023,0.07335156,0.12029357,0.023911066,0.39012933,0.30579498,0.19471005,0.13528448,0.49641207,1.2268152,0.27414995,0.1161622,0.8438327,0.13996029,0.50094235,0.22618935,0.4457382,0.30639803,0.38336205,0.24749422,0.74725485,0.20407462,0.6230502,0.14567833,0.45361358,0.20411465,0.4202091,0.06061139,0.22226584,0.53079754,0.31381106,0.25240916,0.41323888,0.29649782,0.025951179,0.21135058,0.08828276,0.21866915,0.111245714,0.32119358,0.223513,0.1367094,0.34482816,0.45685005,0.24821454,0.62729144,1.1834303,0.3029104,0.13582295,0.44332424,0.28683925,0.1405262,0.19000617,0.3072366,0.61162037,0.5124222,0.7198299,0.06937828,0.02707408,0.68133616,0.5966473,0.13308847,0.5083299,0.47088593,0.258496,0.42089897,1.3922293,0.6539687,0.4980755,0.20008627,0.4337881,0.14285119,0.31152624,0.40014255,0.10192986,1.0111929,0.2906589,0.2527103,0.7286288,0.34597868,0.35591134,0.75831926,0.24800111,0.36382416,0.3296579,0.20583433,0.38479686,0.15077765,0.29772547,0.890321,0.22674121,0.86532265,0.617218,0.5338444,0.49259084,0.4884464,0.7185446,0.1279726,0.6343683,0.3925709,0.48533142,0.7188333,0.73421764,0.62112045,0.10531061,0.03577391,0.8680725,0.6621959,0.6537267,0.050356977,0.80352676,0.9824226,0.7135946,0.27138603,0.7666153,0.254255,0.18401171,0.7671262,0.4571656,0.09433934,0.34755766,0.19328336,0.22449309,0.22998928,0.53908944,0.32728106,0.1137903,0.3312667,0.27010137,0.12268504,0.6586113,0.3288088,0.19773592,0.054256033,0.23587488,0.4990511,0.22873354,0.4990223,0.23192799,0.37930036,0.060415335,0.52249813,0.18571109,0.45774972,0.92916167,0.102183774,0.5606377,0.7977327,0.12739164,0.775417,0.041881695,0.46546134,0.26519135,0.4551397,0.2069059,0.48206156,0.8371059,0.107615456,0.47775784,0.51123255,0.2335765,0.12622349,0.67689115,0.19891118,0.40984002,0.17668009,0.03458232,0.3432283,0.20589401,0.14563732,0.8645378,0.7093166,0.2989717,1.0014036,0.36815548,0.4562685,0.028113361,0.32208824,0.4120131,0.52651286,0.70191693,0.4285606,0.16555154,0.44716448,0.45642295,0.733665,0.11564259,0.06529321,0.5907766,0.13260703,0.009089107,0.0020230091,0.091050625,0.63638973,0.4831873,0.6204128,0.28066313,0.089643374,0.2406004,0.21056712,0.2783571,0.32056636,0.58145344,0.58248883,0.3664449,0.3058075,0.15961826,0.12181438,0.074395545,0.4697951,0.50143784,1.0175134,0.20059012,0.6594841,0.042846292,0.47142223,0.25634676,0.3275491,0.022601778,0.9772136,0.46370158,2.1289287,1.2170098,0.36804137,0.1292249,0.38754556,0.08965639,0.12812093,0.06485431,0.31116998,0.079967834,0.6773412,0.27214688,0.63565147,0.31076097,0.48560655,0.5481976,0.5705925,0.80664134,0.42532313,0.42003426,0.44567257,0.6531225,0.11785985,0.015795862,0.6142755,0.72078776,0.775131,0.17609403,0.13825354,0.48529077,0.26152164,0.95003474,0.67777884,0.1534642,0.6897179,1.134342,0.43362752,0.36259767,0.39657137,0.08967565,0.5363222,0.4366408,0.5840303,1.0653644,0.40833145,0.14209285,0.5529986,0.94977045,0.2469482,1.0285983,1.308861,0.45258093,0.10867837,0.8299122,0.22557984,0.61373186,1.3966618,0.08421348,0.1862203,1.007433,0.42587322,0.17335954,0.33532837,0.15098894,0.9776201,1.1836164,0.7640134,0.078734234,0.08783958,0.13714196,0.32686618,0.24893041,0.5025571,0.13635309,0.58310825,0.2088307,0.61151373,0.25787374,0.3462352,0.24153969,0.889054,0.10859161,0.80408406,0.48833323,0.85031384,0.09450485,0.52410555,0.38266778,0.1795336,0.03093794,0.5047438,0.3802674,0.4850391,0.39345416,0.4466144,0.02992835,0.08883961,0.033231407,0.21803746,0.4712572,0.4948339,0.34151554,0.9406821,1.0751238,0.44245377,0.09635685,0.13644232,0.8718437,0.50468725,0.28950748,0.31682384,0.87610877,0.2976876,0.44066757,0.16350251,1.5437717,0.14623407,1.3707788,0.44958052,0.5551313,0.11693604,0.36602113,0.4637227,0.12530628,0.03724962,0.26801866,0.25966534,0.22643615,0.30775523,0.6414216,0.30977416,0.7902273,0.2358156,0.48384604,0.59985185,0.58852017,0.23600295,0.14614065,0.0530198,0.7094033,0.18755075,0.37966603,0.41987544,0.48635137,0.08386172,0.5817577,0.25296602,0.53982794,0.26877704,0.5124917,0.85356736,0.05995369,0.1288425,0.0792567,0.25370646,1.0278151,0.98185,0.17353798,0.07633336,1.1301945,0.57544553,0.71602726,0.29097557,0.057164837,0.53316206,0.30475262,0.5340028,0.21284911,0.05494674,0.62120426,0.29366827,0.7480516,0.62738097,0.20261998,0.6225966,0.48772407,0.1297466,0.30743596,0.662164,0.12710266,1.4819131,0.2775878,0.74954027,0.41989285,0.40240896,0.11130645,0.37123162,0.20902286,0.2461137,0.19942005,1.8585523,0.14256258,0.11593661,0.52393955,1.045495,0.44606608,0.073052056,0.31776208,0.3492384,0.028124353,0.39507937,0.8643453,0.08107068,0.4111302,1.0041862,0.624225,0.45190987,0.086168565,1.4254496,0.0705134,0.95017916,0.41508478,0.1530979,0.30136722,0.25372332,0.45613888,0.52978367,0.6180231,0.56868595,0.2211088,1.068171,0.08861742,1.9378865,0.33425874,0.12367876,0.31740916,0.3308672,0.79633546,0.3700768,0.38239744,0.36470425,0.47567016,0.42096218,0.76372623,0.33926904,0.5812171,0.33295703,0.06804379,0.25446114,0.42240852,0.503992,0.09407468,0.0,0.36781755,0.25661677,0.65905887,0.6510774,0.8025433,0.41158915,0.5479609,0.58444554,0.5711701,0.41866606,0.3108789,0.31164485,0.1832458,0.4327241,0.36477056,0.21444774,0.5877188,0.17042671,1.0398047,0.37000012,0.74192536,0.11714646,0.39691472,0.6370009,0.72183967,0.14505944,0.20001453,1.3240788,0.8332017,1.1490409,0.7382332,0.19842055,0.7650973,0.3913694,0.6261188,0.5283916,0.23462048,0.2765035,0.71318865,0.21583647,0.9933374,0.5927675,0.25318506,0.37806553,0.05828458,0.4382298,0.76031506,0.6816242,0.2701685,0.22655451,0.43228808,0.12533396,0.051080443,0.8493544,1.0006576,0.119072184,0.5488424,0.21339771,0.22792594,1.0902944,0.5020643,0.18963426,0.3086123,0.08855015,0.76356626,0.2264852,0.21348463,0.24149328,0.41700152,0.22454885,0.44928965,0.3265555,0.4402165,0.16320834,0.21877897,0.29057598,0.6802901,0.61813486,0.09025767,0.6686354,0.27442026,0.10313733,0.24660838,0.34467706,1.3535779,0.8396325,0.20988882,0.228748,0.2682741,0.10521357,0.39456803,0.15021446,0.34821102,0.5809459,0.12394422,0.5999216,1.0139453,0.5265325,0.037156112,0.3590631,0.9447446,0.48290116,0.064842395,0.6742792,1.5927078,0.17667568,0.39124992,0.96263736,0.35869268,0.19700414,0.14260125,0.33001438,0.11680237,0.31959617,0.20005499,0.7605492,0.011193592,0.31008947,0.57240456,0.26135457,0.3472948,0.81297517,0.5167369,0.5423343,0.37469524,0.10717886,0.26206374,0.18391718,0.5186453,0.7693085,0.17936675,0.4522057,0.83879703,1.8167393,0.49893284,0.5801362,0.09135928,0.10953597,0.05302498,1.1530375,0.19035861,0.24711017,0.4029469,0.37470198,0.29994968,0.036509246,0.9405066,0.90756,0.7319143,0.25312287,0.65973175,0.6620501,0.8559799,0.44287094,0.3247522,0.39780074,0.38705504,0.2123473,0.22111413,0.29247743,0.3150705,0.06967512,0.15633187,0.24202515,0.08262068,0.20433393,0.5616207,0.17180885,0.14663498,0.10878991,0.4264822,0.27318618,1.3382413,1.0020599,0.54517937,0.6922152,0.29810536,0.43393067,0.3082545,0.8487143,0.27890953,0.03334019,0.25983068,0.30209464,0.14503047,0.3839291,0.2287292,0.4033615,1.533051,0.64634126,0.3668571,0.11857645,0.06655408,0.49046665,0.7288995,0.12765883,0.34203714,0.43776208,0.31525666,0.18815178,0.6716473,0.55897343,0.23073821,0.40198454,0.29748583,0.9237897,0.61247885,0.65360695,0.46562678,0.39445248,0.15637787,0.43926203,0.42789036,0.26400533,0.6542299,0.4917188,0.22462237,0.469334,0.14734454,1.2229601,0.28980494,0.096273154,1.1253331,0.2687093,0.32153076,0.05433799,0.1981216,0.07548802,0.16041563,0.4056411,0.50703835,0.91357315,0.13172601,0.72970307,0.2325463,0.5468391,0.6010036,0.080629,0.4113807,0.3771426,0.31520873,0.93647623,0.4548725,0.16760516,0.05725433,0.55895746,1.0996916,0.90516645,0.7890748,0.16678882,0.1095255,0.79430306,0.83970845,0.19769682,0.21384516,0.51104784,0.09101671,0.23182723,0.29679567,0.4762342,0.42491576,0.32180256,1.5202388,0.41717,0.43982017,0.11797131,0.11316942,0.1795839,0.26606393,0.61657166,0.2238714,1.2155724,0.27815038,0.94681525,0.25586808,0.33911124,0.21734501,0.5134288,0.65967953,0.55888313,0.23872608,0.13613991,0.28836212,0.8857955,0.39303586,0.41880718,0.53098094,1.1112967,0.16595094,0.4039196,0.9936037,0.3866542,0.14739393,0.250077,0.6495334,0.21554363,0.3499677,0.44941384,0.18180656,0.47889194,0.12006576,0.1247482,0.23036891,0.24202514,0.08156474,0.252223,0.5067845,0.53418434,0.73489475,0.3382627,0.725629,0.4196608,0.17639871,0.290027,0.16025215,0.38668144,0.09549638,0.2825864,0.30262527,1.1192107,0.6877404,0.21631202,0.91702807,0.31481022,0.24419455,0.45566815,0.30958933,0.6104839,0.7223594,0.2849522,0.2048747,0.12003173,0.41992986,0.122256875,1.0157751,0.34023607,1.0165901,0.6537609,0.1844687,0.7059816,0.18922055,0.059259128,0.13994074,0.75788623,0.49289256,0.38021088,0.5378792,0.5770751,0.30838987,0.089278415,0.3380972,0.6653029,0.7697755,0.524281,0.37883732,0.8763666,0.2331415,0.85688365,1.7127818,1.0434334,0.7117832,0.36414427,0.13623229,1.1484895,0.1904554,0.4876889,0.67017084,0.29762253,0.42302054,0.70937026,0.08959602,0.08390235,0.613625,0.16505335,0.085896954,1.320657,0.1716665,1.6727222,0.21357879,0.7665747,0.7802657,0.23854151,0.57330275,0.08429612,0.46792603,0.32711402,0.48683566,0.17104076,0.17291453,0.4923715,0.0670632,0.55774736,0.14900647,0.42868936,0.2731424,0.26595104,0.7458138,0.2302889,0.3869027,0.5360247,0.7877365,0.1844956,0.22381248,0.29256153,0.87591654,0.38605317,0.25326,0.1224791,1.3422441,0.015520729,0.5144861,0.1716113,0.68710554,0.50764525,0.1154805,0.7349751,1.1525018,1.081317,0.20037474,0.041669406,0.16016585,0.16409008,0.3686424,0.4888529,0.1919373,0.49172044,0.3993312,0.3574146,0.30255157,0.10139611,0.6247052,0.049917802,0.5495585,1.013915,0.11534464,0.9016826,0.1594612,0.25759307,0.07549867,0.39674622,0.3185872,0.20978794,1.0150278,0.09417614,0.4111266,0.2901097,0.18449996,0.48711658,0.0815479,1.5236453,1.1298783,0.3637619,0.15125123,0.60225505,0.675602,0.0017392109,0.4152061,0.6737169,0.27766508,0.4097023,0.37343946,0.20258273,0.436279,1.0753411,0.67580295,0.07159696,0.09203416,0.26271048,0.23866619,0.77321815,0.10569304,0.3616477,0.08445023,0.20281273,0.37178668,0.17357211,0.18507403,0.15811014,0.6347933,1.9996266,0.10839587,0.77845263,0.57766974,0.39286673,0.6667082,0.56320137,0.4215135,0.19760546,0.40862408,0.37421685,0.095394015,0.3304327,0.9143213,0.29104444,0.82050717,0.92564756,0.28459704,0.14580709,0.26656774,0.52505505,0.57810783,0.6289307,0.3274566,0.34963995,0.39110687,0.31165937,0.40360215,0.2972368,0.19965336,0.43030253,0.30450696,0.36283305,0.5823473,0.122269005,0.8091131,0.3868118,1.0320928,0.67238295,0.12901506,0.19648534,0.43235338,0.55324507,0.795458,0.6681611,1.1960137,0.11796296,0.33239263,0.6115055,0.6117753,0.42187494,0.14558989,0.7955674,0.5973175,0.36893514,0.6196196,0.2067359,0.4088642,0.39999455,0.42721012,0.44693625,0.4616249,0.039492875,0.26623237,0.52896404,0.31977412,0.556681,0.8223654,0.7157639,0.42701864,0.2021184,0.45423034,0.19067423,0.30623752,0.49201846,0.20123333,0.20915994,0.83166546,0.52663994,0.20648591,0.80519044,0.47248873,0.12041509,0.36681223,0.12601756,0.1739088,0.1399464,0.3074502,0.8181042,0.28627518,0.39401537,0.05183587,0.20853965,0.16134547,0.47083548,0.41772348,0.2068758,0.82315123,0.20019835,0.29057458,0.8399726,0.10089058,0.32383284,0.6999992,0.043812755,0.15152378,0.0018195324,0.24012686,0.22598386,0.06169732,0.15747805,1.2355752,0.2511444,0.25734353,0.0223389,0.060115423,0.63150287,0.032435592,0.31273478,0.070724934,0.117686376,1.080067,0.47060233,0.18984738,0.13851357,0.026490973,0.118941605,0.17829637,0.097626954,0.10353913,0.011355732,1.1806291,0.19784454,0.012995593,0.7655899,0.2710559,0.501288,0.11639912,0.06906479,0.15906629,0.022544539,0.65019774,0.09015595,0.03389809,0.4156383,0.020159451,0.4009791,0.2654615,0.23667678,0.029006153,0.098780826,0.13033845,0.51313806,0.07023153,0.06603444,0.29203045,1.082037,1.8670211,0.35336047,1.0272578,0.015880521,0.1742132,0.03124258,0.118036,0.33233,0.055035576,1.9266409,0.13219151,0.2090068,0.09961654,1.4303392,0.71987486,0.045313027,0.022602819,0.26843953,1.0201948,0.7916511,0.26630867,0.92479193,0.13288714,0.036554962,0.010961434,0.22875139,0.630831,0.7466066,0.88834894,0.31267548,0.22651348,0.10800802,0.29623467,0.34873304,0.49703264,0.10351445,0.5362561,0.17694707,0.109288245,2.0610306,0.16498306,0.7047232,0.39105707,0.61107826,0.07169347,0.52429676,0.358657,0.4502929,0.5909392,0.47387064,0.01925789,0.5384306,0.07619166,0.28454167,0.010269469,0.93209493,0.20878273,0.045146845,0.14169806,1.4589782,0.723716,0.20328973,0.5670514,0.14805135,0.42544997,0.276787,0.12795767,0.025394214,0.13609773,0.94187653,1.7875116,0.7724751,0.38597775,0.4600806,0.7666886,0.17419228,0.7942336,0.14652212,0.8110993,0.5354818,0.3583157,0.16404146,0.49668568,0.8862915,0.023335883,0.7119632,0.17250407,0.33872017,0.23624884,0.014320589,0.42473164,0.102042064,0.18617818,1.0458163,0.44085282,1.0480793,0.00981667,0.4515988,0.78925407,0.38406798,0.15298216,1.1992129,0.9104244,1.43951,0.000679518,0.2603181,0.59394574,0.32676828,0.49364454,0.17590961,0.25731632,1.1679591,0.11424521,0.084242485,0.33480975,0.68917316,0.13482502,0.52210057,0.3495981,0.070790015,0.03444883,0.9729218,0.3945651,0.36444172,0.080045044,1.4657274,0.12904812,0.56987584,0.0007145428,1.0833275,0.31688303,0.8354279,0.0599825,0.028136529,0.14931041,0.40776724,0.001372392,0.7054179,0.18628517,0.6895818,0.29880792,0.14802407,0.4572423,0.12463585,0.044335425,0.3251626,0.101959616,0.03380406,1.5612123,0.21647167,0.25437617,0.28783798,0.14570142,0.19321848,0.12614188,2.1804032,0.051946394,0.07602025,0.4024289,0.03624978,0.044925936,0.030014247,0.76748943,0.17994149,0.44787565,0.06672001,0.19437674,0.2908355,0.08879317,0.026372919,0.069044106,0.0064142873,0.0969888,0.17809573,0.54017603,0.94963384,0.36156422,0.16369234,0.0004410773,0.50963724,0.342681,0.04870162,0.4242332,0.8058649,1.6520239,1.307279,1.6421974,0.0030026133,0.03440606,0.6425388,1.6014802,0.48820627,0.8977166,0.87952346,0.21017075,0.35856444,0.0953359,0.24275929,0.6223506,1.6598153,0.018161109,0.23313966,0.9942626,0.02326199,0.8236331,0.41716254,0.6269114,1.0033517,1.0020661,0.5375313,0.31502616,1.1254754,0.33554178,0.026343403,0.15695877,0.11215748,0.23319066,0.09506899,0.0,0.051159125,0.0022138844,1.1010425,0.5228416,0.053025085,1.10901,0.04449106,0.5037827,0.49976078,0.4671874,1.2749789,0.3434313,0.025954477,0.35092366,0.6871236,1.0259415,0.19509074,0.6755041,0.5399478,0.5122874,1.7706885,0.105497815,0.7589864,0.02810371,0.30243793,0.68240523,0.9728565,0.2632691,0.029977996,0.006503911,0.6144043,0.15198201,0.15849294,0.8695477,0.263002,0.47028434,0.12332296,0.20265141,0.24523604,0.4889584,0.44803905,0.6213546,0.027814457,0.24415395,0.22374618,0.1414124,0.05632758,0.26385164,0.36569455,0.2853275,1.0382323,0.5955198,1.3222141,0.76495993,0.013540693,1.1343178,0.7507272,0.32693118,0.6783748,0.80941594,1.0917085,1.2387207,0.15304534,0.1323007,0.04081297,0.10499524,0.1935349,0.31738156,0.015526765,0.108392686,0.16552621,0.02555099,1.0139861,0.23699448,0.4861896,0.2564304,0.5254314,1.357362,1.0120727,0.053892218,0.59273446,0.2540264,1.2194829,0.17103839,0.93579423,0.36643654,0.08693001,0.06941578,0.27458847,1.3881831,0.026120093,0.2035654,0.6046851,0.21503775,0.28368506,0.514685,2.3994505,0.2533907,0.39638233,0.21414444,1.267645,0.18408696,1.3106278,0.028806506,0.033918787,0.23413569,0.16032001,0.13039567,0.27231687,1.7473936,0.4495673,0.03730565,0.77173185,0.31830025,0.031001275,0.50136733,0.59479856,0.37157238,0.7337408,0.74951315,1.5503142,0.10595732,0.17966163,0.016059902,0.0026216533,0.43703008,0.20102595,0.39217025,0.10412903,0.65562993,0.0,0.32745445,0.27561918,0.18656507,0.30908045,0.0058767134,1.4007771,0.17231315,0.05977889,0.034646858,0.79707086,0.27102986,0.31036776,0.09185485,0.00014273889,0.027168607,1.3562233,0.5148121,0.075104415,0.16547501,0.22778413,0.0,0.41935822,0.042217046,0.48816955,0.35857546,0.12525348,0.16113925,0.20853433,0.8017543,0.008539627,1.788811,0.41157398,0.050217886,0.7218335,0.90120924,0.0,0.3744714,0.007227026,0.46662632,0.48760328,1.440428,0.035358146,0.09664476,0.009933624,1.0165836,0.006541516,1.7155383,0.26788375,0.8101456,0.7853393,0.22671211,0.45756507,0.02282535,0.1045714,0.1330171,0.57951003,0.2657687,0.0017947068,0.14642407,0.3278097,0.01988765,0.043788105,0.34728146,0.32549304,0.9412474,0.10424763,0.0131857,0.1440525,0.34985694,0.48273072,0.07012906,0.35380518,0.18647169,0.10468205,0.065632865,0.5836475,1.1865184,1.8668048,0.07623153,0.093921825,0.36049688,0.31665683,0.35518062,0.15344611,0.38575622,1.0262338,0.11559498,0.14491597,0.30878517,0.000650023,0.10663141,0.99112874,0.3071199,0.12973863,0.28787172,0.9631939,1.7300634,0.1731101,0.5215228,0.33500552,0.01433311,0.48968098,1.2382864,0.4013447,0.23580334,0.2807637,0.15773034,2.3412654,0.28836244,0.80407465,1.0916114,0.17513429,2.2103567,0.60166484,0.06624735,0.30583894,0.5148417,0.028400905,0.108899064,0.042158004,1.2362521,0.15570372,0.60585564,0.15989858,0.008149445,0.72818947,0.18165836,0.16066584,0.254929,0.5459976,0.59714496,0.7881871,0.017898032,0.020407693,0.88168204,1.3362365,0.28522205,1.0580143,0.111233115,1.4378146,1.2517054,0.4029954,0.23963448,0.06951145,0.21070352,0.002151628,1.2386277,0.3153373,1.3314407,0.27247941,0.017748713,2.4758258,0.105968356,0.050614603,0.42400467,1.0830543,0.028093047,0.4460221,0.78553784,1.8495084,0.83239114,0.33029768,1.0359604,0.84540606,0.49524572,0.0,0.15985882,0.6703049,0.29103565,2.5223649,0.0,0.63806826,0.17494512,0.06631401,0.2348824,0.37638074,0.76928854,0.9439566,0.09343618,0.59943974,0.6023805,1.4180814,0.056191407,0.5637208,0.047370803,0.7121775,0.039753042,0.0015058751,0.01049089,0.020597927,0.18436772,0.13656302,0.15962312,0.21985275,0.38077787,0.22497585,0.31019992,0.27980798,2.142328,1.363506,0.16055383,0.020734299,0.04893367,0.25277254,0.1969625,0.600016,0.97463655,0.6486896,0.93289065,0.058816828,0.45854306,0.29259467,1.3315567,0.21937312,0.075167954,0.057723936,0.30142602,0.05705764,0.058149092,1.1988075,0.24906991,0.32174888,0.043701,0.25204208,1.0654783,0.26709107,0.3497064,0.7091468,0.16367012,0.5729068,0.85800177,0.9359227,0.2444647,0.2743399,1.0213156,0.9380597,0.27713948,0.13522375,0.20452973,0.2054849,0.30262768,0.12867609,0.74787307,0.3081833,0.8877624,0.9934155,0.7035214,0.8762772,0.0,0.20672578,0.016231392,0.0020100065,1.3699185,0.0,0.30053243,0.59756,0.81635106,0.0,0.13739765,2.041003,0.049371213,0.800381,0.09795675,0.107075885,1.8331232,1.1055763,0.8667771,0.18646115,0.002419461,0.6830715,0.059936963,0.2209219,0.48796758,0.4394639,0.8110973,0.21714416,0.46082717,0.3508473,0.0,0.040059097,0.39402974,0.4834572,0.3708158,0.28399962,0.5014015,0.2574157,0.17292134,0.17450687,0.15075986,0.66008425,0.7671708,0.49532527,1.4350626,0.06542291,0.43169,1.0301445,0.548862,0.39326525,0.06711769,0.9150309,0.32532695,0.7059765,0.19009477,0.2344873,0.56339514,0.08698195,0.11322941,0.09082627,0.40934116,0.02703972,0.41727263,0.40363634,0.0064779012,0.4628279,0.08140639,0.6504099,0.75426483,0.43388668,0.032075647,0.071630485,0.030432723,0.5304022,0.13510004,0.06718414,0.5195432,0.40050006,0.99712807,0.79146874,2.0332425,0.4308101,0.04654503,1.1548496,1.7360556,0.04442597,1.2943954,0.05733467,0.76357853,0.043629926,0.0809282,0.5018877,0.1720557,0.19282064,1.0633994,0.32939377,0.21969047,0.2425794,0.3385629,1.4231524,0.367886,1.6081791,0.0,0.60192525,0.28639,1.0591359,0.39210433,0.01063973,0.8651213,2.0965362,0.5895543,0.11090053,0.6636719,0.14718994,0.30261528,0.9161222,1.3539186,0.73029625,0.22091454,0.5780544,0.56324136,0.25334346,0.33304098,0.3494218,0.09669802,0.2036504,0.17470123,1.2337399,1.6915722,0.0978157,0.6977158,0.5597621,0.24694158,0.08249556,0.24349341,0.54595935,0.10502119,0.613351,0.8047569,0.022302555,0.380847,0.44036385,0.91383183,0.29995453,1.1951249,0.3333778,1.109771,0.047462117,0.458425,0.32993633,0.12916133,2.0335546,0.31347397,0.44637874,0.0,0.17131674,0.15608026,0.80661136,0.44091803,0.25657415,1.4898126,0.50775576,0.53604996,0.46746284,0.76613736,0.07905101,0.07999167,0.5950375,0.19232677,0.1987088,0.18742892,0.72358555,0.22483243,2.7644992,0.25459895,0.54542905,1.410445,0.80606544,0.059341334,1.1561993,0.0,1.6253897,1.0810001,0.18211627,1.5444448,0.92699444,0.34340143,0.60297334,0.44501618,0.03548889,0.30292204,0.43505737,0.16304278,1.0625942,0.0409296,0.50871414,1.5338979,0.7674273,1.4423499,1.6127632,0.039834052,0.75100756,0.92817545,0.12126897,0.0026956128,0.60293144,0.41833445,0.3940183,0.5983582,0.19452766,0.0,0.30904394,0.40175965,0.5593338,0.006439757,0.2244111,0.8565968,0.7751421,0.16921452,0.65208757,0.0795774,1.3260376,0.34134895,0.4254898,0.68552005,0.45277578,0.99882233,1.1673054,0.15168162,0.59148186,0.41420767,0.26690096,0.6692042,0.67435277,1.0217031,0.037652582,0.17247325,0.29801202,0.25155237,0.67674005,0.5826658,0.3542651,0.023219196,0.7180284,0.35960835,0.6364361,1.4485494,0.21848738,0.92941177,0.79647034,0.029384268,1.0529001,0.48576018,0.4665541,0.5827438,0.0,0.27471465,0.34551835,1.2777609,1.3940089,0.2554513,0.20087065,0.13974513,0.49122608,0.8381163,2.4243476,0.7309855,0.20252174,0.23913066,0.05273383,0.50638026,0.7170627,0.48151654,0.058723215,0.15027547,0.44134527,0.4588111,0.6316267,0.7469577,0.41573113,0.36201623,0.5247729,0.28285977,0.9618303,0.4566126,0.25470507,0.29587653,1.1202571,0.76753426,0.17375745,0.861584,1.195806,0.26157096,0.43691558,0.81496316,0.1172829,1.1046768,0.44232833,0.48026928,0.26190367,0.08651083,0.14196646,0.29477572,0.88476455,0.6974755,0.32966483
